id,system,question,rag_answer,gt_reference_answer,gt_answer,prompt_tokens,completion_tokens,total_tokens,retrieve_time,llm_time,total_elapsed,hit_rate,multi_hit_rate,recall,mrr,rouge1_recall,rougeL_recall,bertscore_recall
0,sparse_rag,การเเสดงเจตนาตัดมิให้รับมรดกจะถอนได้หรือไม่,การแสดงเจตนาตัดมิให้รับมรดกสามารถถอนเสียได้ ตามมาตรา 1609 แห่งประมวลกฎหมายแพ่งและพาณิชย์ แต่ต้องทำตามรูปแบบที่กฎหมายกำหนด เช่น ถ้าตัดมิให้รับมรดกด้วยพินัยกรรม ต้องถอนโดยพินัยกรรมเท่านั้น ถ้าตัดมิให้รับมรดกด้วยหนังสือมอบไว้แก่พนักงานเจ้าหน้าที่ สามารถถอนได้ตามรูปแบบที่บัญญัติไว้ในมาตรา 1608 (1) หรือ (2),ได้,ได้   ประมวลกฎหมายแพ่งและพาณิชย์ มาตรา 1609 การแสดงเจตนาตัดมิให้รับมรดกนั้นจะถอนเสียก็ได้ ถ้าการตัดมิให้รับมรดกนั้นได้ทำโดยพินัยกรรม จะถอนเสียได้ก็แต่โดยพินัยกรรมเท่านั้น แต่ถ้าการตัดมิให้รับมรดกได้ทำเป็นหนังสือมอบไว้แก่พนักงานเจ้าหน้าที่ การถอนจะทำตามแบบใดแบบหนึ่งดังบัญญัติไว้ในมาตรา 1608 (1) หรือ (2) ก็ได้,1053,173,1226,0.07545020000543445,4.065222000004724,4.140672200010158,1,1,1.0,1.0,0.0,0.0,0.9684971570968628
1,sparse_rag,การแปรสภาพห้างหุ้นส่วนจำกัดเป็นบริษัทจำกัด ต้องส่งมอบกิจการให้คณะกรรมการบริษัทภายในกี่วัน,การแปรสภาพห้างหุ้นส่วนจำกัดเป็นบริษัทจำกัด ต้องดำเนินการขอจดทะเบียนต่อนายทะเบียนภายในสิบสี่วันนับแต่วันที่ได้ดำเนินการตามมาตรา 1246/3 ครบถ้วนแล้ว ตามประมวลกฎหมายแพ่งและพาณิชย์ มาตรา 1246/4,ภายใน 14 วันนับแต่วันที่ผู้เป็นหุ้นส่วนได้ให้ความยินยอมและดำเนินการในเรื่องต่าง ๆ ตามมาตรา 1246/2 เสร็จสิ้นแล้ว,หุ้นส่วนผู้จัดการต้องส่งมอบกิจการ ทรัพย์สิน บัญชีเอกสารและหลักฐานต่างๆภายใน 14 วันนับแต่วันที่ผู้เป็นหุ้นส่วนได้ให้ความยินยอมและดำเนินการในเรื่องต่าง ๆ ตามมาตรา 1246/2 เสร็จสิ้นแล้ว  ประมวลกฎหมายแพ่งและพาณิชย์ มาตรา 1246/3 หุ้นส่วนผู้จัดการเดิมต้องส่งมอบกิจการ ทรัพย์สิน บัญชีเอกสารและหลักฐานต่าง ๆ ของห้างหุ้นส่วนให้แก่คณะกรรมการบริษัท ภายใน 14 วันนับแต่วันที่ผู้เป็นหุ้นส่วนได้ให้ความยินยอมและดำเนินการในเรื่องต่าง ๆ ตามมาตรา 1246/2 เสร็จสิ้นแล้ว ในกรณีที่ผู้เป็นหุ้นส่วนยังไม่ได้ชำระเงินค่าหุ้นหรือชำระเงินค่าหุ้นไม่ครบร้อยละ 25 ของมูลค่าหุ้น หรือยังไม่ได้โอนกรรมสิทธิ์ทรัพย์สิน หรือทำเอกสารหลักฐานการใช้สิทธิต่าง ๆ ให้แก่คณะกรรมการ  => ให้คณะกรรมการบริษัทมีหนังสือแจ้งให้ผู้เป็นหุ้นส่วนชำระเงินค่าหุ้น โอนกรรมสิทธิ์หรือทำเอกสารหลักฐานการใช้สิทธิต่าง ๆ ให้แก่คณะกรรมการภายใน 30 วันนับแต่วันที่ได้รับหนังสือแจ้ง,1356,102,1458,0.10133150004548952,2.8077421999769285,2.909073700022418,0,0,0.0,0.0,0.3333333333333333,0.3333333333333333,0.7570456266403198
2,sparse_rag,ซื้อหวยใต้ดิน แล้วเขาไม่จ่าย ฟ้องได้ไหม,ไม่สามารถฟ้องร้องได้ เนื่องจากการซื้อขายสลากกินแบ่งรัฐบาลหรือหวยใต้ดินถือเป็นสัญญาที่ผิดกฎหมายตามประมวลกฎหมายแพ่งและพาณิชย์ มาตรา 198 วรรคสอง ซึ่งระบุว่า “สัญญาที่ขัดต่อความสงบเรียบร้อยหรือศีลธรรมอันดีอันเป็นที่ยอมรับโดยทั่วไป ย่อมเป็นโมฆะ” และการซื้อหวยใต้ดินจัดอยู่ในประเภทนี้ จึงไม่สามารถนำมาฟ้องร้องเพื่อขอค่าเสียหายได้,ไม่ได้ เพราะมีแค่เพียง สลากกินแบ่งของรัฐบาลเท่านั้น ที่มีผลบังคับได้ตามกฎหมาย นอกจากนั้นจะผิดกฎหมาย เป็นการพนัน ฟ้องร้องบังคับให้ใช้เงินไม่ได้ ตามมาตรา มาตรา 854 ประมวลกฎหมายแพ่งและพาณิชย์,ไม่ได้ เพราะมีแค่เพียง สลากกินแบ่งของรัฐบาลเท่านั้น ที่มีผลบังคับได้ตามกฎหมาย นอกจากนั้นจะผิดกฎหมาย เป็นการพนัน ฟ้องร้องบังคับให้ใช้เงินไม่ได้ ตามมาตรา มาตรา 854 ประมวลกฎหมายแพ่งและพาณิชย์,849,174,1023,0.22472260001813993,3.062510499963537,3.287233099981677,0,0,0.0,0.0,0.0,0.0,0.8711501955986023
3,sparse_rag,พ่อแม่โดยกำเนิดกลับมามีอำนาจปกครองเมื่อไร,พ่อแม่โดยกำเนิดกลับมีอำนาจปกครองเมื่อบุตรบุญธรรมยังไม่บรรลุนิติภาวะ และเกิดกรณีผู้รับบุตรบุญธรรมตาย หรือมีการเลิกการรับบุตรบุญธรรม นับแต่เวลาที่ผู้รับบุตรบุญธรรมตาย หรือนับแต่เวลาที่จดทะเบียนเลิกการรับบุตรบุญธรรมตามมาตรา 1598/31 หรือนับแต่เวลาที่ศาลมีคำพิพากษาถึงที่สุดให้เลิกการรับบุตรบุญธรรม ตามประมวลกฎหมายแพ่งและพาณิชย์ มาตรา 1598/37.,นับแต่เวลาที่ผู้รับบุตรบุญธรรมตาย หรือนับแต่เวลาที่จดทะเบียนเลิกการรับบุตรบุญธรรมหรือนับแต่เวลาที่ศาลมีคำพิพากษาถึงที่สุดให้เลิกการรับบุตรบุญธรรม เว้นแต่ศาลเห็นสมควรสั่งเป็นอย่างอื่น,"นับแต่เวลาที่ผู้รับบุตรบุญธรรมตาย หรือนับแต่เวลาที่จดทะเบียนเลิกการรับบุตรบุญธรรมหรือนับแต่เวลาที่ศาลมีคำพิพากษาถึงที่สุดให้เลิกการรับบุตรบุญธรรม เว้นแต่ศาลเห็นสมควรสั่งเป็นอย่างอื่น

คำอธิบายขยายความเพิ่มเติมตามประมวลกฎหมายแพ่งและพาณิชย์ มาตรา 1598/37 เมื่อผู้รับบุตรบุญธรรมตายหรือมีการเลิกรับบุตรบุญธรรม ถ้าบุตรบุญธรรมยังไม่บรรลุนิติภาวะ ให้บิดามารดาโดยกำเนิดกลับมีอำนาจปกครองนับแต่เวลาที่ผู้รับบุตรบุญธรรมตาย หรือนับแต่เวลาที่จดทะเบียนเลิกการรับบุตรบุญธรรมตามมาตรา 1598/31 หรือนับแต่เวลาที่ศาลมีคำพิพากษาถึงที่สุดให้เลิกการรับบุตรบุญธรรม เว้นแต่ศาลเห็นสมควรสั่งเป็นประการอื่น",1302,190,1492,0.16029259999049827,4.125468400015961,4.28576100000646,1,0,0.5,1.0,0.0,0.0,0.9456822276115417
4,sparse_rag,ระยะเวลาในการฟ้องคดีมรดกมีหลักเกณฑ์อย่างไร,"ตามประมวลกฎหมายแพ่งและพาณิชย์ มาตรา 1754 กำหนดระยะเวลาในการฟ้องคดีมรดกไว้ดังนี้  
- ห้ามมิให้ฟ้องคดีมรดกเมื่อพ้นกำหนดหนึ่งปี นับแต่วันที่เจ้ามรดกตาย หรือนับแต่วันที่ทายาทโดยธรรมได้รู้ หรือควรได้รู้ถึงความตายของเจ้ามรดก  
- สำหรับคดีฟ้องเรียกตามข้อกำหนดพินัยกรรม ห้ามมิให้ฟ้องเมื่อพ้นกำหนดหนึ่งปี นับแต่วันที่ผู้รับพินัยกรรมได้รู้หรือควรได้รู้ถึงสิทธิของตน  
- อย่างไรก็ตาม สิทธิเรียกร้องตามที่กล่าวมา ห้ามมิให้ฟ้องร้องเมื่อพ้นกำหนดสิบปี นับแต่วันที่เจ้ามรดกตาย",ห้ามมิให้ฟ้องคดีมรดกเมื่อพ้นกำหนดหนึ่งปี นับแต่เมื่อเจ้ามรดกตาย หรือนับแต่เมื่อทายาทโดยธรรมได้รู้ หรือควรได้รู้ถึงความตายของเจ้ามรดก,ห้ามมิให้ฟ้องคดีมรดกเมื่อพ้นกำหนดหนึ่งปี นับแต่เมื่อเจ้ามรดกตาย หรือนับแต่เมื่อทายาทโดยธรรมได้รู้ หรือควรได้รู้ถึงความตายของเจ้ามรดก ตามประมวลกฎหมายแพ่งและพาณิชย์ มาตรา 1754 ห้ามมิให้ฟ้องคดีมรดกเมื่อพ้นกำหนดหนึ่งปี นับแต่เมื่อเจ้ามรดกตาย หรือนับแต่เมื่อทายาทโดยธรรมได้รู้ หรือควรได้รู้ถึงความตายของเจ้ามรดก ส่วนคดีฟ้องเรียกตามข้อกำหนดพินัยกรรม มิให้ฟ้องเมื่อพ้นกำหนดหนึ่งปีนับแต่เมื่อผู้รับพินัยกรรมได้รู้หรือควรได้รู้ถึงสิทธิซึ่งตนมีอยู่ตามพินัยกรรม,1392,264,1656,0.16406380000989884,5.068228599964641,5.23229239997454,1,0,0.5,0.5,0.0,0.0,0.9661077260971069
5,sparse_rag,หากมีเหตุสุดวิสัยมาขัดขวางไม่ให้เจ้าหนี้ฟ้องคดีให้ลูกหนี้ชำระหนี้ก่อนที่อายุความจะครบกำหนด ให้อายุความนั้นมีผลเป็นอย่างไร,ตามประมวลกฎหมายแพ่งและพาณิชย์ มาตรา 193/19 หากมีเหตุสุดวิสัยมาขัดขวางไม่ให้เจ้าหนี้กระทำตามมาตรา 193/14 ให้อายุความยังไม่ครบกำหนดจนกว่าจะพ้น 30 วัน นับแต่วันที่เหตุสุดวิสัยสิ้นสุดลง,ให้ถือว่าอายุความยังไม่ครบกำหนดจนกว่าจะพ้น 30 วัน นับแต่วันที่เหตุสุดวิสัยได้สิ้นสุดลง,ให้ถือว่าอายุความยังไม่ครบกำหนดจนกว่าจะพ้น 30 วัน นับแต่วันที่เหตุสุดวิสัยได้สิ้นสุดลง เนื่องจากการที่เจ้าหนี้ฟ้องคดีนั้นจะทำให้อายุความหยุดนับต่อไป   ตามประมวลกฎหมายแพ่งและพาณิชย์ มาตรา 193/19 ก่อนอายุความจะครบกำหนด หากมีเหตุสุดวิสัยมาขัดขวางไม่ให้เจ้าหนี้กระทำการที่จะทำให้อายุความสะดุดหยุดลง ให้ถือว่าอายุความนั้นยังไม่ครบกำหนดจนกว่าจะพ้น 30 วัน นับแต่วันที่เหตุสุดวิสัยนั้นได้สิ้นสุดไป,1173,108,1281,0.19507670000893995,2.4775959000107832,2.672672600019723,1,0,0.5,1.0,1.0,1.0,0.9321362972259521
6,sparse_rag,ถูกตั้งให้เป็นตัวแทนแต่ผู้ตั้งตัวแทนไม่อยู่และสัญญาหมดลงแต่ต้องจัดการทรัพย์สินให้อยู่ในสภาพดีจะสามารถทำได้ไหม,ได้ ตามมาตรา 49 แห่งประมวลกฎหมายแพ่งและพาณิชย์ แม้สัญญาตัวแทนจะระงับสิ้นไปหรือผู้ตั้งตัวแทนไม่อยู่ แต่หากปรากฏว่าตัวแทนผู้รับมอบอำนาจทั่วไปได้จัดการทรัพย์สินในลักษณะที่อาจเสียหายแก่ผู้ไม่อยู่ ก็ยังสามารถดำเนินการจัดการทรัพย์สินให้อยู่ในสภาพดีได้ โดยให้นำมาตรา 48 มาใช้บังคับโดยอนุโลม,ศาลจะสั่งให้ทำการอย่างใดอย่างหนึ่งไปพลางเพื่อจัดการทรัพย์สินผู้ไม่อยู่นั้นก็ได้,"ในกรณีที่ผู้ไม่อยู่ได้ตั้งตัวแทนผู้รับมอบอำนาจทั่วไปไว้ และสัญญาตัวแทนระงับสิ้นไป หรือปรากฏว่าตัวแทนผู้รับมอบอำนาจทั่วไปได้จัดการทรัพย์สินนั้นในลักษณะที่อาจเสียหายแก่บุคคลดังกล่าว ศาลจะสั่งให้ทำการอย่างใดอย่างหนึ่งไปพลางเพื่อจัดการทรัพย์สินผู้ไม่อยู่นั้นก็ได้   

ประมวลกฎหมายแพ่งและพาณิชย์ มาตรา 49 ในกรณีที่ผู้ไม่อยู่ได้ตั้งตัวแทนผู้รับมอบอำนาจทั่วไปไว้ และสัญญาตัวแทนระงับสิ้นไป หรือปรากฏว่าตัวแทนผู้รับมอบอำนาจทั่วไปได้จัดการทรัพย์สินนั้นในลักษณะที่อาจเสียหายแก่บุคคลดังกล่าว ให้นำมาตรา 48 มาใช้บังคับโดยอนุโลม",1088,155,1243,0.14651589997811243,3.3847405000124127,3.531256399990525,1,0,0.5,1.0,0.0,0.0,0.9275559186935425
7,sparse_rag,การที่นายทะเบียนขีดชื่อบริษัทจำกัด ออกจากทะเบียน จะมีผลเป็นอย่างไร,เมื่อนายทะเบียนขีดชื่อบริษัทจำกัดออกจากทะเบียน บริษัทนั้นจะสิ้นสุดสถานะเป็นนิติบุคคลตามกฎหมาย และไม่สามารถดำเนินกิจการต่อไปได้ภายใต้ชื่อนั้นอีกต่อไป ตามมาตรา 1273/1 แห่งประมวลกฎหมายแพ่งและพาณิชย์ ซึ่งกำหนดให้หากบริษัทไม่ได้ทำการค้าขายหรือประกอบการงานแล้ว และไม่ตอบสนองต่อการสอบถามจากนายทะเบียนภายในกำหนดเวลา อาจถูกขีดชื่อออกจากทะเบียนได้,บริษัทจำกัดนั้น สิ้นสภาพนิติบุคลตั้งแต่เมื่อนายทะเบียนขีดชื่อบริษัทดังกล่าวออกจากทะเบียน,บริษัทจำกัดนั้น สิ้นสภาพนิติบุคลตั้งแต่เมื่อนายทะเบียนขีดชื่อบริษัทดังกล่าวออกจากทะเบียน   มาตรา 1273/3 แห่งประมวลกฎหมายแพ่งและพาณิชย์ เมื่อสิ้นกำหนดเวลาตามที่แจ้งในหนังสือบอกกล่าวตามมาตรา 1273/1 หรือมาตรา 1273/2 แล้ว และห้างหุ้นส่วนหรือบริษัท หรือผู้ชำระบัญชีมิได้แสดงเหตุให้เห็นเป็นอย่างอื่น นายทะเบียนจะขีดชื่อห้างหุ้นส่วนหรือบริษัทนั้นออกเสียจากทะเบียนก็ได้ ในการนี้ ให้ห้างหุ้นส่วนหรือบริษัทนั้นสิ้นสภาพนิติบุคคลตั้งแต่เมื่อนายทะเบียนขีดชื่อห้างหุ้นส่วนหรือบริษัทออกเสียจากทะเบียน แต่ความรับผิดของหุ้นส่วนผู้จัดการ ผู้เป็นหุ้นส่วน กรรมการ ผู้จัดการ และผู้ถือหุ้นมีอยู่เท่าไรก็ให้คงมีอยู่อย่างนั้นและพึงเรียกบังคับได้เสมือนห้างหุ้นส่วนหรือบริษัทนั้นยังมิได้สิ้นสภาพนิติบุคคล,1470,173,1643,0.1652664999710396,3.2932130999979563,3.458479599968996,1,0,0.3333333333333333,0.0,0.0,0.0,0.8745800256729126
8,sparse_rag,ฟ้องหย่ากรณีโดนสามีทำร้ายร่างกายต้องใช้สิทธิภายในเมื่อไหร่,ตามประมวลกฎหมายแพ่งและพาณิชย์ มาตรา 1516 (ข) บัญญัติว่า สามีหรือภริยาทำร้าย หรือทรมานร่างกายหรือจิตใจ หรือหมิ่นประมาทหรือเหยียดหยามอีกฝ่ายหนึ่งหรือบุพการีของอีกฝ่ายหนึ่ง ทั้งนี้ ถ้าเป็นการร้ายแรง อีกฝ่ายหนึ่งนั้นฟ้องหย่าได้ ซึ่งหมายความว่า ผู้ถูกทำร้ายสามารถฟ้องหย่าได้ทันทีที่เกิดเหตุการณ์ร้ายแรงดังกล่าว โดยไม่จำเป็นต้องรอระยะเวลาใด ๆ เพิ่มเติม,ต้องใช้สิทธิภายในกำหนด 1 ปีนับแต่วันผู้คนอ้างรู้ หรือควรรู้ความจริงซึ่งตนอาจยกขึ้นอ้าง,กรณีนี้เป็นการใช้สิทธิฟ้องตามเหตุในมาตรา 1516(3) โดยต้องใช้สิทธิภายในกำหนด 1 ปีนับแต่วันผู้คนอ้างรู้ หรือควรรู้ความจริงซึ่งตนอาจยกขึ้นอ้าง คำอธิบายขยายความ : ประมวลกฎหมายแพ่งและพาณิชย์ มาตรา 1529 สิทธิฟ้องร้องโดยอาศัยเหตุในมาตรา 1516 (1) (2) (3) หรือ (6) หรือมาตรา 1523 ย่อมระงับไปเมื่อพ้นกำหนด 1 ปีนับแต่วันผู้กล่าวอ้างรู้หรือควรรู้ความจริงซึ่งตนอาจยกขึ้นกล่าวอ้าง ทั้งนี้ หากยกเหตุขึ้นฟ้องหย่าไม่ได้แล้ว อาจจะนำสืบสนับสนุนคดีฟ้องหย่าซึ่งอาศัยเหตุอย่างอื่น,2207,202,2409,0.1641131999786012,4.35081380000338,4.514926999981981,1,0,0.3333333333333333,0.0,0.0,0.0,0.8014289140701294
9,sparse_rag,ผู้ค้ำประกันตกลงรับผิดในฐานะลูกหนี้ร่วมได้หรือไม่,ผู้ค้ำประกันไม่สามารถตกลงรับผิดในฐานะลูกหนี้ร่วมได้ เว้นแต่เป็นนิติบุคคลที่ยินยอมเข้าผูกพันตนเพื่อรับผิดอย่างลูกหนี้ร่วม ตามมาตรา 681/1 แห่งประมวลกฎหมายแพ่งและพาณิชย์,ผู้ค้ำประกันไม่สามารถรับผิดอย่างลูกหนี้ร่วมได้ หากกำหนดในข้อตกลงไว้ ให้ตกเป็นโมฆะ เว้นแต่เป็นผู้ค้ำประกันที่เป็นนิติบุคคล,ผู้ค้ำประกันไม่สามารถรับผิดอย่างลูกหนี้ร่วมได้ หากกำหนดในข้อตกลงไว้ ให้ตกเป็นโมฆะ เว้นแต่เป็นผู้ค้ำประกันที่เป็นนิติบุคคล  ประมวลกฎหมายแพ่งและพาณิชย์ มาตรา 681/1 ข้อตกลงใดที่กำหนดให้ผู้ค้ำประกันต้องรับผิดอย่างเดียวกับลูกหนี้ร่วมหรือในฐานะเป็นลูกหนี้ร่วม ข้อตกลงนั้นเป็นโมฆะ ยกเว้นในกรณีผู้ค้ำประกันซึ่งเป็นนิติบุคคลและยินยอมเข้าผูกพันตนเพื่อรับผิดอย่างลูกหนี้ร่วมหรือในฐานะเป็นลูกหนี้ร่วม แต่ผู้ค้ำประกันซึ่งเป็นนิติบุคคลนั้นจะไม่มีสิทธิตามมาตรา 688 มาตรา 689 และมาตรา 690,1069,93,1162,0.15869309997651726,2.2744578000274487,2.433150900003966,1,0,0.25,1.0,0.0,0.0,0.9118763208389282
10,sparse_rag,การบอกล้างโมฆียะกรรมมีข้อยกเว้นหรือไม่,การบอกล้างโมฆียะกรรมมีข้อยกเว้นในกรณีที่พ้นกำหนดเวลาหนึ่งปีนับแต่วันบอกล้าง ตามมาตรา 176 แห่งประมวลกฎหมายแพ่งและพาณิชย์ ห้ามมิให้ใช้สิทธิเรียกร้องอันเกิดแต่การกลับคืนสู่ฐานะเดิมเมื่อพ้นกำหนดดังกล่าว,มี คือ ไม่สามารถยกเป็นข้อต่อสู้ต่อบุคคลภายนอกผู้กระทำการโดยสุจริตได้,มี คือ ไม่สามารถยกเป็นข้อต่อสู้ต่อบุคคลภายนอกผู้กระทำการโดยสุจริตได้,1011,109,1120,0.1400870000361465,2.4696429999894463,2.6097300000255927,0,0,0.0,0.0,0.0,0.0,0.7136865854263306
11,sparse_rag,การส่งคืนทรัพย์สินแก่บุคคลผู้มีสิทธิเอาคืน ตามประมวลกฎหมายแพ่งและพาณิชย์ต้องดำเนินการอย่างไร,การส่งคืนทรัพย์สินแก่บุคคลผู้มีสิทธิเอาคืน ต้องดำเนินการตามบทบัญญัติมาตรา 412 ถึง 418 แห่งประมวลกฎหมายแพ่งและพาณิชย์ โดยใช้บังคับโดยอนุโลม ตามมาตรา 1376 แห่งประมวลกฎหมายแพ่งและพาณิชย์.,ต้องนำบทบัญญัติว่าด้วยลาภมิควรได้มาใช้โดยอนุโลม,ต้องนำบทบัญญัติว่าด้วลาภมิควรได้มาใช้โดยอนุโลม  คำอธิบายเพิ่มเติม : ตามมาตรา 1376 ถ้าจะต้องส่งทรัพย์สินคืนแก่บุคคลผู้มีสิทธิเอาคืนไซร้ ท่านให้นำบทบัญญัติมาตรา 412 ถึง 418 แห่งประมวลกฎหมายนี้ว่าด้วยลาภมิควรได้มาใช้บังคับโดยอนุโลม,842,109,951,0.1391367000178434,2.090296199952718,2.2294328999705613,1,0,0.125,1.0,0.0,0.0,0.9061748385429382
12,sparse_rag,ในคดีหย่า หากเหตุแห่งการหย่าเป็นความผิดของคู่สมรสฝ่ายใดฝ่ายหนึ่งแต่เพียงฝ่ายเดียวและการหย่านั้นทำให้อีกฝ่ายหนึ่งยากจนลง อีกฝ่ายหนึ่งสามารถเรียกร้องอะไรได้บ้าง,"ตามประมวลกฎหมายแพ่งและพาณิชย์ มาตรา 1526 คู่สมรสฝ่ายที่ไม่ได้เป็นผู้กระทำผิดสามารถเรียกร้องให้คู่สมรสอีกฝ่ายที่ต้องรับผิดจ่ายค่าเลี้ยงชีพได้ โดยศาลจะพิจารณาให้ค่าเลี้ยงชีพจำนวนเท่าใดหรือไม่ให้ก็ได้ ขึ้นอยู่กับความสามารถของผู้ให้ ฐานะของผู้รับ และให้นำมาตรา 1598/39, 1598/40 และ 1598/41 มาใช้บังคับโดยอนุโลม",อีกฝ่ายหนึ่งสามารถเรียกร้องให้ฝ่ายที่ต้องรับผิดจ่ายค่าเลี้ยงชีพให้ได้,อีกฝ่ายหนึ่งสามารถเรียกร้องให้ฝ่ายที่ต้องรับผิดจ่ายค่าเลี้ยงชีพให้ได้ ค่าเลี้ยงชีพนี้ศาลอาจให้เพียงใดหรือไม่ให้ก็ได้ โดยคำนึงถึงความสามารถของผู้ให้และฐานะของผู้รับและให้นำบทบัญญัติมาตรา 1598/39 มาตรา 1598/40 และมาตรา 1598/41 มาใช้บังคับโดยอนุโลม ตามประมวลกฎหมายแพ่งและพาณิชย์ มาตรา 1526,1178,179,1357,0.15110729995649308,4.710512600024231,4.861619899980724,1,0,0.25,1.0,0.0,0.0,0.9480280876159668
13,sparse_rag,ผู้ใดปลูกข้าวหรือธัญชาติในที่ดินของผู้อื่น เจ้าของที่ดินต้องยอมให้บุคคลผู้กระทำการโดยสุจริตทำอะไรได้,ตามประมวลกฎหมายแพ่งและพาณิชย์ มาตรา 1314 เจ้าของที่ดินต้องยอมให้บุคคลผู้กระทำการโดยสุจริต หรือผู้เป็นเจ้าของที่ดินโดยมีเงื่อนไขซึ่งได้เพาะปลูกลงไว้นั้น คงครองที่ดินจนกว่าจะเสร็จการเก็บเกี่ยว โดยใช้ค่าเช่าที่ดินตามเกณฑ์ หรืออาจเข้าครอบครองในทันทีโดยจ่ายค่าทดแทนให้แก่อีกฝ่ายหนึ่งก็ได้,เจ้าของที่ดินต้องยอมให้บุคคลที่ปลูกข้าวหรือธัญชาติอย่างอื่นอันจะเก็บเกี่ยวรวงผลได้คราวหนึ่งหรือหลายคราวต่อปี ครองที่ดินจนกว่าจะเสร็จการเก็บเกี่ยวโดยให้บุคคลนั้นใช้เงินคำนวณตามเกณฑ์ค่าเช่าที่ดินแก่เจ้าของที่ดิน.,เจ้าของที่ดินต้องยอมให้บุคคลที่ปลูกข้าวหรือธัญชาติอย่างอื่นอันจะเก็บเกี่ยวรวงผลได้คราวหนึ่งหรือหลายคราวต่อปี ครองที่ดินจนกว่าจะเสร็จการเก็บเกี่ยวโดยให้บุคคลนั้นใช้เงินคำนวณตามเกณฑ์ค่าเช่าที่ดินแก่เจ้าของที่ดิน,1152,159,1311,0.15551489999052137,3.6191867000306956,3.774701600021217,1,0,0.25,1.0,0.0,0.0,0.8855129480361938
14,sparse_rag,ศาลสั่งให้กำจัดหุ้นส่วนคนหนึ่งออกจากหุ้นส่วน จะแบ่งทรัพย์สินหุ้นส่วนที่ถูกกำจัดนั้นกับหุ้นส่วนที่เหลือยังไง,ตามประมวลกฎหมายแพ่งและพาณิชย์ มาตรา 1058 ในการแบ่งทรัพย์สินระหว่างห้างหุ้นส่วนกับผู้เป็นหุ้นส่วนที่ถูกกำจัดนั้น ให้ตีราคาทรัพย์สินของห้างหุ้นส่วนตามราคาที่เป็นอยู่ในเวลาที่ยื่นคำร้องขอให้กำจัด ซึ่งอาจทำได้โดยการแบ่งทรัพย์สินนั้นเอง หรือขายทรัพย์สินแล้วนำเงินมาแบ่งกันตามมาตรา 1364 ด้วย,การแบ่งทรัพย์สินระหว่างห้างหุ้นส่วนกับผู้เป็นหุ้นส่วนซึ่งถูกกำจัดนั้นให้ตีราคาทรัพย์สินของห้างหุ้นส่วนตามราคาที่เป็นอยู่ในเวลาแรกยื่นคำร้องขอให้กำจัด,การแบ่งทรัพย์สินระหว่างห้างหุ้นส่วนกับผู้เป็นหุ้นส่วนซึ่งถูกกำจัดนั้นให้ตีราคาทรัพย์สินของห้างหุ้นส่วนตามราคาที่เป็นอยู่ในเวลาแรกยื่นคำร้องขอให้กำจัด คำอธิบายขยายความ: ประมวลกฎหมายแพ่งและพาณิชย์ มาตรา 1058 เมื่อเหตุอันใดอันหนึ่งเกิดขึ้นเกี่ยวด้วยผู้เป็นหุ้นส่วนคนหนึ่ง ซึ่งตามความในมาตรา 1057 หรือมาตรา 1067 เป็นเหตุให้ผู้เป็นหุ้นส่วนทั้งหลายนอกนั้นมีสิทธิจะเรียกให้เลิกห้างหุ้นส่วนได้ไซร้ ในเมื่อผู้เป็นหุ้นส่วนเหล่านั้นยื่นคำร้อง ท่านว่าศาลจะสั่งให้กำจัดหุ้นส่วนผู้ต้นเหตุคนนั้นออกเสียจากห้างหุ้นส่วนแทนสั่งให้เลิกห้างหุ้นส่วนก็ได้ ในการแบ่งทรัพย์สินระหว่างห้างหุ้นส่วนกับผู้เป็นหุ้นส่วนซึ่งถูกกำจัดนั้น ท่านให้ตีราคาทรัพย์สินของห้างหุ้นส่วนตามราคาที่เป็นอยู่ในเวลาแรกยื่นคำร้องขอให้กำจัด,1266,169,1435,0.1382352999644354,3.833355800015852,3.9715910999802873,1,0,0.3333333333333333,1.0,0.0,0.0,0.9219233989715576
15,sparse_rag,หากทหารที่อยู่ในช่วงเวลาภาวะสงครามจะทำพินัยกรรมด้วยวาจา ผู้ใดมีอำนาจเช่นเดียวกับอำเภอในการรับเรื่อง,ตามประมวลกฎหมายแพ่งและพาณิชย์ มาตรา 1669 ทหารที่อยู่ในช่วงเวลาภาวะสงครามซึ่งทำพินัยกรรมด้วยวาจา ให้นายทหารหรือข้าราชการฝ่ายทหารชั้นสัญญาบัตรมีอำนาจและหน้าที่เช่นเดียวกับกรมการอำเภอในการรับเรื่องพินัยกรรมดังกล่าว,ทหารหรือข้าราชการฝ่ายทหารชั้นสัญญาบัตร,ทหารหรือข้าราชการฝ่ายทหารชั้นสัญญาบัตร ตามประมวลกฎหมายแพ่งและพาณิชย์ มาตรา 1669 ซึ่งวางหลักว่า เมื่อทหารหรือบุคคลที่มีความเกี่ยวข้องกับราชการทหารจะทำพินัยกรรมที่ทำเป็นเอกสารฝ่ายเมือง หรือพินัยกรรมทำเป็นเอกสารลับ หรือพินัยกรรมทำด้วยวาจาในช่วงเวลาที่ประเทศอยู่ในภาวะสงคราม ให้ทหารหรือข้าราชการฝ่ายทหารชั้นสัญญาบัตรมีอำนาจและหน้าที่เช่นเดียวกับอำเภอ หรือพนักงานทูตหรือกงสุลฝ่ายไทยในกรณีที่ทหารหรือบุคคลที่มีความเกี่ยวข้องกับราชการทหารซึ่งเป็นผู้ทำพินัยกรรมนั้นได้ปฏิบัติหน้าที่ในภาวะสงครามที่ต่างประเทศ นอกจากนี้ หากผู้ทำพินัยกรรมดังกล่าวป่วยหรือบาดเจ็บและอยู่ในโรงพยาบาล ให้แพทย์ของโรงพยาบาลนั้นมีอำนาจและหน้าที่เช่นเดียวกับอำเภอหรือ พนักงานทูตหรือกงสุลฝ่ายไทยด้วย,1472,102,1574,0.1378880999982357,2.7520753999706358,2.8899634999688715,1,0,0.5,1.0,0.0,0.0,0.8886063098907471
16,sparse_rag,ผู้เป็นหุ้นส่วนที่ยังอยู่รับซื้อหุ้นของผู้ที่ออกจากหุ้นส่วนไป สัญญาหุ้นส่วนยังใช้ได้ต่อไปได้หรือไม่,ได้ สัญญาหุ้นส่วนยังใช้ได้ต่อไป ตามมาตรา 1060 แห่งประมวลกฎหมายแพ่งและพาณิชย์ ที่ระบุว่า ในกรณีที่ผู้เป็นหุ้นส่วนที่ยังอยู่รับซื้อหุ้นของผู้ที่ออกจากหุ้นส่วนไป ท่านว่าสัญญาหุ้นส่วนนั้นก็ยังคงใช้ได้ต่อไปในระหว่างผู้เป็นหุ้นส่วนที่ยังอยู่ด้วยกัน,สัญญาหุ้นส่วนยังคงใช้ได้ต่อไปในระหว่างผู้เป็นหุ้นส่วนที่ยังอยู่ด้วยกัน,"สัญญาหุ้นส่วนยังคงใช้ได้ต่อไปในระหว่างผู้เป็นหุ้นส่วนที่ยังอยู่ด้วยกัน 

ตามประมวลกฎหมายแพ่งและพาณิชย์ มาตรา 1060 ในกรณีอย่างใดอย่างหนึ่งซึ่งกล่าวไว้ในมาตรา 1055 อนุมาตรา 4 หรืออนุมาตรา 5 นั้น ถ้าผู้เป็นหุ้นส่วนที่ยังอยู่รับซื้อหุ้นของผู้ที่ออกจากหุ้นส่วนไป สัญญาหุ้นส่วนนั้นก็ยังคงใช้ได้ต่อไปในระหว่างผู้เป็นหุ้นส่วนที่ยังอยู่ด้วยกัน",944,150,1094,0.13411400001496077,3.007648099970538,3.141762099985499,1,0,0.5,1.0,0.0,0.0,0.9467126131057739
17,sparse_rag,หากคู่สมรสของเจ้ามรดกยังมีชีวิตอยู่ และมีทายาทในชั้นลำดับญาติอยู่ด้วย จะต้องแบ่งมรดกอย่างไร,"ตามประมวลกฎหมายแพ่งและพาณิชย์ มาตรา 1635 ลำดับและส่วนแบ่งของคู่สมรสที่ยังมีชีวิตอยู่ในการรับมรดกของผู้ตาย ขึ้นอยู่กับลักษณะของทายาทที่มีอยู่ ดังนี้:

- ถ้ามีทายาทตามมาตรา 1629 (1) ซึ่งยังมีชีวิตอยู่หรือมีผู้รับมรดกแทนที่ คู่สมรสที่ยังมีชีวิตอยู่มีสิทธิได้รับส่วนแบ่งเสมือนหนึ่งว่าตนเป็นทายาทชั้นบุตร  
- ถ้ามีทายาทตามมาตรา 1629 (3) หรือ (2) คู่สมรสที่ยังมีชีวิตอยู่มีสิทธิได้รับมรดกกึ่งหนึ่ง  
- ถ้ามีทายาทตามมาตรา 1629 (4) หรือ (6) หรือ (5) คู่สมรสที่ยังมีชีวิตอยู่มีสิทธิได้มรดกสองส่วนในสาม  
- ถ้าไม่มีทายาทตามมาตรา 1629 คู่สมรสที่ยังมีชีวิตอยู่มีสิทธิได้รับมรดกทั้งหมด  

ดังนั้น ต้องพิจารณาลำดับและประเภทของทายาทที่มีอยู่เพื่อระบุส่วนแบ่งของคู่สมรสตามมาตรา 1635 อย่างถูกต้อง",ต้องแบ่งมรดกให้แก่คู่สมรสของเจ้ามรดกนั้นก่อนตามส่วนที่กฎหมายกำหนด และส่วนที่เหลือจึงจะนำมาแบ่งให้ทายาทในลำดับญาติต่อไป,ต้องแบ่งมรดกให้แก่คู่สมรสของเจ้ามรดกนั้นก่อนตามส่วนที่กฎหมายกำหนด และส่วนที่เหลือจึงจะนำมาแบ่งให้ทายาทในลำดับญาติต่อไป คำอธิบายขยายความ: ตามประมวลกฎหมายแพ่งและพาณิชย์ มาตรา 1632 การแบ่งมรดกของทายาทโดยธรรมในลำดับญาติ หากคู่สมรสของเจ้ามรดกยังมีชีวิตอยู่ต้องแบ่งมรดกให้แก่คู่สมรสของเจ้ามรดกนั้นก่อน และค่อยแบ่งส่วนมรดกที่เหลือนั้นให้แก่ทายาทโดยธรรมในลำดับญาติต่อไปตามที่กฎหมายกำหนด,1544,440,1984,0.16106279997620732,9.17240750003839,9.333470300014596,0,0,0.0,0.0,0.0,0.0,0.8809859156608582
18,sparse_rag,หากปรากฏว่าบุคคลที่ศาลตั้งให้เป็นผู้ปกครองเป็นผู้ต้องห้ามมิให้เป็นผู้ปกครองอยู่ในขณะที่ศาลตั้งให้เป็นผู้ปกครอง ศาลต้องดำเนินการอย่างไร,หากปรากฏว่าบุคคลที่ศาลตั้งให้เป็นผู้ปกครองเป็นผู้ต้องห้ามมิให้เป็นผู้ปกครองตามมาตรา 1587 อยู่ในขณะที่ศาลตั้งให้เป็นผู้ปกครอง ศาลต้องสั่งเพิกถอนคำสั่งตั้งผู้ปกครองนั้นเสีย และมีคำสั่งเกี่ยวกับผู้ปกครองต่อไปตามที่เห็นสมควร ตามประมวลกฎหมายแพ่งและพาณิชย์ มาตรา 1588.,ให้ศาลสั่งเพิกถอนคำสั่งตั้งผู้ปกครองนั้นเสียและมีคำสั่งเกี่ยวกับผู้ปกครองต่อไปตามที่เห็นสมควร,ให้ศาลสั่งเพิกถอนคำสั่งตั้งผู้ปกครองนั้นเสียและมีคำสั่งเกี่ยวกับผู้ปกครองต่อไปตามที่เห็นสมควร  ตามประมวลกฎหมายแพ่งและพาณิชย์ มาตรา 1588 หากปรากฏว่าบุคคลที่ศาลตั้งให้เป็นผู้ปกครองเป็นผู้ต้องห้ามมิให้เป็นผู้ปกครองตามมาตรา 1587 อยู่ในขณะที่ศาลตั้งให้เป็นผู้ปกครองโดยปรากฏแก่ศาลเองหรือผู้มีส่วนได้เสียหรืออัยการร้องขอ ให้ศาลสั่งเพิกถอนคำสั่งตั้งผู้ปกครองนั้นเสียและมีคำสั่งเกี่ยวกับผู้ปกครองต่อไปตามที่เห็นสมควร การเพิกถอนคำสั่งตั้งผู้ปกครองนั้นไม่กระทบกระเทือนสิทธิของบุคคลภายนอกผู้กระทำการโดยสุจริต เว้นแต่ในกรณีการเพิกถอนคำสั่งตั้งผู้ปกครองที่ต้องห้ามตามมาตรา 1587 (1) หรือ (2) การกระทำของผู้ปกครองไม่ผูกพันผู้เยาว์ไม่ว่าบุคคลภายนอกจะได้กระทำการโดยสุจริตหรือไม่,1263,145,1408,0.15873890003422275,3.3911746999947354,3.549913600028958,1,1,1.0,0.5,0.0,0.0,0.9192008972167969
19,sparse_rag,ห้างหุ้นส่วนล้มละลายจะเกิดอะไรขึ้น,ห้างหุ้นส่วนล้มละลายจะทำให้ห้างหุ้นส่วนนั้นเลิกดำเนินการไปตามมาตรา 1069 แห่งประมวลกฎหมายแพ่งและพาณิชย์ และหากผู้ชำระบัญชีพิจารณาเห็นว่าสินทรัพย์ไม่เพียงพอต่อหนี้สิน ต้องร้องขอต่อศาลให้ออกคำสั่งล้มละลายทันที ตามมาตรา 1266 แห่งประมวลกฎหมายแพ่งและพาณิชย์,ห้างหุ้นส่วนจดทะเบียนล้มละลายจะมีผลทำให้ห้างหุ้นส่วนนั้นเลิกกันไปโดยผลของกฎหมาย,กรณีที่ห้างหุ้นส่วนจดทะเบียนล้มละลายจะมีผลทำให้ห้างหุ้นส่วนนั้นเลิกกันไปโดยผลของกฎหมาย คำอธิบายขยายความ: ประมวลกฎหมายแพ่งและพาณิชย์ มาตรา 1069 นอกจากในกรณีทั้งหลายที่บัญญัติไว้ในมาตรา 1055 ท่านว่าห้างหุ้นส่วนจดทะเบียนย่อมเลิกกันเมื่อห้างหุ้นส่วนนั้นล้มละลาย,874,143,1017,0.15557350002927706,3.3044918999657966,3.4600653999950737,1,0,0.5,0.5,0.0,0.0,0.8999619483947754
20,sparse_rag,การแต่งตั้งกรรมการของสมาคมขึ้นใหม่ทั้งชุดหรือการเปลี่ยนแปลงกรรมการของสมาคมต้องกระทำการอย่างไร,การแต่งตั้งกรรมการของสมาคมขึ้นใหม่ทั้งชุดหรือการเปลี่ยนแปลงกรรมการของสมาคม ต้องกระทำตามข้อบังคับของสมาคม และต้องนำไปจดทะเบียนต่อนายทะเบียนแห่งท้องที่ที่สำนักงานใหญ่ของสมาคมตั้งอยู่ภายในสามสิบวันนับแต่วันที่มีการแต่งตั้งหรือเปลี่ยนแปลงกรรมการของสมาคม ตามประมวลกฎหมายแพ่งและพาณิชย์ มาตรา 85.,ให้กระทำตามข้อบังคับของสมาคม,ให้กระทำตามข้อบังคับของสมาคม  ตามประมวลกฎหมายแพ่งและพาณิชย์ มาตรา 85 การแต่งตั้งกรรมการของสมาคมขึ้นใหม่ทั้งชุดหรือการเปลี่ยนแปลงกรรมการของสมาคม ให้กระทำตามข้อบังคับของสมาคม และสมาคมต้องนำไปจดทะเบียนต่อนายทะเบียนแห่งท้องที่ที่สำนักงานใหญ่ของสมาคมตั้งอยู่ภายในสามสิบวันนับแต่วันที่มีการแต่งตั้งหรือเปลี่ยนแปลงกรรมการของสมาคม,1688,143,1831,0.13930270000128075,2.7296310999663547,2.8689337999676354,1,0,0.5,1.0,0.0,0.0,0.9828122854232788
21,sparse_rag,เงื่อนไขของภาระติดพันในอสังหาริมทรัพย์ที่ไม่กำหนดเวลาคืออย่างไร,ตามประมวลกฎหมายแพ่งและพาณิชย์ มาตรา 1430 ถ้าภาระติดพันในอสังหาริมทรัพย์ไม่มีกำหนดเวลา ให้สันนิษฐานไว้ก่อนว่าภาระนั้นมีอยู่ตลอดชีวิตของผู้รับประโยชน์,ให้สันนิษฐาน ว่ามีอยู่ตลอดชีวิตของผู้รับประโยชน์,ให้สันนิษฐาน ว่ามีอยู่ตลอดชีวิตของผู้รับประโยชน์ ตาม ประมวลกฎหมายแพ่งและพาณิชย์ มาตรา 1430 ภาระติดพันในอสังหาริมทรัพย์นั้น จะก่อให้เกิดโดยมีกำหนดเวลา หรือตลอดชีวิตแห่งผู้รับประโยชน์ก็ได้ ถ้าไม่มีกำหนดเวลา ท่านให้สันนิษฐานไว้ก่อนว่าภาระติดพันในอสังหาริมทรัพย์มีอยู่ตลอดชีวิตผู้รับประโยชน์ ถ้ามีกำหนดเวลา ท่านให้นำบทบัญญัติมาตรา 1403 วรรค 3 มาใช้บังคับโดยอนุโลม,920,85,1005,0.15594289998989552,1.7513905999949202,1.9073334999848157,1,0,0.5,1.0,0.0,0.0,0.9308005571365356
22,sparse_rag,เมื่อมีการมอบทรัพย์สินให้แก่ตัวแทนค้าต่าง ตัวแทนค้าต่างต้องจัดการทรัพย์สินอย่างไร,เมื่อมีการมอบทรัพย์สินให้แก่ตัวแทนค้าต่าง ตัวแทนค้าต่างต้องจัดการทรัพย์สินนั้นตามบทบัญญัติแห่งประมวลกฎหมายแพ่งและพาณิชย์ว่าด้วยลักษณะฝากทรัพย์ ซึ่งบัญญัติไว้ในมาตรา 842 ที่ระบุว่าให้นำบทบัญญัติทั้งหลายแห่งประมวลกฎหมายนี้ ลักษณะฝากทรัพย์มาใช้บังคับอนุโลมตามควร และในกรณีที่เป็นความจำเป็นอันมิอาจล่วงเกินได้ อาจจัดการทรัพย์สินนั้นตามวิธีการดังบัญญัติไว้ในมาตรา 631 ว่าด้วยรับขนได้ด้วย.,ต้องจัดการทรัพย์สินตามบทบัญญัติว่าด้วยการฝากทรัพย์,"ต้องจัดการทรัพย์สินตามบทบัญญัติว่าด้วยการฝากทรัพย์  

 ตามมาตรา 842 วรรค 1 ประมวลกฎหมายแพ่งและพาณิชย์ เมื่อใดเขามอบหมายทรัพย์สินไว้แก่ตัวแทนค้าต่าง ท่านให้นำบทบัญญัติทั้งหลายแห่งประมวลกฎหมายนี้ ลักษณะฝากทรัพย์มาใช้บังคับ อนุโลมตามควร",948,235,1183,0.13150239997776225,4.859207300003618,4.99070969998138,1,0,0.5,1.0,0.0,0.0,0.9443930387496948
23,sparse_rag,ใครเป็นผู้มีอำนาจถอดถอนผู้ปกครอง หากผู้นั้นมีความพฤติกรรมที่ไม่เหมาะสมกับการเป็นผู้ปกครองของผู้เยาว์,ตามประมวลกฎหมายแพ่งและพาณิชย์ มาตรา 1582 ศาลเป็นผู้มีอำนาจถอดถอนผู้ปกครอง หากผู้นั้นมีความพฤติกรรมไม่เหมาะสม เช่น เป็นคนไร้ความสามารถ ล้มละลาย หรือจัดการทรัพย์สินของผู้เยาว์ในทางที่ผิดจนอาจเป็นภัย ได้ทั้งโดยตนเองหรือตามร้องขอของญาติของผู้เยาว์หรืออัยการ,ศาลเป็นผู้มีอำนาจสั่ง,ศาลเป็นผู้มีอำนาจสั่ง,1176,126,1302,0.13563420000718907,2.5870769000030123,2.7227111000102013,1,0,0.5,0.0,0.0,0.0,0.804059624671936
24,sparse_rag,สิทธิเรียกร้องค่าทดแทนกรณีสมรสเป็นโมฆะมีกำหนดอายุความกี่ปี,"สิทธิเรียกร้องค่าทดแทนกรณีสมรสเป็นโมฆะมีกำหนดอายุความสองปี นับแต่วันที่มีคำพิพากษาถึงที่สุด สำหรับกรณีการสมรสเป็นโมฆะเพราะฝ่าฝืนมาตรา 1449, มาตรา 1450 หรือมาตรา 1458 (ตามประมวลกฎหมายแพ่งและพาณิชย์ มาตรา 1499)",อายุความสองปีนับแต่วันที่มีคำพิพากษาถึงที่สุด,อายุความสองปีนับแต่วันที่มีคำพิพากษาถึงที่สุด    ประมวลกฎหมายแพ่งและพาณิชย์ มาตรา 1499 การสมรสที่เป็นโมฆะ เพราะฝ่าฝืนมาตรา 1449 มาตรา 1450 หรือมาตรา 1458 ไม่ทำให้ชายหรือหญิงผู้สมรสโดยสุจริตเสื่อมสิทธิที่ได้มาเพราะการสมรสก่อนมีคำพิพากษาถึงที่สุดให้เป็นโมฆะ การสมรสที่เป็นโมฆะเพราะฝ่าฝืนมาตรา 1452 ไม่ทำให้ชายหรือหญิงผู้สมรสโดยสุจริตเสื่อมสิทธิที่ได้มา เพราะการสมรสก่อนที่ชายหรือหญิงนั้นรู้ถึงเหตุที่ทำให้การสมรสเป็นโมฆะ แต่การสมรสที่เป็นโมฆะดังกล่าว ไม่ทำให้คู่สมรสเกิดสิทธิรับมรดกในฐานะทายาทโดยธรรมของคู่สมรสอีกฝ่ายหนึ่ง การสมรสที่เป็นโมฆะเพราะฝ่าฝืนมาตรา 1449 มาตรา 1450 หรือมาตรา 1458 หรือฝ่าฝืนมาตรา 1452 ถ้าคู่สมรสฝ่ายใดได้สมรสโดยสุจริตฝ่ายนั้นมีสิทธิเรียกค่าทดแทนได้ และถ้าการสมรสที่เป็นโมฆะนั้นทำให้ฝ่ายที่ได้สมรสโดยสุจริตต้องยากจนลงเพราะไม่มีรายได้พอจากทรัพย์สิน หรือจากการงานที่เคยทำอยู่ก่อนมีคำพิพากษาถึงที่สุด หรือก่อนที่จะได้รู้ว่าการสมรสของตนเป็นโมฆะ แล้วแต่กรณี ฝ่ายนั้นมีสิทธิเรียกค่าเลี้ยงชีพได้ด้วย สิทธิเรียกค่าเลี้ยงชีพในกรณีนี้ให้นำมาตรา 1526 วรรคหนึ่ง และมาตรา 1528 มาใช้บังคับโดยอนุโลม สิทธิเรียกร้องค่าทดแทน หรือค่าเลี้ยงชีพตามวรรคสาม มีกำหนดอายุความสองปีนับแต่วันที่มีคำพิพากษาถึงที่สุด สำหรับกรณีการสมรสเป็นโมฆะเพราะฝ่าฝืนมาตรา 1449 มาตรา 1450 หรือมาตรา 1458 หรือนับแต่วันที่รู้ถึงเหตุที่ทำให้การสมรสเป็นโมฆะ สำหรับกรณีการสมรสเป็นโมฆะเพราะฝ่าฝืนมาตรา 1452,1465,119,1584,0.1396796999615617,2.5023205000325106,2.6420001999940723,1,0,0.14285714285714285,1.0,0.0,0.0,0.8484066724777222
25,sparse_rag,ใครเป็นผู้มีอำนาจในการแก้ไขเพิ่มเติมข้อบังคับของมูลนิธิ,ตามประมวลกฎหมายแพ่งและพาณิชย์ มาตรา 126 ผู้มีอำนาจในการแก้ไขเพิ่มเติมข้อบังคับของมูลนิธิคือคณะกรรมการของมูลนิธิ ทั้งนี้ การแก้ไขเพิ่มเติมนั้นต้องเป็นไปตามหลักเกณฑ์และวิธีการที่ข้อบังคับของมูลนิธิกำหนดไว้ และต้องนำข้อบังคับที่แก้ไขแล้วไปจดทะเบียนต่อนายทะเบียนภายใน 30 วันนับแต่วันที่แก้ไข,คณะกรรมการของมูลนิธิ,คณะกรรรมการของมูลนิธิ ตามมาตรา 126 แห่งประมวลกฎหมายแพ่งและพาณิชย์ ภายใต้บังคับมาตรา 127 ให้คณะกรรมการของมูลนิธิเป็นผู้มีอำนาจแก้ไขเพิ่มเติมข้อบังคับของมูลนิธิ แต่ถ้าข้อบังคับของมูลนิธิได้กำหนดหลักเกณฑ์และวิธีการแก้ไขเพิ่มเติมไว้ การแก้ไขเพิ่มเติมต้องเป็นไปตามที่ข้อบังคับกำหนด และให้มูลนิธินำข้อบังคับที่แก้ไขเพิ่มเติมนั้นไปจดทะเบียนต่อนายทะเบียนภายในสามสิบวันนับแต่วันที่คณะกรรมการของมูลนิธิได้แก้ไขเพิ่มเติมข้อบังคับของมูลนิธิและให้นำความในมาตรา 115 มาใช้บังคับโดยอนุโลม,1146,163,1309,0.13696539995726198,3.4361047000274993,3.5730700999847613,1,0,0.6666666666666666,1.0,0.0,0.0,0.9380821585655212
26,sparse_rag,ถ้าเป็นที่แน่นอนในเวลาทำนิติกรรมว่าเงื่อนไขไม่อาจสำเร็จหากเป็นเงื่อนไขบังคับก่อนจะมีผลให้นิติกรรมนั้นเป็นอย่างไร,ตามประมวลกฎหมายแพ่งและพาณิชย์ มาตรา 187 ถ้าเป็นที่แน่นอนในเวลาทำนิติกรรมว่าเงื่อนไขไม่อาจสำเร็จได้ และเป็นเงื่อนไขบังคับก่อน ให้ถือว่านิติกรรมนั้นเป็นโมฆะ,เป็นโมฆะ,เป็นโมฆะ  ตามประมวลกฎหมายแพ่งและพาณิชย์ มาตรา 187 ถ้าเงื่อนไขสำเร็จแล้วในเวลาทำนิติกรรม หากเป็นเงื่อนไขบังคับก่อนให้ถือว่านิติกรรมนั้นไม่มีเงื่อนไข หากเป็นเงื่อนไขบังคับหลังให้ถือว่านิติกรรมนั้นเป็นโมฆะ ถ้าเป็นอันแน่นอนในเวลาทำนิติกรรมว่าเงื่อนไขไม่อาจสำเร็จได้ หากเป็นเงื่อนไขบังคับก่อนให้ถือว่านิติกรรมนั้นเป็นโมฆะ หากเป็นเงื่อนไขบังคับหลังให้ถือว่านิติกรรมนั้นไม่มีเงื่อนไข ตราบใดที่คู่กรณียังไม่รู้ว่าเงื่อนไขได้สำเร็จแล้วตามวรรคหนึ่ง หรือไม่อาจสำเร็จได้ตามวรรคสอง ตราบนั้นคู่กรณียังมีสิทธิและหน้าที่ตามมาตรา 184 และมาตรา 185,1059,84,1143,0.13800189999165013,1.690993800002616,1.828995699994266,1,0,0.3333333333333333,1.0,0.0,0.0,0.9177644848823547
27,sparse_rag,ถ้าสามีหรือภริยาได้ยินยอมหรือรู้เห็นเป็นใจในการกระทำที่เป็นเหตุหย่านั้นจะยกเป็นเหตุฟ้องหย่าได้หรือไม่,ไม่ได้ ตามมาตรา 1517 แห่งประมวลกฎหมายแพ่งและพาณิชย์ ถ้าสามีหรือภริยาได้ยินยอมหรือรู้เห็นเป็นใจในการกระทำที่เป็นเหตุหย่านั้น ฝ่ายที่ยินยอมหรือรู้เห็นเป็นใจนั้นจะยกเป็นเหตุฟ้องหย่าไม่ได้,ฝ่ายที่ยินยอมหรือรู้เห็นเป็นใจนั้นจะยกเป็นเหตุฟ้องหย่าไม่ได้,ฝ่ายที่ยินยอมหรือรู้เห็นเป็นใจนั้นจะยกเป็นเหตุฟ้องหย่าไม่ได้ ตามประมวลกฎหมายแพ่งและพาณิชย์ มาตรา 1517 เหตุฟ้องหย่าตามมาตรา 1516 (1) และ (2) ถ้าสามีหรือภริยา แล้วแต่กรณี ได้ยินยอมหรือรู้เห็นเป็นใจในการกระทำที่เป็นเหตุหย่านั้น ฝ่ายที่ยินยอมหรือรู้เห็นเป็นใจนั้นจะยกเป็นเหตุฟ้องหย่าไม่ได้,2369,105,2474,0.1369776999927126,1.831699300033506,1.9686770000262186,1,1,1.0,1.0,0.0,0.0,0.9665164351463318
28,sparse_rag,รายการใดบ้างที่ต้องระบุตอนขอจดทะเบียนบริษัท,"ตามประมวลกฎหมายแพ่งและพาณิชย์ มาตรา 1111 รายการที่ต้องระบุเมื่อขอจดทะเบียนบริษัท ได้แก่  
(1) จำนวนหุ้นทั้งสิ้นที่ได้มีผู้เข้าชื่อซื้อหรือได้จัดออกให้แล้ว แยกเป็นหุ้นสามัญและหุ้นบุริมสิทธิ  
(2) จำนวนหุ้นที่ได้ใช้เต็มค่าแล้วหรือใช้บางส่วน พร้อมระบุว่าใช้ไปแล้วเพียงใด  
(3) จำนวนเงินที่ได้ใช้แล้วต่อหุ้น  
(4) จำนวนเงินที่ได้รับไว้เป็นค่าหุ้นรวมทั้งสิ้น  
(5) ชื่อ อาชีพ และที่อยู่ของกรรมการทุกคน  
(6) อำนาจของกรรมการแต่ละคนในการจัดการบริษัท และชื่อกรรมการที่มีอำนาจลงนามแทนบริษัท  
(7) ระยะเวลาที่ตั้งบริษัทขึ้นชั่วกาลกำหนด (ถ้ามี)  
(8) ที่ตั้งสำนักงานใหญ่และสาขาทั้งหมด  
นอกจากนี้ ต้องส่งสำเนาข้อบังคับของบริษัทและสำเนารายงานการประชุมตั้งบริษัทมาพร้อมกัน และกรรมการต้องลงลายมือชื่อรับรองเอกสารทั้งสองฉบับ",รายการที่ต้องระบุมี 8 รายการ ดังนี้ 1 จำนวนหุ้นทั้งสิ้นซึ่งได้มีผู้เข้าชื่อซื้อ หรือได้จัดออกให้แล้วแยกให้ปรากฏว่าเป็นชนิดหุ้นสามัญเท่าใด หุ้นบุริมสิทธิเท่าใด 2 จำนวนหุ้นสามัญหรือหุ้นบุริมสิทธิ ซึ่งออกให้เหมือนหนึ่งว่าได้ใช้เต็มค่าแล้วหรือได้ใช้แต่บางส่วนแล้ว นอกจากที่ใช้เป็นตัวเงิน และหุ้นที่ได้ใช้แต่บางส่วนนั้น ให้บอกว่าได้ใช้แล้วเพียงใด 3 จำนวนเงินที่ได้ใช้แล้วหุ้นละเท่าใด 4 จำนวนเงินที่ได้รับไว้เป็นค่าหุ้นรวมทั้งสิ้นเท่าใด 5 ชื่อ อาชีวะ และที่สำนักของกรรมการทุกคน 6 ถ้าให้กรรมการต่างมีอำนาจจัดการของบริษัทได้โดยลำพังตัวให้แสดงอำนาจของกรรมการนั้น ๆ ว่าคนใดมีเพียงใด และบอกจำนวนหรือชื่อกรรมการซึ่งจะลงชื่อเป็นสำคัญผูกพันบริษัทได้นั้นด้วย 7 ถ้าตั้งบริษัทขึ้นชั่วกาลกำหนดอันหนึ่ง ให้บอกกาลกำหนดอันนั้นด้วย 8 ที่ตั้งสำนักงานแห่งใหญ่และสาขาทั้งปวง,รายการที่ต้องระบุมี 8 รายการ ดังนี้ 1 จำนวนหุ้นทั้งสิ้นซึ่งได้มีผู้เข้าชื่อซื้อ หรือได้จัดออกให้แล้วแยกให้ปรากฏว่าเป็นชนิดหุ้นสามัญเท่าใด หุ้นบุริมสิทธิเท่าใด 2 จำนวนหุ้นสามัญหรือหุ้นบุริมสิทธิ ซึ่งออกให้เหมือนหนึ่งว่าได้ใช้เต็มค่าแล้วหรือได้ใช้แต่บางส่วนแล้ว นอกจากที่ใช้เป็นตัวเงิน และหุ้นที่ได้ใช้แต่บางส่วนนั้น ให้บอกว่าได้ใช้แล้วเพียงใด 3 จำนวนเงินที่ได้ใช้แล้วหุ้นละเท่าใด 4 จำนวนเงินที่ได้รับไว้เป็นค่าหุ้นรวมทั้งสิ้นเท่าใด 5 ชื่อ อาชีวะ และที่สำนักของกรรมการทุกคน 6 ถ้าให้กรรมการต่างมีอำนาจจัดการของบริษัทได้โดยลำพังตัวให้แสดงอำนาจของกรรมการนั้น ๆ ว่าคนใดมีเพียงใด และบอกจำนวนหรือชื่อกรรมการซึ่งจะลงชื่อเป็นสำคัญผูกพันบริษัทได้นั้นด้วย 7 ถ้าตั้งบริษัทขึ้นชั่วกาลกำหนดอันหนึ่ง ให้บอกกาลกำหนดอันนั้นด้วย 8 ที่ตั้งสำนักงานแห่งใหญ่และสาขาทั้งปวง คำอธิบายขยายความ : ตามประมวลกฎหมายแพ่งและพาณิชย์ มาตรา 1111 รายการที่ต้องระบุเพิ่มเติมหากมี 9 การลงทะเบียนจะมีรายการอย่างอื่นซึ่งกรรมการเห็นสมควรจะให้ทราบแก่ประชาชนก็ลงได้ 10 ถ้าได้ทำข้อบังคับของบริษัทไว้ต้องส่งสำเนาข้อบังคับนั้น ๆ ไปด้วย โดยสำเนารายงานการประชุมตั้งบริษัทหนังสือและสำเนาข้อบังคับบริษัท กรรมการต้องลงลายมือชื่อรับรอง 1 คน เป็นอย่างน้อย ผลการจดทะเบียน ให้พนักงานทะเบียนทำใบสำคัญแสดงการจดทะเบียนส่งมอบให้แก่บริษัทฉบับหนึ่ง,1955,411,2366,0.13455590000376105,6.968022399989422,7.1025782999931835,1,0,0.5,0.5,0.8888888888888888,0.8888888888888888,0.917998194694519
29,sparse_rag,การเเบ่งปันทรัพย์มรดกทำอย่างไรได้บ้าง,"การแบ่งปันทรัพย์มรดกทำได้ตามลำดับดังนี้:  
(1) ถ้าผู้ตายมีพินัยกรรมที่มีผลบังคับได้ ให้แบ่งทรัพย์สินตามที่ระบุในพินัยกรรม แต่หากพินัยกรรมจำหน่ายทรัพย์บางส่วนเท่านั้น ให้แบ่งส่วนที่เหลือตามกฎหมายให้แก่ทายาทโดยธรรม (ตามมาตรา 1620 แห่งประมวลกฎหมายแพ่งและพาณิชย์)  
(2) ถ้าผู้ตายไม่มีพินัยกรรม หรือพินัยกรรมไม่มีผลบังคับได้ ให้แบ่งทรัพย์มรดกทั้งหมดแก่ทายาทโดยธรรมตามกฎหมาย (มาตรา 1620)  
(3) หากผู้ตายมีคู่สมรสที่ยังมีชีวิตอยู่ ให้คำนวณส่วนแบ่งในทรัพย์สินระหว่างสามีภริยาตามมาตรา 1513 ถึง 1517 และมาตรา 1637 ถึง 1638 แห่งประมวลกฎหมายแพ่งและพาณิชย์ โดยส่วนแบ่งนี้มีผลตั้งแต่วันที่การสมรสสิ้นสุดลงด้วยเหตุความตาย (มาตรา 1625)",1.ทายาทครอบครองเป็นส่วนสัด 2.นำทรัพย์ออกขายเเละเเบ่งปันระหว่างทายาท,"1.ทายาทครอบครองเป็นส่วนสัด 2.นำทรัพย์ออกขายเเละเเบ่งปันระหว่างทายาท  ประมวลกฎหมายแพ่งและพาณิชย์ มาตรา 1750 การแบ่งปันทรัพย์มรดกนั้น อาจทำได้โดยทายาทต่างเข้าครอบครองทรัพย์สินเป็นส่วนสัด หรือโดยการขายทรัพย์มรดกแล้วเอาเงินที่ขายได้มาแบ่งปันกันระหว่างทายาท ถ้าการแบ่งปันมิได้เป็นไปตามวรรคก่อน แต่ได้ทำโดยสัญญา จะฟ้องร้องให้บังคับคดีหาได้ไม่ เว้นแต่จะมีหลักฐานเป็นหนังสืออย่างหนึ่งอย่างใด ลงลายมือชื่อฝ่ายที่ต้องรับผิดหรือตัวแทนของฝ่ายนั้นเป็นสำคัญ ในกรณีเช่นนี้ให้นำมาตรา 850, 852 แห่งประมวลกฎหมายนี้ว่าด้วยประนีประนอมยอมความมาใช้บังคับโดยอนุโลม",1193,365,1558,0.15672769997036085,6.878320100018755,7.0350477999891154,0,0,0.0,0.0,1.0,1.0,0.8351989984512329
30,sparse_rag,ถ้าบิดามารดาซึ่งเป็นทายาทถึงแก่ความตาย สามารถมีการรับมรดกแทนที่ได้หรือไม่,ไม่สามารถรับมรดกแทนที่ได้ เนื่องจากบิดามารดาไม่ใช่ทายาทในลำดับที่มีสิทธิรับมรดกแทนกันได้ตามมาตรา 1630 แห่งประมวลกฎหมายแพ่งและพาณิชย์ ซึ่งระบุว่า ทายาทที่อยู่ในลำดับถัดลงไปไม่มีสิทธิในทรัพย์มรดกของผู้ตายเลย ถ้ายังมีทายาทในลำดับก่อนหน้าที่ยังมีชีวิตอยู่ หรือมีผู้รับมรดกแทนที่ยังไม่ขาดสาย แล้วแต่กรณี,ไม่ได้ ห้ามมีการรับมรดกแทนที่กัน,ไม่ได้ ห้ามมีการรับมรดกแทนที่กัน  ตามมาตรา 1641 ประมวลกฎหมายแพ่งและพาณิชย์ ถ้าบุคคลใดซึ่งจะเป็นทายาทตามมาตรา 1629 (2) หรือ (5) ถึงแก่ความตาย หรือถูกกำจัดมิให้รับมรดกก่อนเจ้ามรดกตาย ถ้ามีทายาทในลำดับเดียวกันยังมีชีวิตอยู่ ก็ให้ส่วนแบ่งทั้งหมดตกได้แก่ทายาทนั้นเท่านั้น ห้ามมิให้มีการรับมรดกแทนที่กันต่อไป,1188,186,1374,0.13735429994994774,4.645170000032522,4.7825242999824695,1,0,0.5,0.0,0.0,0.0,0.8903405666351318
31,sparse_rag,การตายเพราะเป็นคนสาญสูญ มรดกตกทอดแก่ทายาทหรือไม่,การที่บุคคลหนึ่งถือว่าตายเพราะเป็นคนสาบสูญตามมาตรา 62 แห่งประมวลกฎหมายแพ่งและพาณิชย์ มรดกของบุคคลนั้นตกทอดแก่ทายาทตามมาตรา 1602 แห่งประมวลกฎหมายแพ่งและพาณิชย์,ตกทอด ตามประมวลกฎหมายแพ่งและพาณิชย์ มาตรา 1602,ตกทอด ตามประมวลกฎหมายแพ่งและพาณิชย์ มาตรา 1602,933,91,1024,0.1526297999662347,2.0590074000065215,2.211637199972756,1,0,0.3333333333333333,1.0,1.0,1.0,0.8666677474975586
32,sparse_rag,สิทธิยึดหน่วงทรัพย์สินทำให้อายุความสะดุดลงไหม,สิทธิยึดหน่วงทรัพย์สินทำให้อายุความสะดุดลงได้ ตามประมวลกฎหมายแพ่งและพาณิชย์ มาตรา 248 ที่บัญญัติว่า การใช้สิทธิยึดหน่วงทำให้อายุความแห่งหนี้สะดุดหยุดลง.,ไม่,ไม่  ตามประมวลกฎหมายแพ่งและพาณิชย์ มาตรา 248 ภายในบังคับแห่งบทบัญญัติมาตรา 193/27 การใช้สิทธิยึดหน่วงหาทำให้อายุความแห่งหนี้สะดุดหยุดลงไม่,800,89,889,0.1359389999997802,2.0565255000256,2.1924645000253804,1,0,0.5,1.0,0.0,0.0,0.912790060043335
33,sparse_rag,คู่สัญญาฝ่ายซึ่งเข้าถือเอาและใช้เงินตามตั๋วแลกเงิน อาจจะเรียกเอาเงินใช้จากคู่สัญญาทั้งหลายซึ่งต้องรับผิดต่อตนได้อย่างไร,"คู่สัญญาฝ่ายซึ่งเข้าถือเอาและใช้เงินตามตั๋วแลกเงินสามารถเรียกเงินจากคู่สัญญาทั้งหลายที่ต้องรับผิดต่อตนได้ ดังนี้ ตามมาตรา 969 แห่งประมวลกฎหมายแพ่งและพาณิชย์  
(1) เงินเต็มจำนวนที่ตนได้ใช้ไป  
(2) ดอกเบี้ยร้อยละห้าต่อปี นับแต่วันที่ใช้เงินไป  
(3) ค่าใช้จ่ายต่าง ๆ ที่ตนต้องออกไป  
(4) ค่าชักส่วนลดจากต้นเงินตามที่กำหนดไว้ในมาตรา 968 อนุมาตรา (4)",อาจจะเรียกเอาเงินใช้จากคู่สัญญาทั้งหลายซึ่งต้องรับผิดต่อตนได้ คือ เงินเต็มจำนวนซึ่งตนได้ใช้ไป ดอกเบี้ยในจำนวนเงินนั้น คิดอัตราร้อยละห้าต่อปีนับแต่วันที่ได้ใช้เงินไป ค่าใช้จ่ายต่าง ๆ อันตนต้องออกไป ค่าชักส่วนลดจากต้นเงินจำนวนในตั๋วแลกเงิน.,อาจจะเรียกเอาเงินใช้จากคู่สัญญาทั้งหลายซึ่งต้องรับผิดต่อตนได้ คือ เงินเต็มจำนวนซึ่งตนได้ใช้ไป ดอกเบี้ยในจำนวนเงินนั้น คิดอัตราร้อยละห้าต่อปีนับแต่วันที่ได้ใช้เงินไป ค่าใช้จ่ายต่าง ๆ อันตนต้องออกไป ค่าชักส่วนลดจากต้นเงินจำนวนในตั๋วแลกเงิน  ตามประมวลกฎหมายแพ่งและพาณิชย์ มาตรา 969 คู่สัญญาฝ่ายซึ่งเข้าถือเอาและใช้เงินตามตั๋วแลกเงิน อาจจะเรียกเอาเงินใช้จากคู่สัญญาทั้งหลายซึ่งต้องรับผิดต่อตนได้ คือ (1) เงินเต็มจำนวนซึ่งตนได้ใช้ไป (2) ดอกเบี้ยในจำนวนเงินนั้น คิดอัตราร้อยละห้าต่อปีนับแต่วันที่ได้ใช้เงินไป (3) ค่าใช้จ่ายต่าง ๆ อันตนต้องออกไป (4) ค่าชักส่วนลดจากต้นเงินจำนวนในตั๋วแลกเงินตามที่กำหนดไว้ในมาตรา 968 อนุมาตรา (4),1096,198,1294,0.14846790005685762,5.13260640000226,5.281074300059117,1,0,0.5,1.0,0.0,0.0,0.9573256969451904
34,sparse_rag,น้องชายหนูอายุ 20 ปีแล้ว แต่ว่าถูกศาลสั่งให้เป็นคนไร้ความสามารถ กรณีแบบนี้แม่ที่เป็นผู้อนุบาล จะสามารถสั่งให้น้องไปทำงานหาเลี้ยงชีพตัวเองได้มั้ย,"ตามประมวลกฎหมายแพ่งและพาณิชย์ มาตรา 1463 บัญญัติว่า ในกรณีที่ศาลสั่งให้สามีหรือภริยาเป็นคนไร้ความสามารถ ภริยาหรือสามีย่อมเป็นผู้อนุบาล ซึ่งรวมถึงกรณีที่บุตรเป็นคนไร้ความสามารถด้วย ดังนั้น แม่ในฐานะผู้อนุบาลของน้องชายที่อายุ 20 ปี ซึ่งถูกศาลสั่งให้เป็นคนไร้ความสามารถ ก็มีอำนาจในการดูแลและตัดสินใจแทนน้องชายได้ตามหน้าที่ของผู้อนุบาล

อย่างไรก็ตาม มาตรา 1598/15 ระบุว่า ให้นำบทบัญญัติว่าด้วยสิทธิและหน้าที่ของผู้ใช้อำนาจปกครองมาใช้บังคับโดยอนุโลม เว้นแต่สิทธิตามมาตรา 1567 (2) และ (3) ซึ่งหมายความว่า แม้แม่จะเป็นผู้อนุบาล แต่ก็ต้องดำเนินการเพื่อประโยชน์สูงสุดของน้องชาย และต้องเคารพสิทธิของผู้พิทักษ์หรือผู้อนุบาลที่เกี่ยวข้อง รวมถึงไม่ควรบังคับให้น้องชายทำงานหากไม่เหมาะสมกับสภาพร่างกายหรือจิตใจของเขา

ดังนั้น แม่ในฐานะผู้อนุบาล **ไม่สามารถสั่งให้น้องชายไปทำงานหาเลี้ยงชีพตัวเองได้โดยปราศจากเหตุผลที่สมควรและคำแนะนำจากผู้เชี่ยวชาญ** หากการตัดสินใจดังกล่าวไม่เป็นประโยชน์ต่อผู้พิทักษ์หรือขัดต่อสิทธิของผู้พิทักษ์ อาจถือว่าละเมิดหน้าที่ของผู้อนุบาลได้

หากต้องการให้น้องชายทำงาน ควรมีการประเมินความเหมาะสมจากแพทย์หรือผู้เชี่ยวชาญ และอาจต้องขออนุญาตศาลหรือผู้พิทักษ์ตามกระบวนการที่กฎหมายกำหนด.",ไม่ได้,"ไม่ได้ เนื่องจากน้องชายของท่านถือว่าเป็นผู้บรรลุนิติภาวะแล้ว ดังนั้นแม่ซึ่งเป็นผู้อนุบาลจะใช้สิทธิตามมาตรา 1567 (3) ไม่ได้  
คำอธิบายขยายความ : มาตรา 1598/18 แห่งประมวลกฎหมายแพ่งและพาณิชย์ ในกรณีที่บิดามารดาเป็นผู้อนุบาลบุตร ถ้าบุตรนั้นยังไม่บรรลุนิติภาวะ ให้นำบทบัญญัติว่าด้วยสิทธิและหน้าที่ของผู้ใช้อำนาจปกครองมาใช้บังคับโดยอนุโลม แต่ถ้าบุตรนั้นบรรลุนิติภาวะแล้ว ให้นำบทบัญญัติว่าด้วยสิทธิและหน้าที่ของผู้ปกครองมาใช้บังคับโดยอนุโลม เว้นแต่สิทธิตามมาตรา 1567 (2) และ (3) 
ในกรณีที่บุคคลอื่นซึ่งมิใช่บิดามารดาหรือมิใช่คู่สมรสเป็นผู้อนุบาล ให้นำบทบัญญัติว่าด้วยสิทธิและหน้าที่ของผู้ปกครองมาใช้บังคับโดยอนุโลม แต่ถ้าผู้อยู่ในความอนุบาลบรรลุนิติภาวะแล้วจะใช้สิทธิตามมาตรา 1567 (2) และ (3) ไม่ได้",978,571,1549,0.14638009999180213,13.031454999989364,13.177835099981166,0,0,0.0,0.0,0.0,0.0,0.8708357214927673
35,sparse_rag,ถ้าไปจดทะเบียนสมรสกัน ตอนอายุไม่ถึง17ปี จะมีผลยังไง,การสมรสที่จดทะเบียนตามประมวลกฎหมายแพ่งและพาณิชย์ มาตรา 1457 ต้องเป็นไปตามเงื่อนไขที่กฎหมายกำหนด ซึ่งหากฝ่ายใดฝ่ายหนึ่งมีอายุไม่ถึง 17 ปี ถือว่าไม่มีศักดิ์ภาพตามกฎหมายในการสมรส จึงทำให้การจดทะเบียนสมรสดังกล่าวเป็นโมฆะตั้งแต่ต้น โดยไม่สามารถมีผลทางกฎหมายได้เลย,การสมรสมจะเป็นโมฆียะ ผู้มีส่วนได้เสียขอให้เพิกถอนการสมรสได้ แต่ถ้าบิดามารดาหรือผู้ปกครองเคยให้ความยินยอมให้สมรสไปแล้วจะมาขอให้เพิกถอนการสมรสภายหลังไม่ได้ แต่ถ้าในขณะเวลาจะขอเพิกถอน เด็กอายุครบ17 ปี บริบูรณ์ จะขอเพิกถอนไม่ได้ หรือถ้าฝ่ายหญิงท้องก่อนจะอายุครบ 17 ปี บริบูรณ์ ก็ไม่สามรถขอเพิกถอนได้ โดยโมฆียะนั้นถือว่าไม่สมบูรณ์มาแต่แรก แต่จะถือว่ายังมีผลสมบูรณ์จนกว่าจะได้มีการบอกล้าง.,"การสมรสมจะเป็นโมฆียะ ผู้มีส่วนได้เสียขอให้เพิกถอนการสมรสได้  แต่ถ้าบิดามารดาหรือผู้ปกครองเคยให้ความยินยอมให้สมรสไปแล้วจะมาขอให้เพิกถอนการสมรสภายหลังไม่ได้ แต่ถ้าในขณะเวลาจะขอเพิกถอน เด็กอายุครบ17 ปี บริบูรณ์ จะขอเพิกถอนไม่ได้ หรือถ้าฝ่ายหญิงท้องก่อนจะอายุครบ 17 ปี บริบูรณ์ ก็ไม่สามรถขอเพิกถอนได้ 

โดยโมฆียะนั้นถือว่าไม่สมบูรณ์มาแต่แรก แต่จะถือว่ายังมีผลสมบูรณ์จนกว่าจะได้มีการบอกล้าง",868,137,1005,0.16088700003456324,3.538478499976918,3.6993655000114813,0,0,0.0,0.0,0.5,0.5,0.8339797854423523
36,sparse_rag,การจัดทำบัญชีทรัพย์มรดกใครเป็นคนทำ และต้องทำภายในกี่วัน,ผู้จัดการมรดกเป็นผู้ทำบัญชีทรัพย์มรดก ต้องจัดทำภายในสิบห้าวันนับแต่เจ้ามรดกตาย (ถ้าผู้จัดการรู้การตั้งแต่งตามพินัยกรรม) หรือนับแต่วันที่เริ่มหน้าที่ตามมาตรา 1726 หรือวันที่รับเป็นผู้จัดการมรดกในกรณีอื่น (ตามมาตรา 1728) และต้องจัดทำให้แล้วเสร็จภายในหนึ่งเดือนนับแต่วันดังกล่าว (ตามมาตรา 1729),ผู้จัดการมรดกเป็นคนทำบัญชีทรัพย์มรดก และต้องทำบัญชีนั้นภายใน 15 วัน,"ผู้จัดการมรดกเป็นคนทำบัญชีทรัพย์มรดก และต้องทำบัญชีนั้นภายใน 15 วัน นับแต่เจ้ามรดกตาย ถ้าผู้จัดการมรดกรู้ถึงการแต่งตั้งที่มอบหมายให้ตนตามพินัยกรรม หรือ วันเริ่มหน้าที่เป็นผู้จัดการมรดกตามมาตรา 1726 กรณีที่ศาลตั้งผู้จัดการมรดก หรือ วันที่ผู้จัดการมรดกรับเป็นผู้จัดการมรดก 

คำอธิบายขยายความ : ประมวลกฎหมายแพ่งและพาณิชย์ มาตรา 1728 ผู้จัดการมรดกต้องลงมือจัดทำบัญชีทรัพย์มรดกภายใน 15 วัน (1) นับแต่เจ้ามรดกตาย ถ้าในขณะนั้นผู้จัดการมรดกได้รู้ถึงการตั้งแต่งตามพินัยกรรมที่มอบหมายไว้แก่ตน หรือ (2) นับแต่วันที่เริ่มหน้าที่ผู้จัดการมรดกตามมาตรา 1726 ในกรณีที่ศาลตั้งเป็นผู้จัดการมรดก หรือ (3) นับแต่วันที่ผู้จัดการมรดกรับเป็นผู้จัดการมรดกในกรณีอื่น",1137,176,1313,0.136337400006596,4.090905999997631,4.227243400004227,1,0,0.5,1.0,0.0,0.0,0.9034472703933716
37,sparse_rag,พินัยกรรมแบบเขียนเองต้องทำยังไง,พินัยกรรมแบบเขียนเองต้องทำเป็นเอกสารเขียนด้วยมือของผู้ทำพินัยกรรมเองทั้งฉบับ รวมถึงข้อความทั้งหมด วัน เดือน ปี และลายมือชื่อของตน ตามมาตรา 1657 แห่งประมวลกฎหมายแพ่งและพาณิชย์ และหากมีการขูดลบ ตก เติม หรือแก้ไขเปลี่ยนแปลงใด ๆ ต้องทำด้วยมือตนเองและลงลายมือชื่อกำกับไว้ด้วย จึงจะถือว่าสมบูรณ์,ผู้ทำพินัยกรรมต้องเขียนด้วยมือเองทั้งข้อความ วัน เดือน ปี และลายมือชื่อของตน,"พินัยกรรมแบบเขียนเองสามารถทำได้โดย =>ผู้ทำพินัยกรรมต้องเขียนด้วยมือเองทั้งข้อความ วัน เดือน ปี และลายมือชื่อของตน  

คำอธิบาย : ประมวลกฎหมายแพ่งและพาณิชย์ มาตรา 1657 
พินัยกรรมนั้น จะทำเป็นเอกสารเขียนเองทั้งฉบับก็ได้  => ผู้ทำพินัยกรรมต้องเขียนด้วยมือตนเองซึ่งข้อความทั้งหมด วัน เดือน ปี และลายมือชื่อของตน 
การแก้ไขพินัยกรรมโดยการขูดลบ ตก เติม หรือแก้ไขเปลี่ยนแปลง => จะต้องทำด้วยมือตนเอง และลงลายมือชื่อกำกับไว้ ไม่เช่นนั้นจะไม่สมบูรณ์",1102,159,1261,0.14105480001308024,3.0498148999758996,3.19086969998898,1,0,0.5,1.0,0.0,0.0,0.957196831703186
38,sparse_rag,การถูกกำจัดไม่ให้รับมรดกผลเป็นอย่างไร,การถูกกำจัดมิให้รับมรดกตามมาตรา 1606 แห่งประมวลกฎหมายแพ่งและพาณิชย์ ทำให้บุคคลนั้นไม่มีสิทธิรับมรดก แต่ทายาทของผู้ที่ถูกกำจัดยังคงสืบสันดานมรดกต่อไปได้ เหมือนผู้ที่ถูกกำจัดนั้นตายมาก่อนเจ้ามรดก อย่างไรก็ตาม ทรัพย์สินที่ทายาทได้รับมรดกมาภายใต้สถานะนี้ ไม่สามารถจัดการหรือใช้สิทธิได้ตามมาตรา 1548 แห่งประมวลกฎหมายแพ่งและพาณิชย์ โดยให้ใช้บังคับโดยอนุโลม.,การถูกกำจัดไม่ให้รับมรดก มีผลดังนี้ 1 เป็นการเฉพาะตัว 2 ผู้สืบสันดานของทายาทที่ถูกกำจัดสามารถสืบมรดกต่อไปเหมือนหนึ่งว่าทายาทนั้นตายแล้ว แต่ทรัพย์สินที่ผู้สืบสันดานได้รับมรดกมา ไม่มีสิทธิที่จะจัดการและใช้ดังที่ระบุไว้ในบรรพ 5 ลักษณะ 2 หมวด 3 แห่งประมวลกฎหมายแพ่งและพาณิชย์ ในกรณีเช่นนั้นให้ใช้มาตรา 1548 บังคับโดยอนุโลม.,การถูกกำจัดไม่ให้รับมรดก มีผลดังนี้ 1 เป็นการเฉพาะตัว 2 ผู้สืบสันดานของทายาทที่ถูกกำจัดสามารถสืบมรดกต่อไปเหมือนหนึ่งว่าทายาทนั้นตายแล้ว แต่ทรัพย์สินที่ผู้สืบสันดานได้รับมรดกมา ไม่มีสิทธิที่จะจัดการและใช้ดังที่ระบุไว้ในบรรพ 5 ลักษณะ 2 หมวด 3 แห่งประมวลกฎหมายแพ่งและพาณิชย์ ในกรณีเช่นนั้นให้ใช้มาตรา 1548 บังคับโดยอนุโลม,1437,218,1655,0.15757380001014099,5.040402499958873,5.197976299969014,1,0,0.5,0.5,0.16666666666666666,0.16666666666666666,0.927566647529602
39,sparse_rag,เหตุในการเลิกมูลนิธิมีอะไรบ้าง,"มูลนิธิย่อมเลิกด้วยเหตุตามมาตรา 130 แห่งประมวลกฎหมายแพ่งและพาณิชย์ ได้แก่ (1) เมื่อมีเหตุตามที่กำหนดในข้อบังคับ, (2) เมื่อสิ้นระยะเวลาที่ตั้งมูลนิธิไว้, (3) เมื่อได้ดำเนินการตามวัตถุประสงค์สำเร็จบริบูรณ์แล้ว หรือวัตถุประสงค์นั้นกลายเป็นพ้นวิสัย, (4) เมื่อมูลนิธินั้นล้มละลาย, และ (5) เมื่อศาลมีคำสั่งให้เลิกมูลนิธิตามมาตรา 131.",เหตุในการเลิกมูลนิธิ มีดังนี้ 1.เหตุตามที่กำหนดในข้อบังคับ 2.เมื่อสิ้นระยะเวลาตามที่มูลนิธิตั้งใจ 3.มูลนิธิได้ดำเนินการตามวัตถุประสงค์ที่ตั้งไว้แล้ว หรือวัตถุประสงค์เป็นพ้นวิสัย 4.มูลนิธิล้มละลาย 5.ศาลสั่งให้เลิกมูลนิธิ ตามมาตรา 131,เหตุในการเลิกมูลนิธิ มีดังนี้ 1.เหตุตามที่กำหนดในข้อบังคับ 2.เมื่อสิ้นระยะเวลาตามที่มูลนิธิตั้งใจ 3.มูลนิธิได้ดำเนินการตามวัตถุประสงค์ที่ตั้งไว้แล้ว หรือวัตถุประสงค์เป็นพ้นวิสัย 4.มูลนิธิล้มละลาย 5.ศาลสั่งให้เลิกมูลนิธิ ตามมาตรา 131 คำอธิบายขยายความ : ประมวลกฎหมายแพ่งและพาณิชย์ มาตรา 130 มูลนิธิย่อมเลิกด้วยเหตุหนึ่งเหตุใด ดังต่อไปนี้ (1) เมื่อมีเหตุตามที่กำหนดในข้อบังคับ (2) ถ้ามูลนิธิตั้งขึ้นไว้เฉพาะระยะเวลาใด เมื่อสิ้นระยะเวลานั้น (3) ถ้ามูลนิธิตั้งขึ้นเพื่อวัตถุประสงค์อย่างใด และได้ดำเนินการตามวัตถุประสงค์สำเร็จบริบูรณ์แล้ว หรือวัตถุประสงค์นั้นกลายเป็นพ้นวิสัย (4) เมื่อมูลนิธินั้นล้มละลาย (5) เมื่อศาลมีคำสั่งให้เลิกมูลนิธิตามมาตรา 131,1153,202,1355,0.15463920001639053,3.9613375999615528,4.115976799977943,1,0,0.5,1.0,1.0,1.0,0.9478634595870972
40,sparse_rag,การประชุมใหญ่ในช่วงตอนบริษัทชำระบัญชีจะทำอย่างไร,"การประชุมใหญ่ในช่วงที่บริษัทอยู่ระหว่างชำระบัญชี ต้องดำเนินการตามบทบัญญัติแห่งประมวลกฎหมายแพ่งและพาณิชย์ มาตรา 1172 ถึงมาตรา 1193, มาตรา 1195 และมาตรา 1207 โดยให้ใช้บังคับโดยอนุโลม ตามมาตรา 1273 ทั้งนี้ ยกเว้นกรณีที่ข้อบังคับของบริษัทได้กำหนดไว้เป็นอย่างอื่น ซึ่งต้องเป็นไปตามมาตรา 1177.",บทบัญญัติแห่งมาตรา 1172 ถึงมาตรา 1193 กับมาตรา 1195 มาตรา 1207 เหล่านี้ ท่านให้ใช้บังคับแก่การประชุมใหญ่ซึ่งมีขึ้นในระหว่างชำระบัญชีด้วยโดยอนุโลม,"ประมวลกฎหมายแพ่งและพาณิชย์ มาตรา 1273 ได้กำหนดให้นำบทบัญญัติบางส่วนเกี่ยวกับการประชุมใหญ่ในสถานการณ์ปกติ ได้แก่ บทบัญญัติแห่งมาตรา 1172 ถึงมาตรา 1193 กับมาตรา 1195 มาตรา 1207 มาปรับใช้กับการประชุมใหญ่ในช่วงตอนบริษัทชำระบัญชีโดยอนุโลม

คำอธิบายเพิ่มเติม

ประมวลกฎหมายแพ่งและพาณิชย์ มาตรา 1273 บทบัญญัติแห่งมาตรา 1172 ถึงมาตรา 1193 กับมาตรา 1195 มาตรา 1207 เหล่านี้ ท่านให้ใช้บังคับแก่การประชุมใหญ่ซึ่งมีขึ้นในระหว่างชำระบัญชีด้วยโดยอนุโลม",849,169,1018,0.13525410002330318,3.329956899979152,3.465211000002455,1,0,0.08,1.0,1.0,1.0,0.9391341209411621
41,sparse_rag,ค่าใช้จ่ายอย่างอื่นนอกจากการรักษาทรัพย์สินถ้าต้องการจะคืนทรัพย์สินจะเรียกร้องอะไรได้บ้าง,ตามประมวลกฎหมายแพ่งและพาณิชย์ มาตรา 416 บุคคลผู้คืนทรัพย์สินสามารถเรียกร้องค่าใช้จ่ายที่ควรแก่การเพื่อรักษา บำรุง หรือซ่อมแซมทรัพย์สินนั้นได้เต็มจำนวน แต่ไม่สามารถเรียกร้องค่าใช้จ่ายอื่นนอกเหนือจากนั้น เช่น ค่าภาระติดพันหรือค่าใช้จ่ายทั่วไปในการดำรงรักษาผลประโยชน์ระหว่างที่เก็บรักษาทรัพย์สินได้,ค่าใช้จ่ายเฉพาะที่เสียไปในระหว่างที่ตนทำการโดยสุจริต และเมื่อทรัพย์สินนั้นได้มีราคาเพิ่มสูงขึ้นเพราะค่าใช้จ่ายนั้นในเวลาที่คืน และจะเรียกได้ก็แต่เพียงเท่าราคาที่เพิ่มขึ้นเท่านั้น,ค่าใช้จ่ายเฉพาะที่เสียไปในระหว่างที่ตนทำการโดยสุจริต และเมื่อทรัพย์สินนั้นได้มีราคาเพิ่มสูงขึ้นเพราะค่าใช้จ่ายนั้นในเวลาที่คืน และจะเรียกได้ก็แต่เพียงเท่าราคาที่เพิ่มขึ้นเท่านั้น,1458,165,1623,0.13354790001176298,2.82274110004073,2.956289000052493,0,0,0.0,0.0,0.0,0.0,0.8371586799621582
42,sparse_rag,ถ้าเลิกสมาคมแล้ว ต้องทำยังไง,เมื่อสมาคมเลิก ต้องดำเนินการชำระบัญชีสมาคมตามมาตรา 106 แห่งประมวลกฎหมายแพ่งและพาณิชย์ โดยให้นำบทบัญญัติเกี่ยวกับการชำระบัญชีห้างหุ้นส่วนจดทะเบียน ห้างหุ้นส่วนจำกัด และบริษัทจำกัด มาใช้บังคับโดยอนุโลม.,ผู้มีส่วนได้เสียอาจร้องขอให้นายทะเบียนถอนชื่อสมาคมออกจากทะเบียนได้ ถ้านายทะเบียนไม่ปฏิบัติตามคำร้องขอโดยไม่แจ้งเหตุผลให้ผู้ร้องขอทราบภายในเวลาอันสมควร หรือนายทะเบียนได้แจ้งเหตุผลให้ทราบแล้วแต่ผู้ร้องขอไม่พอใจในเหตุผลดังกล่าว ผู้ร้องขอนั้นจะร้องขอต่อศาลให้สั่งเลิกสมาคมนั้นเสียก็ได้,ผู้มีส่วนได้เสียอาจร้องขอให้นายทะเบียนถอนชื่อสมาคมออกจากทะเบียนได้ ถ้านายทะเบียนไม่ปฏิบัติตามคำร้องขอโดยไม่แจ้งเหตุผลให้ผู้ร้องขอทราบภายในเวลาอันสมควร หรือนายทะเบียนได้แจ้งเหตุผลให้ทราบแล้วแต่ผู้ร้องขอไม่พอใจในเหตุผลดังกล่าว ผู้ร้องขอนั้นจะร้องขอต่อศาลให้สั่งเลิกสมาคมนั้นเสียก็ได้,988,108,1096,0.13625969999702647,2.2197438000002876,2.356003499997314,0,0,0.0,0.0,0.0,0.0,0.7969417572021484
43,sparse_rag,การให้ประกันเพื่อหนี้ ถือเป็นการให้สัตยาบันในนิติกรรมที่เป็นโมฆียะหรือไม่,การให้ประกันเพื่อหนี้ ถือเป็นการให้สัตยาบันในนิติกรรมที่เป็นโมฆียะ ตามมาตรา 180 วรรคสอง แห่งประมวลกฎหมายแพ่งและพาณิชย์,ถือว่าเป็นได้ตามพฤติการณ์,ถือว่าเป็นได้ตามพฤติการณ์ ตาม ประมวลกฎหมายแพ่งและพาณิชย์ มาตรา 180 ภายหลังเวลาอันพึงให้สัตยาบันได้ตามมาตรา 179 ถ้ามีพฤติการณ์อย่างหนึ่งอย่างใดดังต่อไปนี้เกิดขึ้นเกี่ยวด้วยโมฆียะกรรมโดยการกระทำของบุคคลซึ่งมีสิทธิบอกล้างโมฆียะกรรมตามมาตรา 175 ถ้ามิได้สงวนสิทธิไว้แจ้งชัดประการใดให้ถือว่าเป็นการให้สัตยาบัน (1) ได้ปฏิบัติการชำระหนี้แล้วทั้งหมดหรือแต่บางส่วน (2) ได้มีการเรียกให้ชำระหนี้นั้นแล้ว (3) ได้มีการแปลงหนี้ใหม่ (4) ได้มีการให้ประกันเพื่อหนี้นั้น (5) ได้มีการโอนสิทธิหรือความรับผิดทั้งหมดหรือแต่บางส่วน (6) ได้มีการกระทำอย่างอื่นอันแสดงได้ว่าเป็นการให้สัตยาบัน,1402,66,1468,0.14826889999676496,1.5094465999864042,1.6577154999831691,1,0,0.6666666666666666,1.0,0.0,0.0,0.8169993758201599
44,sparse_rag,หากลูกหนี้จะยกข้อต่อสู้ขึ้นอ้างผู้รับโอนมีกรณีใดบ้าง,ลูกหนี้สามารถยกข้อต่อสู้ขึ้นอ้างผู้รับโอนได้เฉพาะเมื่อข้อต่อสู้นั้นปรากฏในตัวตราสาร หรือมีลักษณะเป็นธรรมชาติสืบจากลักษณะของตราสารนั้น ตามมาตรา 312 แห่งประมวลกฎหมายแพ่งและพาณิชย์ ทั้งนี้ การโอนหนี้จะทำให้ลูกหนี้สามารถยกข้อต่อสู้ขึ้นอ้างผู้รับโอนได้ก็ต่อเมื่อมีการสลักหลังไว้ในตราสารและส่งมอบตราสารนั้นให้แก่ผู้รับโอนแล้ว ตามมาตรา 309 แห่งประมวลกฎหมายแพ่งและพาณิชย์,เมื่อมีการโอนสิทธิเรียกร้องตามมาตรา 306 แล้ว จะแบ่งได้ 2 กรณี ดังนี้ 1.ลูกหนี้ยินยอมตามมาตรา 306 โดยไม่อิดเอื้อน ก็จะยกข้อต่อสู้ขึ้นต่อสู้ผู้รับโอนไม่ได้ แต่หากลูกนี้ชำระหนี้แก่ผู้โอนแล้ว ลูกหนี้สามารถเรียกเงินคืนได้ หรือลูกหนี้รับภาระเป็นหนี้อย่างใดอย่างหนึ่งขึ้นใหม่ต่อผู้โอน ให้ถือเสมือนว่าลูกหนี้ไม่ได้รับภาระใหม่นี้เลย  หรือ 2.ลูกหนี้ได้รับแต่คำบอกกล่าวการโอน (ไม่ได้ยินยอม)  ยกขึ้นต่อสู้ผู้รับโอนได้เฉพาะก่อนการบอกกล่าวเท่านั้น และหากลูกหนี้มีสิทธิเรียกร้องจากผู้โอน แม้จะยังไม่ถึงกำหนด ก็ย่อมสามารถนำมาหักกลบลบหนี้ได้ แต่สิทธิเรียกร้องนี้ต้องถึงกำหนดก่อนการโอนสิทธิเรียกร้อง และก่อนได้รับคำบอกกล่าวการโอนก็จะยกขึ้นต่อสู้ผู้รับโอนได้,"เมื่อมีการโอนสิทธิเรียกร้องตามมาตรา 306 แล้ว จะแบ่งได้ 2 กรณี ดังนี้ 1.ลูกหนี้ยินยอมตามมาตรา 306 โดยไม่อิดเอื้อน ก็จะยกข้อต่อสู้ขึ้นต่อสู้ผู้รับโอนไม่ได้ แต่หากลูกนี้ชำระหนี้แก่ผู้โอนแล้ว ลูกหนี้สามารถเรียกเงินคืนได้ หรือลูกหนี้รับภาระเป็นหนี้อย่างใดอย่างหนึ่งขึ้นใหม่ต่อผู้โอน ให้ถือเสมือนว่าลูกหนี้ไม่ได้รับภาระใหม่นี้เลย  หรือ 2.ลูกหนี้ได้รับแต่คำบอกกล่าวการโอน (ไม่ได้ยินยอม)  ยกขึ้นต่อสู้ผู้รับโอนได้เฉพาะก่อนการบอกกล่าวเท่านั้น และหากลูกหนี้มีสิทธิเรียกร้องจากผู้โอน แม้จะยังไม่ถึงกำหนด ก็ย่อมสามารถนำมาหักกลบลบหนี้ได้ แต่สิทธิเรียกร้องนี้ต้องถึงกำหนดก่อนการโอนสิทธิเรียกร้อง และก่อนได้รับคำบอกกล่าวการโอนก็จะยกขึ้นต่อสู้ผู้รับโอนได้ 

คำอธิบายขยายความ : ประมวลกฎหมายแพ่งและพาณิชย์ มาตรา 308 ถ้าลูกหนี้ได้ให้ความยินยอมดังกล่าวมาในมาตรา 306 โดยมิได้อิดเอื้อน ท่านว่าจะยกข้อต่อสู้ที่มีต่อผู้โอนขึ้นต่อสู้ผู้รับโอนนั้นหาได้ไม่ แต่ถ้าเพื่อจะระงับหนี้นั้นลูกหนี้ได้ใช้เงินให้แก่ผู้โอนไปไซร้ ลูกหนี้จะเรียกคืนเงินนั้นก็ได้ หรือถ้าเพื่อการเช่นกล่าวมานั้น ลูกหนี้รับภาระเป็นหนี้อย่างใดอย่างหนึ่งขึ้นใหม่ต่อผู้โอน จะถือเสมือนหนึ่งว่าหนี้นั้นมิได้ก่อขึ้นเลยก็ได้ ถ้าลูกหนี้เป็นแต่ได้รับคำบอกกล่าวการโอน ท่านว่าลูกหนี้มีข้อต่อสู้ผู้โอนก่อนเวลาที่ได้รับคำบอกกล่าวนั้นฉันใด ก็จะยกขึ้นเป็นข้อต่อสู้แก่ผู้รับโอนได้ฉันนั้น ถ้าลูกหนี้มีสิทธิเรียกร้องจากผู้โอน แต่สิทธินั้นยังไม่ถึงกำหนดในเวลาบอกกล่าวไซร้ ท่านว่าจะเอาสิทธิเรียกร้องนั้นมาหักกลบลบกันก็ได้ หากว่าสิทธินั้นจะได้ถึงกำหนดไม่ช้ากว่าเวลาถึงกำหนดแห่งสิทธิเรียกร้องอันได้โอนไปนั้น",927,203,1130,0.14981289999559522,3.554086499963887,3.7038993999594823,0,0,0.0,0.0,0.0,0.0,0.8106490969657898
45,sparse_rag,สามารถทำพินัยกรรมก่อตั้งมูลนิธิได้หรือไม่อย่างไร,สามารถทำพินัยกรรมก่อตั้งมูลนิธิได้ตามมาตรา 1676 แห่งประมวลกฎหมายแพ่งและพาณิชย์ ซึ่งบัญญัติว่า พินัยกรรมจะทำขึ้นโดยให้บุคคลใดตกอยู่ในภาระติดพันที่จะต้องก่อตั้งมูลนิธิเพื่อประโยชน์อย่างใดอย่างหนึ่งตามบทบัญญัติมาตรา 110 แห่งประมวลกฎหมายนี้ก็ได้,ได้ โดยผู้ทำพินัยกรรมจะสั่งให้บุคคลนั้นมีภาระที่จะต้องก่อตั้งมูลนิธิได้,ได้ โดยผู้ทำพินัยกรรมจะสั่งให้บุคคลนั้นมีภาระที่จะต้องก่อตั้งมูลนิธิได้   ตามประมวลกฎหมายแพ่งและพาณิชย์ มาตรา 1676 วางหลักว่า พินัยกรรมจะทำขึ้นโดยให้บุคคลใดตกอยู่ในภาระหน้าที่จะต้องก่อตั้งมูลนิธิได้ หรือจะสั่งจัดสรรทรัพย์สินไว้โดยตรง เพื่อประโยชน์การกุศลสาธารณะ การศาสนา ศิลปะ วิทยาศาสตร์ วรรณคดี การศึกษา หรือเพื่อสาธารณประโยชน์อย่างอื่นซึ่งไม่ได้มุ่งหาผลประโยชน์มาแบ่งปันกัน,871,143,1014,0.1348471000092104,2.808389400015585,2.9432365000247955,1,0,0.5,1.0,0.0,0.0,0.90900057554245
46,sparse_rag,บุคคลเสมือนไร้ความสามารถคือใคร,บุคคลเสมือนไร้ความสามารถ คือ บุคคลที่มีจิตฟั่นเฟือนไม่สมประกอบ แต่ยังไม่วิกลจริต ซึ่งศาลอาจสั่งให้เป็นบุคคลเสมือนไร้ความสามารถได้ตามมาตรา 33 แห่งประมวลกฎหมายแพ่งและพาณิชย์,บุคคลเสมือนไร้ความสมารถ คือบุคคลที่มีลักษณะอย่างใดอย่างหนึ่ง ดังนี้ 1 บุคคลที่มีกายพิการหรือมีจิตฟั่นเฟือนไม่สมประกอบ  2 ประพฤติสุรุ่ยสุร่ายเสเพลเป็นอาจิณ  3 ติดสุรายาเมา  4 มีเหตุอื่นใดทำนองเดียวกันนั้น จนไม่สามารถจะจัดทำการงานโดยตนเองได้ หรือจัดกิจการไปในทางที่อาจจะเสื่อมเสียแก่ทรัพย์สินของตนเองหรือครอบครัว.,"บุคคลเสมือนไร้ความสมารถ คือบุคคลที่มีลักษณะอย่างใดอย่างหนึ่ง ดังนี้ 1 บุคคลที่มีกายพิการหรือมีจิตฟั่นเฟือนไม่สมประกอบ  2 ประพฤติสุรุ่ยสุร่ายเสเพลเป็นอาจิณ  3 ติดสุรายาเมา  4 มีเหตุอื่นใดทำนองเดียวกันนั้น จนไม่สามารถจะจัดทำการงานโดยตนเองได้ หรือจัดกิจการไปในทางที่อาจจะเสื่อมเสียแก่ทรัพย์สินของตนเองหรือครอบครัว  

เมื่อมีเหตุดังกล่าวแล้วบุคคลตามที่ระบุไว้ในมาตรา 28 ต้องร้องขอต่อศาล เพื่อให้ศาลจะสั่งให้บุคคลนั้นเป็นคนเสมือนไร้ความสามารถ บุคคลดังกล่าวจึงจะกลายเป็นผู้เสมือนไร้ความสามารถตามกฎหมาย  ตามประมวลกฎหมายแพ่งและพาณิชย์ มาตรา 32",1885,92,1977,0.14360740000847727,1.8509261999861337,1.994533599994611,0,0,0.0,0.0,0.0,0.0,0.8711347579956055
47,sparse_rag,ถ้ามีคำสั่งไม่รับจดทะเบียนมูลนิธิจะสามารถอุทธรณ์ได้หรือไม่,ได้ ตามประมวลกฎหมายแพ่งและพาณิชย์ มาตรา 115 ผู้ขอจดทะเบียนมีสิทธิอุทธรณ์คำสั่งไม่รับจดทะเบียนต่อรัฐมนตรีว่าการกระทรวงมหาดไทย โดยทำเป็นหนังสือยื่นต่อนายทะเบียนภายในสามสิบวันนับแต่วันที่ได้รับแจ้งคำสั่งไม่รับจดทะเบียน และคำวินิจฉัยของรัฐมนตรีว่าการกระทรวงมหาดไทยให้เป็นที่สุด,สามารถอุทธรณ์ได้ โดยผู้ขอจดทะเบียนอุทธรณ์ต่อรัฐมนตรีว่าการกระทรวงมหาดไทย โดยทำเป็นหนังสือยื่นต่อนายทะเบียนภายใน 30 วันนับแต่วันที่ได้รับแจ้งคำสั่งไม่รับจดทะเบียน,สามารถอุทธรณ์ได้ โดยผู้ขอจดทะเบียนอุทธรณ์ต่อรัฐมนตรีว่าการกระทรวงมหาดไทย  โดยทำเป็นหนังสือยื่นต่อนายทะเบียนภายใน 30 วันนับแต่วันที่ได้รับแจ้งคำสั่งไม่รับจดทะเบียน  ตามประมวลกฎหมายแพ่งและพาณิชย์ มาตรา 115,2144,154,2298,0.1345972999697551,2.955324099981226,3.089921399950981,1,0,0.25,1.0,0.0,0.0,0.9641927480697632
48,sparse_rag,หย่ากับสามีคนแรกไปแล้วพึ่งรู้ตัวว่าท้อง ลูกจะเป็นลูกใคร,ตามประมวลกฎหมายแพ่งและพาณิชย์ มาตรา 1532 วรรคสอง กรณีที่หย่ากันแล้ว ถ้าทราบภายหลังว่าท้อง ลูกจะถือว่าเป็นบุตรของบิดาและมารดาตามกฎหมาย แม้การหย่าจะเกิดขึ้นแล้วก็ตาม ดังนั้น ลูกนั้นจะเป็นลูกของสามีคนแรก หากการตั้งครรภ์เกิดขึ้นระหว่างการสมรสครั้งก่อน.,กฎหมายให้สันนิษฐานไว้ว่าเป็นลูกของผู้ชายที่ทำการสมรสหลังครั้งหลัง หมายถึงสามีใหม่นั่นเอง ยกเว้นว่าจะมีคำพิพากษาถึงที่สุดแสดงว่าเด็กมิใช่บุตรชอบด้วยกฎหมายของชายผู้เป็นสามีซึ่งได้จดทะเบียนสมรสครั้งหลัง  ก็ให้ใช้ข้อสันนิษฐานใหม่ว่าเป็นบุตรโดยชอบด้วยกฎหมายของผู้ชายคนเก่า.,กฎหมายให้สันนิษฐานไว้ว่าเป็นลูกของผู้ชายที่ทำการสมรสหลังครั้งหลัง หมายถึงสามีใหม่นั่นเอง ยกเว้นว่าจะมีคำพิพากษาถึงที่สุดแสดงว่าเด็กมิใช่บุตรชอบด้วยกฎหมายของชายผู้เป็นสามีซึ่งได้จดทะเบียนสมรสครั้งหลัง  ก็ให้ใช้ข้อสันนิษฐานใหม่ว่าเป็นบุตรโดยชอบด้วยกฎหมายของผู้ชายคนเก่า,925,141,1066,0.14994759997352958,3.154444199986756,3.3043917999602854,0,0,0.0,0.0,0.0,0.0,0.8257228136062622
49,sparse_rag,ศาลจะสั่งเปลี่ยนตัวผู้ใช้อำนาจทางปกครองได้หรือไม่,ศาลสามารถสั่งเปลี่ยนตัวผู้ใช้อำนาจปกครองได้ หากปรากฏว่าผู้ใช้อำนาจปกครองหรือผู้ปกครองประพฤติตนไม่สมควร หรือพฤติการณ์ภายหลังได้เปลี่ยนแปลงไป โดยต้องคำนึงถึงความผาสุกและประโยชน์ของบุตรเป็นสำคัญ ตามมาตรา 1521 แห่งประมวลกฎหมายแพ่งและพาณิชย์,ได้ถ้าผู้ใช้อำนาจปกครองหรือผู้ปกครองประพฤติตนไม่สมควร หรือภายหลังพฤติการณ์ได้เปลี่ยนแปลงไป,ได้ถ้าผู้ใช้อำนาจปกครองหรือผู้ปกครองประพฤติตนไม่สมควร หรือภายหลังพฤติการณ์ได้เปลี่ยนแปลงไป  ประมวลกฎหมายแพ่งและพาณิชย์ มาตรา 1521 ถ้าปรากฏว่าผู้ใช้อำนาจปกครองหรือผู้ปกครองตามมาตรา 1520 ประพฤติตนไม่สมควร หรือภายหลังพฤติการณ์ได้เปลี่ยนแปลงไป ศาลมีอำนาจสั่งเปลี่ยนตัวผู้ใช้อำนาจปกครองหรือผู้ปกครองโดยคำนึงถึงความผาสุกและประโยชน์ของบุตรเป็นสำคัญ,1256,119,1375,0.1389824000070803,1.8855949999997392,2.0245774000068195,1,0,0.5,1.0,0.0,0.0,0.9687227010726929
50,sparse_rag,หากได้จัดการงานซึ่งบุคคลที่มีหน้าที่ในการทำการงานนั้นไม่ได้สั่งไว้ ผู้ที่ได้จัดการงานแทนต้องทำอย่างไรบ้าง,ผู้ที่ได้จัดการงานแทนโดยไม่ได้รับมอบหมายต้องจัดการงานไปในทางที่จะให้สมประโยชน์ของตัวการตามความประสงค์อันแท้จริงของตัวการ หรือตามที่จะพึงสันนิษฐานได้ว่าเป็นความประสงค์ของตัวการ (ตามประมวลกฎหมายแพ่งและพาณิชย์ มาตรา 395) และต้องบอกกล่าวแก่ตัวการโดยเร็วที่สุดที่จะทำได้ เพื่อรอฟังคำวินิจฉัยของตัวการ เว้นแต่ภัยจะมีขึ้นเพราะการที่หน่วงเนิ่นไว้ (ตามมาตรา 399),ต้องแจ้งให้บุคคลที่มีหน้าที่เช่นนั้นทราบโดยเร็วที่สุดเท่าที่จะทำได้ แม้ว่าการงานที่ตนได้จัดการแทนนั้นยังไม่เสร็จก็ตาม,ต้องแจ้งให้บุคคลที่มีหน้าที่เช่นนั้นทราบโดยเร็วที่สุดเท่าที่จะทำได้ แม้ว่าการงานที่ตนได้จัดการแทนนั้นยังไม่เสร็จก็ตาม   ตามประมวลกฎหมายแพ่งและพาณิชย์ มาตรา 399 ในการจัดการงานนอกสั่ง ให้ผู้ที่จัดการงานแทนซึ่งตนไม่ได้มีหน้าที่นั้นแจ้งแก่บุคคลที่มีหน้าที่จัดการงานนั้นโดยเร็วที่สุดที่จะทำได้ว่าตนได้มีการจัดการงานแทนแล้ว และต้องรอฟังบุคคลที่มีหน้าที่นั้นตัดสินใจว่าตนจะสามารถจัดการงานแทนได้หรือไม่ แต่หากปล่อยช้าไว้จะทำให้เกิดภัยอันตรายขึ้น ผู้ที่จัดการงานแทนก็ไม่จำเป็นต้องรอฟังเช่นนั้นก็ได้ นอกจากนี้ให้นำบทบัญญัติเรื่องตัวแทนมาใช้บังคับแก่หน้าที่ของผู้จัดการแทนด้วย,1022,184,1206,0.13495469995541498,4.103475000010803,4.238429699966218,1,0,0.25,0.5,0.0,0.0,0.8899904489517212
51,sparse_rag,ผู้เยาว์สามารถบอกล้างนิติกรรมที่ตกเป็นโมฆียะกรรมได้หรือไม่,ผู้เยาว์สามารถบอกล้างนิติกรรมที่ตกเป็นโมฆียะกรรมได้ ตามมาตรา 175 (1) แห่งประมวลกฎหมายแพ่งและพาณิชย์ แต่หากจะบอกล้างก่อนบรรลุนิติภาวะ ต้องได้รับความยินยอมจากผู้แทนโดยชอบธรรมก่อน,ได้ แต่เฉพาะในกรณีที่ผู้เยาว์บรรลุนิติภาวะแล้ว,ได้ แต่เฉพาะในกรณีที่ผู้เยาว์บรรลุนิติภาวะแล้ว  คำอธิบายเพิ่มเติม : ตามมาตรา 175 (1) ประมวลกฎหมายแพ่งและพาณิชย์ กำหนดกรณีที่สามารถบอกล้างโมฆียะกรรมได้ เช่น ผู้แทนโดยชอบธรรมหรือผู้เยาว์ซึ่งบรรลุนิติภาวะแล้ว แต่ผู้เยาว์จะบอกล้างก่อนที่ตนบรรลุนิติภาวะก็ได้ถ้าได้รับความยินยอมของผู้แทนโดยชอบธรรม,1359,89,1448,0.15178669994929805,2.127398800046649,2.279185499995947,1,0,0.5,1.0,0.0,0.0,0.9265977144241333
52,sparse_rag,หากลูกหนี้ชำระหนี้ล่าช้าไม่ตรงตามเวลาที่กำหนดไว้และเจ้าหนี้ก็ได้ยอมรับการชำระหนี้นั้นของลูกหนี้แล้ว เจ้าหนี้สามารถเรียกเอาเบี้ยปรับได้อีกหรือไม่อย่างไร,ตามประมวลกฎหมายแพ่งและพาณิชย์ มาตรา 381 วรรคสาม ถ้าเจ้าหนี้ยอมรับการชำระหนี้แล้ว จะเรียกเอาเบี้ยปรับได้ต่อเมื่อได้บอกสงวนสิทธิไว้เช่นนั้นในเวลารับชำระหนี้ ดังนั้น หากเจ้าหนี้ไม่ได้สงวนสิทธิเรียกเบี้ยปรับไว้ขณะรับชำระหนี้ ถือว่าสละสิทธิดังกล่าวไปแล้ว และไม่สามารถเรียกเบี้ยปรับได้อีก,เจ้าหนี้จะเรียกเอาเบี้ยปรับไม่ได้ เว้นแต่ เจ้าหนี้ได้มีการบอกกล่าวลูกหนี้ในขณะที่ตนรับชำระหนี้นั้นเป็นการสงวนสิทธิว่าตนจะเรียกเอาเบี้ยปรับได้อีกจากการที่ลูกหนี้ชำระหนี้ล่าช้า,เจ้าหนี้จะเรียกเอาเบี้ยปรับไม่ได้ เว้นแต่ เจ้าหนี้ได้มีการบอกกล่าวลูกหนี้ในขณะที่ตนรับชำระหนี้นั้นเป็นการสงวนสิทธิว่าตนจะเรียกเอาเบี้ยปรับได้อีกจากการที่ลูกหนี้ชำระหนี้ล่าช้า,1198,154,1352,0.1631793999695219,2.904096100013703,3.067275499983225,1,1,1.0,1.0,0.0,0.0,0.9175985455513
53,sparse_rag,การแสดงเจตนาโดยสำคัญผิดในสิ่งซึ่งเป็นสาระสำคัญแห่งนิติกรรมซึ่งเกิดขึ้นโดยความประมาทเลินเล่ออย่างร้ายแรงของบุคคลผู้แสดงเจตนา ผลทางกฎหมายเป็นอย่างไร,การแสดงเจตนาโดยสำคัญผิดในสิ่งซึ่งเป็นสาระสำคัญแห่งนิติกรรม ซึ่งเกิดขึ้นโดยความประมาทเลินเล่ออย่างร้ายแรงของบุคคลผู้แสดงเจตนา นิติกรรมนั้นเป็นโมฆะตามมาตรา 156 แห่งประมวลกฎหมายแพ่งและพาณิชย์ และบุคคลผู้แสดงเจตนาจะถือเอาความสำคัญผิดนั้นมาใช้เป็นประโยชน์แก่ตนไม่ได้ ตามมาตรา 158 แห่งประมวลกฎหมายแพ่งและพาณิชย์,บุคคลนั้นจะถือเอาความสำคัญผิดนั้นมาใช้เป็นประโยชน์แก่ตนเองไม่ได้,บุคคลนั้นจะถือเอาความสำคัญผิดนั้นมาใช้เป็นประโยชน์แก่ตนเองไม่ได้ ตามประมวลกฎหมายแพ่งและพาณิชย์ มาตรา 158,973,164,1137,0.15139200002886355,3.807007599971257,3.9583996000001207,1,0,0.6666666666666666,0.5,0.0,0.0,0.8863179683685303
54,sparse_rag,สามารถเลิกรับบุตรบุญธรรมที่อายุ 21 ปีแล้วได้หรือไม่,ได้ เนื่องจากบุตรบุญธรรมได้บรรลุนิติภาวะแล้ว จึงสามารถเลิกความสัมพันธ์การรับบุตรบุญธรรมได้โดยความตกลงร่วมกันระหว่างผู้รับบุตรบุญธรรมกับบุตรบุญธรรม ตามมาตรา 1598/31 แห่งประมวลกฎหมายแพ่งและพาณิชย์,สามารถเลิกรับบุตรบุญธรรมที่บรรลุนิติภาวะได้โดยผู้รับบุตรบุญธรรมตกลงกับบุตรบุญธรรม,สามารถเลิกรับบุตรบุญธรรมที่บรรลุนิติภาวะได้โดยผู้รับบุตรบุญธรรมตกลงกับบุตรบุญธรรม  ประมวลกฎหมายแพ่งและพาณิชย์ มาตรา 1598/31,1156,111,1267,0.1568667000392452,2.5065346999908797,2.663401400030125,1,0,0.14285714285714285,1.0,0.0,0.0,0.9568356275558472
55,sparse_rag,ถ้าผู้พิทักษ์ไม่อนุญาตให้คนเสมือนไร้ความสามารถกู้ยืมเงิน คนเสมือนไร้ความสามารถจะทำอย่างไรได้บ้าง,หากผู้พิทักษ์ไม่อนุญาตให้คนเสมือนไร้ความสามารถกู้ยืมเงินโดยปราศจากเหตุผลอันสมควร คนเสมือนไร้ความสามารถสามารถร้องขอให้ศาลพิจารณาอนุญาตให้กระทำได้ตามมาตรา 35 แห่งประมวลกฎหมายแพ่งและพาณิชย์ ถ้าการกู้ยืมนั้นเป็นประโยชน์แก่ตน,คนเสมือนไร้ความสามารถอาจร้องขอให้ศาลมีคำสั่งอนุญาตได้ให้ตนกู้ยืมเงินนั้นได้ โดยไม่ต้องได้รับความยินยอมจากผู้พิทักษ์ ถ้าหากการกู้ยืมเงินนั้นเป็นประโยชน์แก่คนเสมือนไร้ความสามารถ และผู้พิทักษ์ไม่ยินยอมให้ทำการกู้ยืมนั้นโดยปราศจากเหตุอันสมควร,คนเสมือนไร้ความสามารถอาจร้องขอให้ศาลมีคำสั่งอนุญาตได้ให้ตนกู้ยืมเงินนั้นได้ โดยไม่ต้องได้รับความยินยอมจากผู้พิทักษ์ ถ้าหากการกู้ยืมเงินนั้นเป็นประโยชน์แก่คนเสมือนไร้ความสามารถ และผู้พิทักษ์ไม่ยินยอมให้ทำการกู้ยืมนั้นโดยปราศจากเหตุอันสมควร,1765,109,1874,0.15436089999275282,2.015680800017435,2.170041700010188,1,1,1.0,0.5,0.0,0.0,0.9342153072357178
56,sparse_rag,ของหมั้นจะตกเป็นของหญิงคู่หมั้นเมื่อใด,"ของหมั้นจะตกเป็นของหญิงคู่หมั้นเมื่อมีการสมรสเกิดขึ้นตามประมวลกฎหมายแพ่งและพาณิชย์ มาตรา 1440 วรรคสอง ซึ่งบัญญัติว่า ""ในกรณีที่หญิงเป็นผู้มีสิทธิได้ค่าทดแทน ศาลอาจชี้ขาดว่า ของหมั้นที่ตกเป็นสิทธิแก่หญิงนั้นเป็นค่าทดแทนทั้งหมดหรือเป็นส่วนหนึ่งของค่าทดแทนที่หญิงพึงได้รับ"" ดังนั้น ของหมั้นจึงตกเป็นของหญิงเมื่อมีการสมรสเกิดขึ้น และหากไม่ได้สมรส หญิงอาจมีสิทธิได้รับค่าทดแทนแทน โดยศาลจะพิจารณาเป็นกรณีไป",เมื่อการหมั้นนั้นสมบูรณ์แล้ว โดยฝ่ายชายได้มีการส่งมอบหรือโอนทรัพย์สินที่เป็นของหมั้นให้แก่หญิงคู่หมั้น เพื่อเป็นหลักฐานว่าจะสมรสกับหญิงนั้น,เมื่อการหมั้นนั้นสมบูรณ์แล้ว โดยฝ่ายชายได้มีการส่งมอบหรือโอนทรัพย์สินที่เป็นของหมั้นให้แก่หญิงคู่หมั้น เพื่อเป็นหลักฐานว่าจะสมรสกับหญิงนั้น คำอธิบายขยายความ: ตามประมวลกฎหมายแพ่งและพาณิชย์ มาตรา 1437 การหมั้นจะสมบูรณ์เมื่อฝ่ายชายได้มีการส่งมอบหรือโอนทรัพย์สินที่เป็นของหมั้นให้แก่หญิงคู่หมั้น เพื่อเป็นหลักฐานว่าจะสมรสกับหญิงนั้นในอนาคต โดยเมื่อหมั้นแล้วให้ของหมั้นนั้นตกเป็นของหญิงคู่หมั้น,1102,236,1338,0.13188399997306988,4.763464300020132,4.895348299993202,0,0,0.0,0.0,0.0,0.0,0.8617135882377625
57,sparse_rag,ในส่วนของหนี้รักษาอสังหาริมทรัพย์ เจ้าหนี้ที่มีสิทธิได้รับชำระหนี้ก่อนสามารถใช้สิทธินี้ยังไงบ้าง,เจ้าหนี้ที่มีสิทธิรักษาอสังหาริมทรัพย์ตามมาตรา 278 แห่งประมวลกฎหมายแพ่งและพาณิชย์ มีสิทธิได้รับชำระหนี้ก่อนผู้มีบุริมสิทธิอื่นที่อยู่ในลำดับรองลงมา แต่หากเจ้าหนี้ผู้มีสิทธิลำดับแรกรู้ว่ามีเจ้าหนี้อื่นที่มีสิทธิอยู่ในลำดับที่สองหรือสาม ท่านห้ามมิให้ใช้สิทธินั้นต่อบุคคลที่ได้รักษาทรัพย์ไว้เพื่อประโยชน์แก่เจ้าหนี้ลำดับแรกด้วย.,ใช้สำหรับเอาค่าใช้จ่ายเพื่อรักษาอสังหาริมทรัพย์ และมีอยู่เหนืออสังหาริมทรัพย์นั้นด้วย,"ใช้สำหรับเอาค่าใช้จ่ายเพื่อรักษาอสังหาริมทรัพย์ และมีอยู่เหนืออสังหาริมทรัพย์นั้นด้วย  
คำอธิบายขยายความ : มาตรา 274 แห่งประมวลกฎหมายแพ่งและพาณิชย์ บุริมสิทธิในมูลรักษาอสังหาริมทรัพย์นั้นใช้สำหรับเอาค่าใช้จ่ายเพื่อรักษาอสังหาริมทรัพย์ และมีอยู่เหนืออสังหาริมทรัพย์อันนั้น 
อนึ่งบทบัญญัติแห่งมาตรา 269 วรรคสองนั้น ท่านให้นำมาใช้บังคับแก่กรณีที่กล่าวมาในวรรคก่อนนี้ด้วย",1825,202,2027,0.13833889999659732,3.3735373999807052,3.5118762999773026,0,0,0.0,0.0,0.0,0.0,0.8268201351165771
58,sparse_rag,ถ้าเรายินยอมให้สามีมีเมียน้อย ต่อมาอยากที่จะฟ้องหย่าเพราะไม่โอเคกับเมียน้อยของสามีที่ทำตัวก้าวก่ายเรื่องครอบครัวเรามากเกินไป กรณีนี้อยากทราบว่าเราจะเรียกเงินกับทั้งสามีและเมียน้อยได้หรือไม่,"ตามประมวลกฎหมายแพ่งและพาณิชย์ มาตรา 1516 วรรคแรก บัญญัติว่า “สามีหรือภริยาอุปการะเลี้ยงดูหรือยกย่องผู้อื่นฉันภริยาหรือสามี เป็นชู้หรือมีชู้ หรือร่วมประเวณีกับผู้อื่นเป็นอาจิณ อีกฝ่ายหนึ่งฟ้องหย่าได้”  
กรณีที่สามีมีเมียน้อยและทำตัวก้าวก่ายเรื่องครอบครัว ถือว่าเป็นการ “มีชู้” ซึ่งเป็นเหตุฟ้องหย่าตามมาตรา 1516 (1) ได้  
อย่างไรก็ตาม กฎหมายไม่ได้บัญญัติให้สามารถเรียกค่าเสียหายจาก “เมียน้อย” ได้โดยตรง เว้นแต่จะมีการพิสูจน์ว่าเมียน้อยมีส่วนร่วมในการกระทำผิดทางแพ่ง เช่น บุกรุกทรัพย์สิน หรือก่อให้เกิดความเสียหายโดยเจตนา ซึ่งต้องพิสูจน์ในศาล  
ดังนั้น สามารถฟ้องหย่ากับสามีได้ตามมาตรา 1516 (1) แต่ไม่สามารถเรียกค่าเสียหายจากเมียน้อยได้โดยอัตโนมัติ ต้องพิสูจน์ความผิดของเมียน้อยในทางแพ่งเพิ่มเติม",ท่านจึงไม่สามารถเรียกค่าทดแทนจากสามีและหญิงอื่นที่มีความสัมพันธ์เชิงชู้สาวกับสามีท่านได้,เนื่องจากท่านยินยอมให้สามีท่านมีหญิงอื่น ดังนั้นท่านจึงไม่สามารถเรียกค่าทดแทนจากสามีและหญิงอื่นที่มีความสัมพันธ์เชิงชู้สาวกับสามีท่านได้   มาตรา 1523 แห่งประมวลกฎหมายแพ่งและพาณิชย์ เมื่อศาลพิพากษาให้หย่ากันเพราะเหตุตามมาตรา 1516 (1) ภริยาหรือสามีมีสิทธิได้รับค่าทดแทนจากสามีหรือภริยาและจากผู้ซึ่งได้รับการอุปการะเลี้ยงดูหรือยกย่อง หรือผู้ซึ่งเป็นเหตุแห่งการหย่านั้น สามีจะเรียกค่าทดแทนจากผู้ซึ่งล่วงเกินภริยาไปในทำนองชู้สาวก็ได้ และภริยาจะเรียกค่าทดแทนจากหญิงอื่นที่แสดงตนโดยเปิดเผยเพื่อแสดงว่าตนมีความสัมพันธ์กับสามีในทำนองชู้สาวก็ได้ ถ้าสามีหรือภริยายินยอมหรือรู้เห็นเป็นใจให้อีกฝ่ายหนึ่งกระทำการตามมาตรา 1516 (1) หรือให้ผู้อื่นกระทำการตามวรรคสอง สามีหรือภริยานั้นจะเรียกค่าทดแทนไม่ได้,2153,400,2553,0.15621079999255016,8.551338299992494,8.707549099985044,1,0,0.5,0.0,0.0,0.0,0.8770754933357239
59,sparse_rag,ถ้าเด็กถูกฟ้องไม่รับเป็นบุตรแล้วต้องการจะฟ้องการไม่รับเด็กเป็นบุตรจะทำได้ไหม,ไม่สามารถฟ้องขอให้ศาลพิพากษาไม่รับเด็กเป็นบุตรได้ เนื่องจากตามมาตรา 1539 แห่งประมวลกฎหมายแพ่งและพาณิชย์ บุคคลที่ต้องการไม่รับเด็กเป็นบุตรต้องเป็นผู้ยื่นฟ้องเด็กและมารดาเด็กเป็นจำเลย เพื่อพิสูจน์ว่าตนไม่ใช่บิดาของเด็ก แต่หากเด็กประสงค์จะฟ้องขอให้ศาลพิพากษาว่าตนไม่ใช่บุตรของผู้อื่น ไม่มีบทบัญญัติในประมวลกฎหมายแพ่งและพาณิชย์ที่รับรองสิทธิดังกล่าว ดังนั้นจึงไม่สามารถดำเนินการได้ตามกฎหมาย,ฟ้องได้หากเป็นผู้มีสิทธิได้รับมรดกร่วมกับเด็กหรือผู้จะเสียสิทธิรับมรดกเพราะการเกิดของเด็ก ในกรณี (1) ชายผู้เป็นหรือเคยเป็นสามีตายก่อนพ้นระยะเวลาที่ชายผู้เป็นหรือเคยเป็นสามีจะพึงฟ้องได้ (2) เด็กเกิดภายหลังการตายของชายผู้เป็นหรือเคยเป็นสามี กรณี (1) ต้องฟ้องภายในหกเดือนนับแต่วันที่รู้ถึงการตายของชายผู้เป็นหรือเคยเป็นสามี กรณี (2) ต้องฟ้องภายในหกเดือนนับแต่วันที่รู้ถึงการเกิดของเด็ก แต่ไม่ว่าเป็นกรณีใด ห้ามมิให้ฟ้องเมื่อพ้นสิบปีนับแต่วันเกิดของเด็ก.,ฟ้องได้หากเป็นผู้มีสิทธิได้รับมรดกร่วมกับเด็กหรือผู้จะเสียสิทธิรับมรดกเพราะการเกิดของเด็ก ในกรณี (1) ชายผู้เป็นหรือเคยเป็นสามีตายก่อนพ้นระยะเวลาที่ชายผู้เป็นหรือเคยเป็นสามีจะพึงฟ้องได้ (2) เด็กเกิดภายหลังการตายของชายผู้เป็นหรือเคยเป็นสามี กรณี (1) ต้องฟ้องภายในหกเดือนนับแต่วันที่รู้ถึงการตายของชายผู้เป็นหรือเคยเป็นสามี กรณี (2) ต้องฟ้องภายในหกเดือนนับแต่วันที่รู้ถึงการเกิดของเด็ก แต่ไม่ว่าเป็นกรณีใด ห้ามมิให้ฟ้องเมื่อพ้นสิบปีนับแต่วันเกิดของเด็ก คำอธิบายขยายความ: ประมวลกฎหมายแพ่งและพาณิชย์ มาตรา 1544 การฟ้องคดีไม่รับเด็กเป็นบุตร ผู้มีสิทธิได้รับมรดกร่วมกับเด็กหรือผู้จะเสียสิทธิรับมรดกเพราะการเกิดของเด็กอาจฟ้องได้ในกรณีดังต่อไปนี้ (1) ชายผู้เป็นหรือเคยเป็นสามีตายก่อนพ้นระยะเวลาที่ชายผู้เป็นหรือเคยเป็นสามีจะพึงฟ้องได้ (2) เด็กเกิดภายหลังการตายของชายผู้เป็นหรือเคยเป็นสามี การฟ้องคดีไม่รับเด็กเป็นบุตรในกรณี (1) ต้องฟ้องภายในหกเดือนนับแต่วันที่รู้ถึงการตายของชายผู้เป็นหรือเคยเป็นสามี การฟ้องคดีไม่รับเด็กเป็นบุตรในกรณี (2) ต้องฟ้องภายในหกเดือนนับแต่วันที่รู้ถึงการเกิดของเด็ก แต่ไม่ว่าเป็นกรณีใด ห้ามมิให้ฟ้องเมื่อพ้นสิบปีนับแต่วันเกิดของเด็ก ให้นำมาตรา 1539 มาใช้บังคับแก่การฟ้องคดีไม่รับเด็กเป็นบุตรตามวรรคหนึ่งโดยอนุโลม,1797,214,2011,0.1545326000195928,4.832094299956225,4.986626899975818,1,0,0.5,0.0,0.0,0.0,0.8156149387359619
60,sparse_rag,คู่สมรสผู้ตายจะได้รับมรดกสัดส่วนเท่าไหร่,"คู่สมรสผู้ตายจะได้รับมรดกสัดส่วนตามมาตรา 1635 แห่งประมวลกฎหมายแพ่งและพาณิชย์ ดังนี้  
- หากมีทายาทตามชั้นบุตร (มาตรา 1629 (1)) คู่สมรสได้รับส่วนแบ่งเสมือนเป็นทายาทชั้นบุตร  
- หากมีทายาทตามชั้น grandchild หรือมีทายาทตามชั้นพ่อแม่ คู่สมรสได้รับมรดกครึ่งหนึ่ง  
- หากมีทายาทตามชั้นหลานหรือปู่ย่าตายาย คู่สมรสได้รับมรดกสองส่วนในสาม  
- หากไม่มีทายาทใดเลย คู่สมรสได้รับมรดกทั้งหมด","คู่สมรสที่ยังมีชีวิตอยู่จะได้รับมรดกตามลำดับและส่วนแบ่งที่กฎหมายกำหนด ขึ้นอยู่กับการมีอยู่ของทายาท โดยมีสัดส่วนตั้งแต่เป็นทายาทชั้นบุตร, กึ่งหนึ่ง, สองส่วนในสาม, หรือทั้งหมด ขึ้นอยู่กับประเภทของทายาทที่มีอยู่ตามมาตรา 1635.",ลำดับและส่วนแบ่งของคู่สมรสที่ยังมีชีวิตอยู่ในการรับมรดกของผู้ตายนั้น กฎหมายกำหนดให้เป็นไปดังต่อไปนี้ (1) ถ้ามีทายาทผู้สืบสันดานซึ่งยังมีชีวิตอยู่หรือมีผู้รับมรดกแทนที่ แล้วแต่กรณี คู่สมรสที่ยังมีชีวิตอยู่นั้น มีสิทธิได้ส่วนแบ่งเสมือนหนึ่งว่าตนเป็นทายาทชั้นบุตร (2) ถ้ามีทายาทพี่น้องร่วมบิดามารดา และทายาทนั้นยังมีชีวิตอยู่หรือมีผู้รับมรดกแทนที่ หรือถ้าไม่มีทายาทผู้สืบสันดานแต่มีทายาทบิดามารดาแล้วแต่กรณี คู่สมรสที่ยังมีชีวิตอยู่นั้นมีสิทธิได้รับมรดกกึ่งหนึ่ง (3) ถ้ามีทายาทพี่น้องร่วมบิดาหรือร่วมมารดาเดียวกันทายาทลุง ป้า น้า อา และทายาทนั้นยังมีชีวิตอยู่ หรือมีผู้รับมรดกแทนที่ หรือมีทายาทปู่ ย่า ตา ยาย แล้วแต่กรณี คู่สมรสที่ยังมีชีวิตอยู่ มีสิทธิได้มรดกสองส่วนในสาม (4) ถ้าไม่มีทายาทใดตามข้อ (1) (2) (3) คู่สมรสที่ยังมีชีวิตอยู่นั้นมีสิทธิได้รับมรดกทั้งหมด คำอธิบายขยายความ: ประมวลกฎหมายแพ่งและพาณิชย์ มาตรา 1635 ลำดับและส่วนแบ่งของคู่สมรสที่ยังมีชีวิตอยู่ในการรับมรดกของผู้ตายนั้น ให้เป็นไปดังต่อไปนี้ (1) ถ้ามีทายาทตามมาตรา 1629 (1) ซึ่งยังมีชีวิตอยู่หรือมีผู้รับมรดกแทนที่ แล้วแต่กรณี คู่สมรสที่ยังมีชีวิตอยู่นั้น มีสิทธิได้ส่วนแบ่งเสมือนหนึ่งว่าตนเป็นทายาทชั้นบุตร (2) ถ้ามีทายาทตามมาตรา 1629 (3) และทายาทนั้นยังมีชีวิตอยู่หรือมีผู้รับมรดกแทนที่ หรือถ้าไม่มีทายาทตามมาตรา 1629 (1) แต่มีทายาทตามมาตรา 1629 (2) แล้วแต่กรณี คู่สมรสที่ยังมีชีวิตอยู่นั้นมีสิทธิได้รับมรดกกึ่งหนึ่ง (3) ถ้ามีทายาทตามมาตรา 1629 (4) หรือ (6) และทายาทนั้นยังมีชีวิตอยู่ หรือมีผู้รับมรดกแทนที่ หรือมีทายาทตามมาตรา 1629 (5) แล้วแต่กรณี คู่สมรสที่ยังมีชีวิตอยู่ มีสิทธิได้มรดกสองส่วนในสาม (4) ถ้าไม่มีทายาทดังที่ระบุไว้ในมาตรา 1629 คู่สมรสที่ยังมีชีวิตอยู่นั้นมีสิทธิได้รับมรดกทั้งหมด,1512,232,1744,0.13466219999827445,4.625816299987491,4.760478499985766,1,0,0.5,1.0,1.0,1.0,0.8213661909103394
61,sparse_rag,ผู้ทำพินัยกรรมสามารถลงลายพิมพ์นิ้วมือแทนการลงลายมือชื่อได้หรือไม่,ผู้ทำพินัยกรรมสามารถลงลายพิมพ์นิ้วมือแทนการลงลายมือชื่อได้ ตามประมวลกฎหมายแพ่งและพาณิชย์ มาตรา 1665 ที่กำหนดให้การลงลายพิมพ์นิ้วมือพร้อมพยานสองคนลงลายมือชื่อรับรองไว้ในขณะนั้น ถือว่าเสมอกับการลงลายมือชื่อ,ได้ แต่จะต้องมีพยานลงลายมือชื่อรับรองไว้ด้วยสองคนในขณะที่ผู้ทาพินัยกรรมลงลายพิมพ์นิ้วมือ โดยพยานที่ลงชื่อรับรองลายพิมพ์นิ้วมือดังกล่าวไม่จำเป็นต้องระบุว่าเป็นผู้รับรองลายพิมพ์นิ้วมือแต่อย่างใด,ได้ แต่จะต้องมีพยานลงลายมือชื่อรับรองไว้ด้วยสองคนในขณะที่ผู้ทาพินัยกรรมลงลายพิมพ์นิ้วมือ โดยพยานที่ลงชื่อรับรองลายพิมพ์นิ้วมือดังกล่าวไม่จำเป็นต้องระบุว่าเป็นผู้รับรองลายพิมพ์นิ้วมือแต่อย่างใด,1053,114,1167,0.14513749995967373,2.6803014000179246,2.8254388999775983,1,0,0.25,1.0,0.0,0.0,0.9098498225212097
62,sparse_rag,ถ้าผู้รับบุตรบุญธรรมทิ้งบุตรบุญธรรมไป 6 เดือน สามารถฟ้องเลิกการรับบุตรบุญธรรมได้หรือไม่,"ตามประมวลกฎหมายแพ่งและพาณิชย์ มาตรา 1598/33 วรรคสอง บุตรบุญธรรมสามารถฟ้องขอเลิกการรับบุตรบุญธรรมได้หากผู้รับบุตรบุญธรรมไม่อุปการะเลี้ยงดูบุตรบุญธรรม หรือจงใจละทิ้งบุตรบุญธรรมไปเกินกว่าหนึ่งปี ดังนั้น การที่ผู้รับบุตรบุญธรรมทิ้งบุตรบุญธรรมไปเพียง 6 เดือน ยังไม่ถือว่าเข้าข่าย ""ละทิ้งไปเกินหนึ่งปี"" จึงไม่สามารถฟ้องเลิกการรับบุตรบุญธรรมได้ตามมาตราดังกล่าว",ไม่สามารถฟ้องได้ เนื่องจากไม่เข้ากรณีจงใจละทิ้งอีกฝ่ายเกิน 1 ปี,ไม่สามารถฟ้องได้ เนื่องจากไม่เข้ากรณีจงใจละทิ้งอีกฝ่ายเกิน 1 ปี  ประมวลกฎหมายแพ่งและพาณิชย์ มาตรา 1598/33 คดีฟ้องเลิกการรับบุตรบุญธรรม (5) ฝ่ายหนึ่งจงใจละทิ้งอีกฝ่ายหนึ่งไปเกิน 1 ปี อีกฝ่ายหนึ่งนั้นฟ้องเลิกได้,1633,213,1846,0.1361312000080943,4.60041650000494,4.736547700013034,1,0,0.16666666666666666,1.0,0.0,0.0,0.8761656284332275
63,sparse_rag,ได้รับข้อเสนอก่อนที่ผู้ยื่นคำเสนอจะเสียชีวิต ข้อเสนอนั้นจะยังคงอยู่ไหม,ข้อเสนอนั้นจะสิ้นสุดลงเมื่อผู้ยื่นคำเสนอเสียชีวิต เนื่องจากตามประมวลกฎหมายแพ่งและพาณิชย์ มาตรา 356 บัญญัติว่า คำเสนอที่ทำแก่บุคคลผู้อยู่เฉพาะหน้า ย่อมสามารถรับสนองได้เพียง ณ ที่นั้น เวลาใดก็ตาม แต่หากผู้ยื่นคำเสนอเสียชีวิต ก่อนที่คำเสนอจะได้รับการรับสนอง คำเสนอจะสิ้นผลทางกฎหมายทันที.,การแสดงเจตนาที่ได้ส่งไปย่อมไม่เสียแม้ภายหลังผู้แสดงเจตนาจะถึงแก่ความตาย เว้นแต่การแสดงเจตนานั้นขัดกับเจตนาอันผู้เสนอได้แสดง หรือหากว่าก่อนจะสนองรับนั้น คู่กรณีอีกฝ่ายหนึ่งได้รู้อยู่แล้วว่าผู้เสนอตายหรือตกเป็นผู้ไร้ความสามารถ,การแสดงเจตนาที่ได้ส่งไปย่อมไม่เสียแม้ภายหลังผู้แสดงเจตนาจะถึงแก่ความตาย เว้นแต่การแสดงเจตนานั้นขัดกับเจตนาอันผู้เสนอได้แสดง หรือหากว่าก่อนจะสนองรับนั้น คู่กรณีอีกฝ่ายหนึ่งได้รู้อยู่แล้วว่าผู้เสนอตายหรือตกเป็นผู้ไร้ความสามารถ (ประมวลกฎหมายแพ่งและพาณิชย์ มาตรา 360 บทบัญญัติแห่งมาตรา 169 วรรคสอง นั้น ท่านมิให้ใช้บังคับ ถ้าหากว่าขัดกับเจตนาอันผู้เสนอได้แสดง หรือหากว่าก่อนจะสนองรับนั้น คู่กรณีอีกฝ่ายหนึ่งได้รู้อยู่แล้วว่าผู้เสนอตายหรือตกเป็นผู้ไร้ความสามารถ),995,162,1157,0.1468246000004001,3.0256700000027195,3.1724946000031196,0,0,0.0,0.0,0.0,0.0,0.8132959008216858
64,sparse_rag,สิทธิเรียกค่าทดเเทนกรณีผิดสัญญาหมั้นมีอายุความกี่เดือน,สิทธิเรียกค่าทดแทนกรณีผิดสัญญาหมั้นมีอายุความหกเดือนนับแต่วันที่ผิดสัญญาหมั้น ตามมาตรา 1447/1 แห่งประมวลกฎหมายแพ่งและพาณิชย์,มีอายุความหกเดือนนับแต่วันที่ผิดสัญญาหมั้น,มีอายุความหกเดือนนับแต่วันที่ผิดสัญญาหมั้น ประมวลกฎหมายแพ่งและพาณิชย์ มาตรา 1447/1 สิทธิเรียกร้องค่าทดแทนตามมาตรา 1439 ให้มีอายุความหกเดือนนับแต่วันที่ผิดสัญญาหมั้น สิทธิเรียกร้องค่าทดแทนตามมาตรา 1444 ให้มีอายุความหกเดือนนับแต่วันรู้หรือควรรู้ถึงการกระทำชั่วอย่างร้ายแรงอันเป็นเหตุให้บอกเลิกสัญญาหมั้น แต่ต้องไม่เกินห้าปีนับแต่วันกระทำการดังกล่าว สิทธิเรียกร้องค่าทดแทนตามมาตรา 1445 และมาตรา 1446 ให้มีอายุความหกเดือนนับแต่วันที่ชายหรือหญิงคู่หมั้นรู้หรือควรรู้ถึงการกระทำของผู้อื่นอันจะเป็นเหตุให้เรียกค่าทดแทนและรู้ตัวผู้จะพึงใช้ค่าทดแทนนั้น แต่ต้องไม่เกินห้าปีนับแต่วันที่ผู้อื่นนั้นได้กระทำการดังกล่าว,1097,73,1170,0.14982039999449626,1.691479699977208,1.8413000999717042,1,0,0.2,0.5,0.0,0.0,0.8834195137023926
65,sparse_rag,ในระหว่างทายาทกับผู้จัดการมรดกโดยพินัยกรรมและในระหว่างศาลกับผู้จัดการมรดกที่ศาลตั้งให้นำกฎหมายใดมาใช้บังคับ,"ให้นำมาตรา 1563, 1564 วรรค 1 และ 2 และ 1565 แห่งประมวลกฎหมายแพ่งและพาณิชย์ มาใช้บังคับโดยอนุโลม","ให้นำมาตรา 1563, 1564 วรรค 1 และ 2 และ 1565 แห่งประมวลกฎหมายแพ่งและพาณิชย์มาใช้บังคับโดยอนุโลม","ให้นำมาตรา 1563, 1564 วรรค 1 และ 2 และ 1565 แห่งประมวลกฎหมายแพ่งและพาณิชย์มาใช้บังคับโดยอนุโลม 

ตามประมวลกฎหมายแพ่งและพาณิชย์ มาตรา 1730 ให้นำมาตรา 1563, 1564 วรรค 1 และ 2 และ 1565 แห่งประมวลกฎหมายนี้มาใช้บังคับโดยอนุโลม ในระหว่างทายาทกับผู้จัดการมรดกโดยพินัยกรรมและในระหว่างศาลกับผู้จัดการมรดกที่ศาลตั้ง",1168,59,1227,0.1449315000209026,1.4049179999856278,1.5498495000065304,1,0,0.25,1.0,1.0,1.0,0.862328827381134
66,sparse_rag,กรณีลูกหนี้รับสภาพความผิดโดยมีหลักฐานเป็นหนังสือหรือให้ประกันมีอายุความสิทธิเรียกร้องเท่าใด,ตามประมวลกฎหมายแพ่งและพาณิชย์ มาตรา 193/35 กรณีลูกหนี้รับสภาพความรับผิดโดยมีหลักฐานเป็นหนังสือ หรือโดยการให้ประกัน ให้มีกำหนดอายุความของสิทธิเรียกร้องสองปี นับแต่วันที่ได้รับสภาพความรับผิดหรือให้ประกัน,2 ปี นับแต่วันที่ได้รับสารภาพความรับผิดหรือให้ประกัน,กรณีลูกนี้รับสภาพความผิดโยมีหลักฐานเป็นหนังสือหรือให้ประกันมีอายุความสิทธิเรียกร้องตามมาตรา 193/28 วรรคสอง คือ 2 ปี นับแต่วันที่ได้รับสารภาพความรับผิดหรือให้รปะกัน  ประมวลกฎหมายแพ่งและพาณิชย์ มาตรา 193/35 มาตรา 193/35 ต้องอยู่ใต้บังคับ(ต้องทำตาม) มาตรา 193/27 ก่อน,1004,103,1107,0.15964219998568296,2.469371900020633,2.629014100006316,1,0,0.6666666666666666,1.0,0.0,0.0,0.899235725402832
67,sparse_rag,อายุ 19 แต่งงานแล้ว ถือเป็นผู้บรรลุนิติภาวะหรือยัง,ตามประมวลกฎหมายแพ่งและพาณิชย์ มาตรา 20 ผู้เยาว์ย่อมบรรลุนิติภาวะเมื่อทำการสมรส หากการสมรสนั้นได้ทำตามบทบัญญัติมาตรา 1448 ดังนั้น หากบุคคลอายุ 19 ปีบริบูรณ์ได้ทำการสมรสตามกฎหมายแล้ว ถือว่าบรรลุนิติภาวะแม้ยังไม่ถึงอายุ 20 ปีบริบูรณ์,เมื่อทำการสมรสถูกต้องตามกฎหมายแล้วย่อมเป็นผู้บรรลุนิติภาวะตามกฎหมาย,อายุ 19 เป็นผู้เยาว์ตามกฎหมาย แต่เมื่อทำการสมรสถูกต้องตามกฎหมายแล้วย่อมเป็นผู้บรรลุนิติภาวะตามกฎหมาย คำอธิบายขยายความ: ประมวลกฎหมายแพ่งและพาณิชย์ มาตรา 20 ผู้เยาว์ย่อมบรรลุนิติภาวะเมื่อทำการสมรส หากการสมรสนั้นได้ทำตามบทบัญญัติมาตรา 1448,768,136,904,0.1488765999674797,2.428113400004804,2.576989999972284,1,0,0.5,0.5,0.0,0.0,0.9558804631233215
68,sparse_rag,กรมธรรม์ประกันภัยในการรับขนต้องระบุข้อความใดเพิ่มเติมอีก,"กรมธรรม์ประกันภัยในการรับขนต้องระบุข้อความเพิ่มเติมอีก ได้แก่ (1) ระบุทางและวิธีขนส่ง, (2) ชื่อหรือยี่ห้อของผู้ขนส่ง, (3) สถานที่ซึ่งกำหนดให้รับและส่งมอบของ, และ (4) กำหนดระยะเวลาขนส่งตามแต่มี ตามมาตรา 886 แห่งประมวลกฎหมายแพ่งและพาณิชย์",ต้องระบุข้อความดังนี้ไว้ด้วย 1. ระบุทางและวิธีขนส่ง 2. ชื่อหรือยี่ห้อของผู้ขนส่ง 3. สถานที่ซึ่งกำหนดให้รับและส่งมอบของ 4. กำหนดระยะเวลาขนส่งตามแต่มี,"ต้องระบุข้อความดังนี้ไว้ด้วย 
1. ระบุทางและวิธีขนส่ง 
2. ชื่อหรือยี่ห้อของผู้ขนส่ง 
3. สถานที่ซึ่งกำหนดให้รับและส่งมอบของ 
4. กำหนดระยะเวลาขนส่งตามแต่มี",959,129,1088,0.15708570001879707,2.249865499965381,2.406951199984178,1,0,0.5,1.0,1.0,1.0,0.9116352796554565
69,sparse_rag,สมาคมย่อมเลิกด้วยเหตุผลอะไรได้บ้าง,"สมาคมย่อมเลิกด้วยเหตุตามมาตรา 101 แห่งประมวลกฎหมายแพ่งและพาณิชย์ ได้แก่ (1) เมื่อมีเหตุตามที่กำหนดในข้อบังคับ, (2) ถ้าตั้งขึ้นไว้เฉพาะระยะเวลา เมื่อสิ้นระยะเวลานั้น, (3) ถ้าตั้งขึ้นเพื่อกระทำกิจการใด เมื่อกิจการนั้นสำเร็จแล้ว, (4) เมื่อที่ประชุมใหญ่มีมติให้เลิก, (5) เมื่อสมาคมล้มละลาย, (6) เมื่อนายทะเบียนถอนชื่อออกจากทะเบียนตามมาตรา 102, และ (7) เมื่อศาลสั่งให้เลิกตามมาตรา 104.",สมาคมย่อมเลิกด้วยเหตุหนึ่งเหตุใด ดังต่อไปนี้ (1) เมื่อมีเหตุตามที่กำหนดในข้อบังคับ (2) ถ้าสมาคมตั้งขึ้นไว้เฉพาะระยะเวลาใด เมื่อสิ้นระยะเวลานั้น (3) ถ้าสมาคมตั้งขึ้นเพื่อกระทำกิจการใด เมื่อกิจการนั้นสำเร็จแล้ว (4) เมื่อที่ประชุมใหญ่มีมติให้เลิก (5) เมื่อสมาคมล้มละลาย (6) เมื่อนายทะเบียนถอนชื่อสมาคมออกจากทะเบียนตามมาตรา 102 (7) เมื่อศาลสั่งให้เลิกตามมาตรา 104,"สมาคมย่อมเลิกด้วยเหตุหนึ่งเหตุใด ดังต่อไปนี้
(1) เมื่อมีเหตุตามที่กำหนดในข้อบังคับ (2) ถ้าสมาคมตั้งขึ้นไว้เฉพาะระยะเวลาใด เมื่อสิ้นระยะเวลานั้น (3) ถ้าสมาคมตั้งขึ้นเพื่อกระทำกิจการใด เมื่อกิจการนั้นสำเร็จแล้ว (4) เมื่อที่ประชุมใหญ่มีมติให้เลิก (5) เมื่อสมาคมล้มละลาย (6) เมื่อนายทะเบียนถอนชื่อสมาคมออกจากทะเบียนตามมาตรา 102 (7) เมื่อศาลสั่งให้เลิกตามมาตรา 104",1114,219,1333,0.15076970000518486,3.70814010000322,3.858909800008405,1,0,0.3333333333333333,1.0,1.0,1.0,0.97813880443573
70,sparse_rag,บุคคลใดต้องร้องขอให้รัฐบาลให้อำนาจจัดตั้งขึ้นเป็นนิติบุคคลตามพินัยกรรม,ตามประมวลกฎหมายแพ่งและพาณิชย์ มาตรา 1677 บุคคลที่ต้องร้องขอให้รัฐบาลให้อำนาจจัดตั้งมูลนิธิเป็นนิติบุคคลตามพินัยกรรม คือ ทายาทหรือผู้จัดการมรดก แล้วแต่กรณี,ทายาทหรือผู้จัดการมรดก แล้วแต่กรณี,ทายาทหรือผู้จัดการมรดก แล้วแต่กรณี  ประมวลกฎหมายแพ่งและพาณิชย์ มาตรา 1677 เมื่อมีพินัยกรรมก่อตั้งมูลนิธิขึ้นตามมาตราก่อน ให้เป็นหน้าที่ของทายาทหรือผู้จัดการมรดก แล้วแต่กรณี ที่จะต้องร้องขอให้รัฐบาลให้อำนาจจัดตั้งขึ้นเป็นนิติบุคคลตามมาตรา 114 แห่งประมวลกฎหมายนี้ เว้นแต่จะได้มีข้อกำหนดไว้ในพินัยกรรมเป็นอย่างอื่น ถ้าบุคคลดังกล่าวแล้วมิได้ร้องขอให้รัฐบาลให้อำนาจ บุคคลผู้มีส่วนได้เสียคนหนึ่งคนใดหรือพนักงานอัยการจะเป็นผู้ร้องขอก็ได้,1062,96,1158,0.13401909999083728,1.9589762999676168,2.092995399958454,1,0,0.5,1.0,0.0,0.0,0.9179506301879883
71,sparse_rag,ผู้อยู่ในปกครองมีบุริมสิทธิเหนือทรัพย์สินทั้งหมดของผู้ปกครองเพื่อชำระหนี้ซึ่งค้างอยู่หรือไม่,ใช่ ผู้อยู่ในปกครองมีบุริมสิทธิเหนือทรัพย์สินทั้งหมดของผู้ปกครองเพื่อชำระหนี้ซึ่งค้างอยู่แก่ตน ตามมาตรา 1598/13 แห่งประมวลกฎหมายแพ่งและพาณิชย์ บุริมสิทธินี้อยู่ในลำดับที่หกถัดจากบุริมสิทธิสามัญอื่น ๆ ตามมาตรา 253 แห่งประมวลกฎหมายนี้,ใช่,ใช่  คำอธิบายเพิ่มเติม : ตามมาตรา 1598/13 ประมวลกฎหมายแพ่งและพาณิชย์ ผู้อยู่ในปกครองมีบุริมสิทธิเหนือทรัพย์สินทั้งหมดของผู้ปกครองเพื่อชำระหนี้ซึ่งค้างอยู่แก่ตน บุริมสิทธินี้ให้อยู่ในลำดับที่หกถัดจากบุริมสิทธิสามัญอย่างอื่นตามมาตรา 253 แห่งประมวลกฎหมายนี้,930,138,1068,0.13345269998535514,2.4587234999635257,2.592176199948881,1,0,0.5,1.0,0.0,0.0,0.9787895679473877
72,sparse_rag,ตั๋วเงินหรือเอกสารอย่างอื่นซึ่งออกให้เต็มจำนวนเพื่อให้ใช้เงินที่ยืมมาใช้ในการพนันหรือขันต่อสมบูรณ์หรือไม่,ตั๋วเงินหรือเอกสารอย่างอื่นที่ออกให้เต็มจำนวนเพื่อใช้เงินที่ยืมมาใช้ในการพนันหรือขันต่อ ไม่สมบูรณ์ตามมาตรา 855 แห่งประมวลกฎหมายแพ่งและพาณิชย์,ไม่สมบูรณ์,ไม่สมบูรณ์ ตามประมวลกฎหมายแพ่งและพาณิชย์ มาตรา 855 ภายในบังคับแห่งบทบัญญัติมาตรา 312 และ 916 ตั๋วเงินหรือเอกสารอย่างอื่นทุกฉบับซึ่งออกให้เต็มจำนวน หรือแต่โดยส่วน เพื่อแทนเงินใด ๆ อันได้แต่ชนะพนันหรือขันต่อก็ดี ออกให้เพื่อใช้เงินที่ยืมมาใช้ในการพนันหรือขันต่อไม่สมบูรณ์ เพื่อประโยชน์แห่งบทบัญญัตินี้ เงินรายใดให้ยืมแก่บุคคลกำลังเล่นการพนันหรือขันต่อ ในเวลาหรือ ณ สถานที่เล่นเช่นนั้น ให้สันนิษฐานไว้ก่อนว่าเงินนั้นได้ให้ยืมไปเพื่อเล่นการพนันหรือขันต่อ,1152,79,1231,0.13569339999230579,1.4462758000008762,1.581969199993182,1,0,0.3333333333333333,1.0,0.0,0.0,0.8854294419288635
73,sparse_rag,ถ้ามีทายาทหลายคน ใครมีสิทธิและหน้าที่เกี่ยวกับทรัพย์มรดก,ทายาทหลายคนมีสิทธิและหน้าที่เกี่ยวกับทรัพย์มรดกร่วมกันจนกว่าจะได้แบ่งมรดกกันเสร็จแล้ว ตามมาตรา 1745 แห่งประมวลกฎหมายแพ่งและพาณิชย์,ทายาททุกคนมีสิทธิและหน้าที่เกี่ยวกับทรัพย์มรดกร่วมกันจนกว่าจะได้แบ่งมรดกเสร็จแล้ว,ทายาททุกคนมีสิทธิและหน้าที่เกี่ยวกับทรัพย์มรดกร่วมกันจนกว่าจะได้แบ่งมรดกเสร็จแล้ว คำอธิบายขยายความ: ประมวลกฎหมายแพ่งและพาณิชย์มาตรา 1745 ระบุให้กรณีมีทายาทหลายคน ทายาททุกคนเหล่านั้นมีสิทธิและหน้าที่เกี่ยวกับทรัพย์มรดกร่วมกันจนกว่าจะได้เกิดมรดกกันเสร็จแล้ว,1051,77,1128,0.1328854999737814,1.5952783999964595,1.728163899970241,1,0,0.08333333333333333,1.0,0.0,0.0,0.9478013515472412
74,sparse_rag,สิทธิและหน้าที่ของผู้ปกครองที่ศาลตั้งขึ้นมีอะไรบ้าง,ตามประมวลกฎหมายแพ่งและพาณิชย์ มาตรา 1587 บุคคลที่บรรลุนิติภาวะแล้วอาจถูกตั้งเป็นผู้ปกครองได้ เว้นแต่จะอยู่ในกรณีที่ศาลสั่งว่าเป็นคนไร้ความสามารถ หรือเสมือนไร้ความสามารถ บุคคลล้มละลาย ไม่เหมาะสมที่จะปกครองผู้เยาว์หรือทรัพย์สินของผู้เยาว์ หรือมีคดีกับผู้เยาว์หรือญาติใกล้ชิดของผู้เยาว์ หรือมีคำห้ามจากบิดาหรือมารดาที่ตายแล้ว ทั้งนี้ ผู้ปกครองที่ศาลตั้งขึ้นมีหน้าที่ดูแลและรับผิดชอบทรัพย์สินของผู้เยาว์อย่างสมควร ตามบทบัญญัติแห่งกฎหมาย.,ผู้ปกครองนั้นมีสิทธิและหน้าที่เช่นเดียวกับผู้ใช้อำนาจปกครอง ในการที่จะต้องเลี้ยงดูและให้การศึกษาแก่ผู้ที่อยู่ในความปกครอง และผู้ปกครองมีสิทธิในการกำหนดที่อยู่อาศัย หรือทำโทษตามสมควรเพื่อว่ากล่าวสั่งสอนผู้ที่อยู่ในอำนาจปกครอง หรือให้ทำงานตามสมควรกับความสามารถและฐานะ หรือสามารถเรียกผู้ที่อยู่ในความปกครองนั้นคืนจากบุคคลอื่นที่กักขังไว้โดยไม่ชอบด้วยกฎหมายได้.,ผู้ปกครองนั้นมีสิทธิและหน้าที่เช่นเดียวกับผู้ใช้อำนาจปกครอง ในการที่จะต้องเลี้ยงดูและให้การศึกษาแก่ผู้ที่อยู่ในความปกครอง และผู้ปกครองมีสิทธิในการกำหนดที่อยู่อาศัย หรือทำโทษตามสมควรเพื่อว่ากล่าวสั่งสอนผู้ที่อยู่ในอำนาจปกครอง หรือให้ทำงานตามสมควรกับความสามารถและฐานะ หรือสามารถเรียกผู้ที่อยู่ในความปกครองนั้นคืนจากบุคคลอื่นที่กักขังไว้โดยไม่ชอบด้วยกฎหมายได้,1002,241,1243,0.08144140004878864,5.033383500005584,5.114824900054373,0,0,0.0,0.0,0.0,0.0,0.8356109857559204
75,sparse_rag,เจ้าหนี้สามารถบังคับชำระหนี้จากเงินที่บุคคลอื่นค้างชำระแก่ลูกหนี้ได้หรือไม่,เจ้าหนี้สามารถบังคับชำระหนี้จากเงินที่บุคคลภายนอกค้างชำระแก่ลูกหนี้ได้ ตามมาตรา 214 แห่งประมวลกฎหมายแพ่งและพาณิชย์ ที่กำหนดว่า เจ้าหนี้มีสิทธิให้ชำระหนี้จากทรัพย์สินของลูกหนี้ รวมทั้งเงินและทรัพย์สินอื่น ๆ ซึ่งบุคคลภายนอกค้างชำระแก่ลูกหนี้ด้วย,ได้,ได้ คำอธิบายขยายความ : ตามประมวลกฎหมายแพ่งและพาณิชย์ มาตรา 214 ภายใต้บังคับบทบัญญัติแห่งมาตรา 733 เจ้าหนี้มีสิทธิที่จะให้ชำระหนี้ของตนจากทรัพย์สินของลูกหนี้จนสิ้นเชิง รวมทั้งเงินและทรัพย์สินอื่น ๆ ซึ่งบุคคลภายนอกค้างชำระแก่ลูกหนี้ด้วยได้,1086,138,1224,0.15849870000965893,3.100867700006347,3.259366400016006,1,0,0.5,1.0,0.0,0.0,0.9246178269386292
76,sparse_rag,การไถ่ทรัพย์สินสามารถทำได้วิธีใดบ้าง,การไถ่ทรัพย์สินสามารถทำได้โดยผู้ขายเดิม หรือทายาทของผู้ขายเดิม ผู้รับโอนสิทธิเหนือทรัพย์สิน หรือบุคคลที่ระบุไว้ในสัญญาให้ไถ่ได้ ตามมาตรา 497 และมาตรา 498 แห่งประมวลกฎหมายแพ่งและพาณิชย์,การใช้สิทธิไถ่ทรัพย์สินสามารถทำได้ 2 กรณี ดังนี้ 1. กรณีมีกำหนดเวลาไถ่ในสัญญาหรือตามกฎหมายกำหนดผู้ไถ่สามารถใช้สิทธิกับผู้มีหน้าที่รับไถ่ได้เลย 2.ผู้ไถ่ใช้สิทธิไถ่ทรัพย์ภายในกำหนดเวลาไถ่วางทรัพย์อันเป็นสินไถ่ต่อสำนักงานวางทรัพย์โดยสละสิทธิ์ถอนทรัพย์ที่ได้วางไว้,"การใช้สิทธิไถ่ทรัพย์สินสามารถทำได้ 2 กรณี ดังนี้ 1. กรณีมีกำหนดเวลาไถ่ในสัญญาหรือตามกฎหมายกำหนดผู้ไถ่สามารถใช้สิทธิกับผู้มีหน้าที่รับไถ่ได้เลย 2.ผู้ไถ่ใช้สิทธิไถ่ทรัพย์ภายในกำหนดเวลาไถ่วางทรัพย์อันเป็นสินไถ่ต่อสำนักงานวางทรัพย์โดยสละสิทธิ์ถอนทรัพย์ที่ได้วางไว้ 

คำอธิบายขยายความ : ประมวลกฎหมายแพ่งและพาณิชย์ มาตรา 492 ในกรณีที่มีการไถ่ทรัพย์สินซึ่งขายฝาก -ไถ่ภายในเวลาที่กำหนดไว้ในสัญญาหรือภายในเวลาที่กฎหมายกำหนด -ผู้ไถ่ได้วางทรัพย์อันเป็นสินไถ่ต่อสำนักงานวางทรัพย์ภายในกำหนดเวลาไถ่โดยสละสิทธิถอนทรัพย์ที่ได้วางไว้ => ให้ทรัพย์สินซึ่งขายฝากตกเป็นกรรมสิทธิ์ของผู้ไถ่ตั้งแต่เวลาที่ผู้ไถ่ได้ชำระสินไถ่หรือวางทรัพย์อันเป็นสินไถ่ แล้วแต่กรณี ในกรณีที่ได้วางทรัพย์ตามข้างต้นให้เจ้าพนักงานของสำนักงานวางทรัพย์แจ้งให้ผู้รับไถ่ทราบถึงการวางทรัพย์โดยทันทีโดยผู้ไถ่ไม่ต้องปฏิบัติตามมาตรา 333 วรรคสาม",989,111,1100,0.14889459998812526,2.68627629999537,2.8351708999834955,0,0,0.0,0.0,0.0,0.0,0.8160580992698669
77,sparse_rag,บริษัทจะสามารถยกสัญญาที่บังคับให้จดทะเบียนมาอ้างกับบุคคลภายนอกได้หรือไม่,บริษัทไม่สามารถยกสัญญาที่บังคับให้จดทะเบียนมาอ้างกับบุคคลภายนอกได้ เนื่องจากตามมาตรา 1023/1 แห่งประมวลกฎหมายแพ่งและพาณิชย์ ห้างหุ้นส่วนหรือบริษัทจะยกมาตรา 1023 ขึ้นต่อสู้บุคคลภายนอกผู้สุจริตเพื่อไม่ให้ต้องรับผิดโดยอ้างว่าผู้เป็นหุ้นส่วน ห้างหุ้นส่วน บริษัทหรือกรรมการไม่มีอำนาจกระทำการมิได้ ซึ่งหมายความว่า บุคคลภายนอกที่สุจริตย่อมได้รับความคุ้มครองตามกฎหมาย แม้สัญญาจะไม่ได้จดทะเบียนก็ตาม.,ไม่ได้ ในกรณีที่ยกขึ้นกล่าวอ้างกับบุคคลภายนอกผู้สุจริตโดยอ้างว่าไม่มีอำนาจกระทำการ เพื่อไม่ให้บริษัทต้องรับผิด,ไม่ได้ ในกรณีที่ยกขึ้นกล่าวอ้างกับบุคคลภายนอกผู้สุจริตโดยอ้างว่าไม่มีอำนาจกระทำการ เพื่อไม่ให้บริษัทต้องรับผิด  ตามประมวลกฎหมายแพ่งและพาณิชย์ มาตรา 1023/1 ห้างหุ้นส่วนหรือบริษัทจะยกมาตรา 1023 ขึ้นต่อสู้บุคคลภายนอกผู้สุจริตเพื่อไม่ให้ต้องรับผิดโดยอ้างว่าผู้เป็นหุ้นส่วน ห้างหุ้นส่วน บริษัทหรือกรรมการไม่มีอำนาจกระทำการไม่ได้,878,233,1111,0.14506379998056218,5.878749200026505,6.023813000007067,1,0,0.5,1.0,0.0,0.0,0.9295852184295654
78,sparse_rag,สิทธิเรียกร้องใดบ้างมีอายุความ 5 ปี,"สิทธิเรียกร้องค่าทดแทนตามมาตรา 1444, มาตรา 1445 และมาตรา 1446 แห่งประมวลกฎหมายแพ่งและพาณิชย์ มีอายุความห้าปีนับแต่วันที่ผู้อื่นได้กระทำการอันเป็นเหตุให้เรียกค่าทดแทน ตามมาตรา 1447/1 แห่งประมวลกฎหมายแพ่งและพาณิชย์.",สิทธิเรียกร้องที่มีอายุความ 5 ปี มีดังนี้ 1 ดอกเบี้ยค้างชำระ 2 เงินที่ต้องชำระเพื่อผ่อนทุนคืนเป็นงวด ๆ 3 ค่าเช่าทรัพย์สินค้างชำระ เว้นแต่ค่าเช่าสังหาริมทรัพย์ตามมาตรา 193/34 (6) 4 เงินค้างจ่าย คือ เงินเดือน เงินปี เงินบำนาญ ค่าอุปการะเลี้ยงดูและเงินอื่น ๆ ในลักษณะทำนองเดียวกับที่มีการกำหนดจ่ายเป็นระยะเวลา 5 สิทธิเรียกร้องตามมาตรา 193/34 (1) (2) และ (5) ที่ไม่อยู่ในบังคับอายุความ 2 ปี,สิทธิเรียกร้องที่มีอายุความ 5 ปี มีดังนี้ 1 ดอกเบี้ยค้างชำระ 2 เงินที่ต้องชำระเพื่อผ่อนทุนคืนเป็นงวด ๆ 3 ค่าเช่าทรัพย์สินค้างชำระ เว้นแต่ค่าเช่าสังหาริมทรัพย์ตามมาตรา 193/34 (6) 4 เงินค้างจ่าย คือ เงินเดือน เงินปี เงินบำนาญ ค่าอุปการะเลี้ยงดูและเงินอื่น ๆ ในลักษณะทำนองเดียวกับที่มีการกำหนดจ่ายเป็นระยะเวลา 5 สิทธิเรียกร้องตามมาตรา 193/34 (1) (2) และ (5) ที่ไม่อยู่ในบังคับอายุความ 2 ปี,1177,120,1297,0.13764530001208186,2.999424599984195,3.137069899996277,0,0,0.0,0.0,0.06666666666666667,0.06666666666666667,0.8178614974021912
79,sparse_rag,การคิดส่วนแบ่งและการปันทรัพย์สินระหว่างผู้ตายกับคู่สมรสคิดอย่างไร,การคิดส่วนแบ่งและการปันทรัพย์สินระหว่างผู้ตายกับคู่สมรสที่ยังมีชีวิตอยู่ ให้เป็นไปตามมาตรา 1625 แห่งประมวลกฎหมายแพ่งและพาณิชย์ ซึ่งกำหนดว่า การปันทรัพย์สินระหว่างสามีภริยาให้อยู่ในบังคับของบทบัญญัติว่าด้วยการหย่าโดยยินยอมทั้งสองฝ่าย โดยต้องอยู่ในบังคับมาตรา 1513 ถึง 1517 ด้วย และการคิดส่วนแบ่งนั้นมีผลตั้งแต่วันที่การสมรสสิ้นสุดลงด้วยเหตุความตายของผู้ตาย.,การคิดส่วนแบ่งและการปันทรัพย์สินระหว่างผู้ตายกับคู่สมรสมีดังนี้: 1. ส่วนแบ่งในทรัพย์สินระหว่างสามีภริยาให้อยู่ในบังคับของบทบัญญัติแห่งประมวลกฎหมายนี้ว่าด้วยการหย่าโดยยินยอมทั้งสองฝ่าย อันมีบทบัญญัติเพิ่มเติมให้บริบูรณ์ในมาตรา 1637 และ 1638 และโดยเฉพาะต้องอยู่ในบังคับแห่งมาตรา 1513 ถึง 1517 แห่งประมวลกฎหมายนี้ แต่การคิดส่วนแบ่งนั้นมีผลตั้งแต่วันที่การสมรสได้สิ้นไปด้วยเหตุความตายนั้น 2. ส่วนแบ่งในทรัพย์มรดกของผู้ตาย ให้อยู่ในบังคับของบทบัญญัติแห่งบรรพนี้ นอกจากมาตรา 1637 และ 1638.,การคิดส่วนแบ่งและการปันทรัพย์สินระหว่างผู้ตายกับคู่สมรส คิดได้ดังนี้ 1 ส่วนแบ่งในทรัพย์สินระหว่างสามีภริยาให้อยู่ในบังคับของบทบัญญัติแห่งประมวลกฎหมายนี้ว่าด้วยการหย่าโดยยินยอมทั้งสองฝ่าย อันมีบทบัญญัติเพิ่มเติมให้บริบูรณ์ในมาตรา 1637 และ 1638 และโดยเฉพาะต้องอยู่ในบังคับแห่งมาตรา 1513 ถึง 1517 แห่งประมวลกฎหมายนี้ แต่การคิดส่วนแบ่งนั้นมีผลตั้งแต่วันที่การสมรสได้สิ้นไปด้วยเหตุความตายนั้น 2 ในเรื่องส่วนแบ่งในทรัพย์มรดกของผู้ตาย ให้อยู่ในบังคับของบทบัญญัติแห่งบรรพนี้ นอกจากมาตรา 1637 และ 1638,1520,206,1726,0.13680869998643175,4.486728800053243,4.623537500039674,1,0,0.125,1.0,0.25,0.25,0.9463800191879272
80,sparse_rag,การคัดค้านตั๋วแลกเงินต้องทำภายในกำหนดเวลาหรือไม่,ต้องทำภายในกำหนดเวลาตามมาตรา 960 แห่งประมวลกฎหมายแพ่งและพาณิชย์ คือ ต้องทำคำคัดค้านการไม่รับรองภายในเวลาที่กำหนดสำหรับการยื่นตั๋วเงินให้รับรอง หรือภายในสามวันนับแต่วันนั้นไป และต้องทำคำคัดค้านการไม่ใช้เงินในวันที่จะพึงใช้เงินตามตั๋วนั้น หรือภายในสามวันต่อแต่นั้นไป,ต้องทำภายในกำหนดเวลา เว้นแต่มีเหตุจำเป็นอันมิอาจก้าวล่วงได้เข้ามาขัดขวางทำให้ไม่สามารถทำภายในกำหนดเวลาได้ ก็ขยายเวลาออกไปได้,ต้องทำภายในกำหนดเวลา เว้นแต่มีเหตุจำเป็นอันมิอาจก้าวล่วงได้เข้ามาขัดขวางทำให้ไม่สามารถทำภายในกำหนดเวลาได้ ก็ขยายเวลาออกไปได้   ตามมาตรา 974 วรรค 1 ประมวลกฎหมายแพ่งและพาณิชย์ การยื่นตั๋วแลกเงินก็ดี การทำคำคัดค้านก็ดี ถ้ามีเหตุจำเป็นอันมิอาจก้าวล่วงเสียได้มาขัดขวางมิให้ทำได้ภายในกำหนดเวลาจำกัดสำหรับการนั้นไซร้ ท่านให้ยืดกำหนดเวลาออกไปอีกได้,1246,138,1384,0.1337366999941878,3.5130886000115424,3.6468253000057302,0,0,0.0,0.0,0.0,0.0,0.8493428230285645
81,sparse_rag,ถ้าบุคคลที่มีสิทธิเป็นทายาทถึงแก่ความตายก่อนเจ้ามรดกตาย มรดกจะตกทอดแก่ใคร,ตามประมวลกฎหมายแพ่งและพาณิชย์ มาตรา 1599 บุคคลที่มีสิทธิเป็นทายาทซึ่งถึงแก่ความตายก่อนเจ้ามรดก จะไม่สามารถรับมรดกได้ และมรดกจะตกทอดแก่ทายาทของทายาทนั้นแทน ตามหลักการสืบทอดมรดกโดยแทนที่ (succession by right of representation) ซึ่งเป็นไปตามบทบัญญัติแห่งประมวลกฎหมายแพ่งและพาณิชย์.,ผู้สืบสันดานรับมรดกแทนที่,"บุคคลซึ่งจะเป็นทายาทตามมาตรา 1629 (1) (3) (4) หรือ (6) ถึงแก่ความตาย หรือถูกกำจัดมิให้รับมรดกก่อนเจ้ามรดกตาย ถ้าบุคคลนั้นมีผู้สืบสันดานก็ให้ผู้สืบสันดานรับมรดกแทนที่ 

ตามประมวลกฎหมายแพ่งและพาณิชย์ มาตรา 1639 ถ้าบุคคลใดซึ่งจะเป็นทายาทตามมาตรา 1629 (1) (3) (4) หรือ (6) ถึงแก่ความตาย หรือถูกกำจัดมิให้รับมรดกก่อนเจ้ามรดกตาย ถ้าบุคคลนั้นมีผู้สืบสันดานก็ให้ผู้สืบสันดานรับมรดกแทนที่ ถ้าผู้สืบสันดานคนใดของบุคคลนั้นถึงแก่ความตายหรือถูกกำจัดมิให้รับมรดกเช่นเดียวกัน ก็ให้ผู้สืบสันดานของผู้สืบสันดานนั้นรับมรดกแทนที่ และให้มีการรับมรดกแทนที่กันเฉพาะส่วนแบ่งของบุคคลเป็นราย ๆ สืบต่อกันเช่นนี้ไปจนหมดสาย",951,149,1100,0.1542975000338629,3.9318083999678493,4.086105900001712,0,0,0.0,0.0,0.0,0.0,0.8659725785255432
82,sparse_rag,การทำพินัยกรรมของคนไทยในเยอรมันต้องทำตามกฎหมายประเทศใด,"การทำพินัยกรรมของคนไทยในเยอรมันต้องทำตามกฎหมายของประเทศเยอรมัน เนื่องจากพินัยกรรมที่ทำในต่างประเทศต้องเป็นไปตามกฎหมายของประเทศนั้น ๆ ตามหลักการที่ว่า ""กฎหมายท้องถิ่น"" (lex loci celebrationis) มีผลเหนือกว่า แม้ผู้ทำพินัยกรรมจะเป็นคนไทยก็ตาม อย่างไรก็ตาม หากพินัยกรรมนั้นต้องนำมาใช้ในประเทศไทย ก็ต้องตรวจสอบว่าสอดคล้องกับมาตรา 1656 แห่งประมวลกฎหมายแพ่งและพาณิชย์ ซึ่งกำหนดรูปแบบพินัยกรรมที่ชอบด้วยกฎหมายในไทย แต่ไม่ได้บังคับใช้กับพินัยกรรมที่ทำในต่างประเทศโดยตรง",ทำพินัยกรรมตามแบบของกฎหมายไทย หรือเยอรมันก็ได้,"ทำพินัยกรรมตามแบบของกฎหมายไทย หรือเยอรมันก็ได้ คำอธิบายขยายความ : ประมวลกฎหมายแพ่งและพาณิชย์ มาตรา 1667 เมื่อคนในบังคับไทยจะทำพินัยกรรมในต่างประเทศ พินัยกรรมนั้นอาจทำตามแบบซึ่งกฎหมายของประเทศที่ทำพินัยกรรมบัญญัติไว้ หรือตามแบบที่กฎหมายไทยบัญญัติไว้ก็ได้ เมื่อทำพินัยกรรมตามแบบที่กฎหมายไทยบัญญัติไว้ อำนาจและหน้าที่ของกรมการอำเภอตามมาตรา 1658, 1660, 1661, 1662, 1663 ให้ตกแก่บุคคลดังต่อไปนี้ คือ (1) พนักงานทูต หรือกงสุลฝ่ายไทย กระทำการตามขอบอำนาจของตน หรือ (2) พนักงานใด ๆ ซึ่งมีอำนาจตามกฎหมายของต่างประเทศนั้น ๆ ที่จะรับบันทึกข้อแจ้งความไว้เป็นหลักฐานได้",1136,212,1348,0.15492379997158423,4.983363499981351,5.138287299952935,0,0,0.0,0.0,0.0,0.0,0.8719497919082642
83,sparse_rag,ทายาทจะฟ้องผู้จัดการมรดกเกี่ยวกับการจัดการมรดก ต้องฟ้องภายในกี่ปี,ทายาทจะฟ้องผู้จัดการมรดกเกี่ยวกับการจัดการมรดกได้ภายในเวลาสามปีนับแต่วันที่ทราบถึงการกระทำอันเป็นเหตุแห่งความเสียหาย ตามประมวลกฎหมายแพ่งและพาณิชย์ มาตรา 1732 วรรคสอง ซึ่งบัญญัติว่า “หากผู้จัดการมรดกไม่จัดการตามหน้าที่ หรือกระทำผิดหน้าที่ ทายาทอาจฟ้องร้องได้ภายในเวลาสามปีนับแต่วันที่ทราบถึงการกระทำดังกล่าว”,ต้องฟ้องภายใน 5 ปี นับแต่การจัดการมรดกสิ้นสุดลง,ต้องฟ้องภายใน 5 ปี นับแต่การจัดการมรดกสิ้นสุดลง คำอธิบายขยายความ: ตามประมวลกฎหมายแพ่งและพาณิชย์มาตรา 1733 วรรคสอง ระบุห้ามมิให้ทายาทฟ้องคดีเกี่ยวกับการจัดการมรดกเกินกว่า 5 ปีนับแต่การจัดการมรดกสิ้นสุดลง,857,169,1026,0.1560442000045441,3.995919699955266,4.15196389995981,1,0,0.5,0.0,0.0,0.0,0.8667353987693787
84,sparse_rag,เมื่อมีบุริมสิทธิแย้งกัน ผู้รับจำนำจะมีสิทธิเป็นอย่างไร,เมื่อมีบุริมสิทธิแย้งกัน ผู้รับจำนำจะมีสิทธิเป็นอย่างเดียวกันกับผู้ทรงบุริมสิทธิในลำดับที่หนึ่ง ตามมาตรา 282 แห่งประมวลกฎหมายแพ่งและพาณิชย์,ผู้รับจำนำจะมีสิทธิเป็นลำดับแรกเช่นเดียวกับบุริมสิทธิในมูลเช่าอสังหาริมทรัพย์ พักอาศัยในโรงแรมและรับขน ตามมาตรา 278 ประมวลกฎหมายแพ่งและพาณิชย์,ประมวลกฎหมายแพ่งและพาณิชย์ มาตรา 282 วางหลักเกณฑ์ไว้ว่า ผู้รับจำนำจะมีสิทธิเป็นลำดับแรกเช่นเดียวกับบุริมสิทธิในมูลเช่าอสังหาริมทรัพย์ พักอาศัยในโรงแรมและรับขน ตามมาตรา 278 ประมวลกฎหมายแพ่งและพาณิชย์,1138,88,1226,0.135089399991557,2.2332362000015564,2.3683255999931134,1,0,0.5,1.0,0.0,0.0,0.8834813237190247
85,sparse_rag,ถ้าผู้แทนนิติบุคคลไม่ครบองค์ประชุมสามารถตั้งผู้แทนอื่นได้หรือไม่,ได้ ตามประมวลกฎหมายแพ่งและพาณิชย์ มาตรา 75 ถ้าผู้แทนของนิติบุคคลที่เหลืออยู่มีจำนวนไม่พอจะเป็นองค์ประชุม หรือไม่พอจะกระทำการใด ๆ ได้ และหากกฎหมาย ข้อบังคับ หรือตราสารจัดตั้งของนิติบุคคลไม่มีข้อกำหนดไว้เป็นอย่างอื่น ให้นำความในมาตรา 73 มาใช้บังคับเพื่อตั้งผู้แทนเฉพาะการโดยอนุโลม,สามารถตั้งผู้แทนเฉพาะการได้ ตามมาตรา 73 เว้นแต่จะมีกฎหมาย หรือข้อบังคับ หรือตราสารจัดตั้งกำหนดเป็นอย่างอื่น,"สามารถตั้งผู้แทนเฉพาะการได้ ตามมาตรา 73 เว้นแต่จะมีกฎหมาย หรือข้อบังคับ หรือตราสารจัดตั้งกำหนดเป็นอย่างอื่น คำอธิบายขยายความ : 

ประมวลกฎหมายแพ่งและพาณิชย์ มาตรา 75 ถ้ากรณีตามมาตรา 74 เป็นเหตุให้ไม่มีผู้แทนของนิติบุคคลเหลืออยู่ หรือผู้แทนของนิติบุคคลที่เหลืออยู่มีจำนวนไม่พอจะเป็นองค์ประชุม หรือไม่พอจะกระทำการอันนั้นได้ หากกฎหมาย ข้อบังคับ หรือตราสารจัดตั้งของนิติบุคคลนั้น มิได้มีข้อกำหนดในเรื่องนี้ไว้เป็นอย่างอื่น ให้นำความในมาตรา 73 มาใช้บังคับเพื่อตั้งผู้แทนเฉพาะการโดยอนุโลม",1137,150,1287,0.1344870000029914,3.1329358999500982,3.2674228999530897,1,0,0.3333333333333333,1.0,1.0,1.0,0.9320728182792664
86,sparse_rag,เจ้าของรวมสามารถใช้สิทธิอันเกิดจากกรรมสิทธิ์ครอบไปถึงทรัพย์สินทั้งหมดเพื่อต่อสู้บุคคลภายนอกได้หรือไม่,ได้ เจ้าของรวมคนหนึ่ง ๆ อาจใช้สิทธิอันเกิดแต่กรรมสิทธิ์ครอบไปถึงทรัพย์สินทั้งหมดเพื่อต่อสู้บุคคลภายนอก ตามมาตรา 1359 แห่งประมวลกฎหมายแพ่งและพาณิชย์,เจ้าของรวมคนหนึ่ง ๆ สามารถใช้สิทธิอันเกิดจากกรรมสิทธิ์ครอบไปถึงทรัพย์สินทั้งหมดเพื่อต่อสู้บุคคลภายนอกได้,"เจ้าของรวมคนหนึ่ง ๆ สามารถใช้สิทธิอันเกิดจากกรรมสิทธิ์ครอบไปถึงทรัพย์สินทั้งหมดเพื่อต่อสู้บุคคลภายนอกได้ 

ตามประมวลกฎหมายแพ่งและพาณิชย์ มาตรา 1359 เจ้าของรวมคนหนึ่ง ๆ อาจใช้สิทธิอันเกิดแต่กรรมสิทธิ์ครอบไปถึงทรัพย์สินทั้งหมดเพื่อต่อสู้บุคคลภายนอก แต่ในการเรียกร้องเอาทรัพย์สินคืนนั้น ต้องอยู่ในบังคับแห่งเงื่อนไขที่ระบุไว้ในมาตรา 302 แห่งประมวลกฎหมายนี้",1232,88,1320,0.1629656000295654,2.3838822999969125,2.546847900026478,1,0,0.5,1.0,0.0,0.0,0.9324263334274292
87,sparse_rag,การชำระหนี้ที่ตกเป็นพ้นวิสัยจะถือเป็นประโยชน์แก่ลูกหนี้ร่วมทุกคนหรือไม่อย่างไร,การชำระหนี้ที่ตกเป็นพ้นวิสัยไม่ถือเป็นประโยชน์แก่ลูกหนี้ร่วมทุกคน เนื่องจากตามมาตรา 218 แห่งประมวลกฎหมายแพ่งและพาณิชย์ ถ้าการชำระหนี้กลายเป็นพ้นวิสัยเพราะพฤติการณ์อันใดอันหนึ่งที่ลูกหนี้ต้องรับผิดชอบ ลูกหนี้ย่อมต้องรับผิดชอบค่าสินไหมทดแทนให้แก่เจ้าหนี้ ดังนั้น ลูกหนี้ร่วมทุกคนยังคงต้องรับผิดตามหนี้นั้นต่อเจ้าหนี้ แม้การชำระหนี้จะพ้นวิสัยไปแล้วก็ตาม.,ไม่ เพราะเรื่องการชำระหนี้เป็นพ้นวิสัยนั้นจะมีผลเป็นการเฉพาะตัวของลูกหนี้เพียงคนหนึ่งคนใดเท่านั้น ไม่ได้มีผลต่อลูกหนี้ร่วมทุกคน,ไม่ เพราะเรื่องการชำระหนี้เป็นพ้นวิสัยนั้นจะมีผลเป็นการเฉพาะตัวของลูกหนี้เพียงคนหนึ่งคนใดเท่านั้น ไม่ได้มีผลต่อลูกหนี้ร่วมทุกคน,1142,201,1343,0.13327550003305078,3.6949760999996215,3.8282516000326723,0,0,0.0,0.0,0.0,0.0,0.8816267251968384
88,sparse_rag,หนี้เกลื่อนกลืนกัน คืออะไร,หนี้เกลื่อนกลืนกัน ไม่ได้ถูกนิยามหรืออธิบายโดยตรงในบริบทกฎหมายที่ให้มา ดังนั้นจึงไม่พบข้อมูลที่ตรงกับคำถามในฐานข้อมูลกฎหมายที่มีอยู่,หนี้เกลื่อนกลืนกัน คือการที่หนี้ระงับสิ้นไปเมื่อสิทธิและความรับผิดในหนี้ตกอยู่กับบุคคลเดียวกัน,หนี้เกลื่อนกลืนกัน คือการที่หนี้ระงับสิ้นไปเมื่อสิทธิและความรับผิดในหนี้ตกอยู่กับบุคคลเดียวกัน  ประมวลกฎหมายแพ่งและพาณิชย์ มาตรา 353 ถ้าสิทธิและความรับผิดในหนี้รายใดตกอยู่แก่บุคคลคนเดียวกัน  =>หนี้รายนั้นเป็นอันระงับสิ้นไป เว้นแต่เมื่อหนี้นั้นตกไปอยู่ในบังคับแห่งสิทธิของบุคคลภายนอก หรือเมื่อสลักหลังตั๋วเงินกลับคืนตามความในมาตรา 917 วรรค 3,953,72,1025,0.1317626999807544,1.8230134000186808,1.9547760999994352,0,0,0.0,0.0,0.0,0.0,0.8057907819747925
89,sparse_rag,บอกเลิกสัญญาประกันภัยจะได้เงินคืนไหม,ตามประมวลกฎหมายแพ่งและพาณิชย์ มาตรา 894 ผู้เอาประกันภัยสามารถบอกเลิกสัญญาประกันภัยได้ทุกเมื่อ โดยการงดส่งเบี้ยประกันภัยต่อไป แต่หากได้ชำระเบี้ยมาแล้วไม่น้อยกว่า 3 ปี ผู้เอาประกันภัยมีสิทธิได้รับเงินค่าเวนคืนกรมธรรม์ประกันภัย หรือรับกรมธรรม์ใช้เงินสำเร็จจากผู้รับประกันภัย,ผู้รับประกันภัยต้องคืนค่าไถ่ถอนกรมธรรม์ประกันภัยให้แก่ผู้เอาประกันภัยหรือทายาทของผู้นั้น,"กรณีบอกเลิกสัญญาประกันภัย ผู้รับประกันภัยต้องคืนค่าไถ่ถอนกรมธรรม์ประกันภัยให้แก่ผู้เอาประกันภัยหรือทายาทของผู้นั้น  

 ประมวลกฎหมายแพ่งและพาณิชย์ มาตรา 892 ในกรณีบอกล้างสัญญาตามความในมาตรา 865 ผู้รับประกันภัยต้องคืนค่าไถ่ถอนกรมธรรม์ประกันภัยให้แก่ผู้เอาประกันภัยหรือทายาทของผู้นั้น",952,144,1096,0.15055700001539662,3.4247694999794476,3.575326499994844,0,0,0.0,0.0,0.0,0.0,0.8627574443817139
90,sparse_rag,ถ้าผมไม่อยากจดทะเบียนรับรองว่าลูกของแฟนเป็นลูกของผม เพราะผมคิดว่าเขาท้องกับคนอื่น ผมพอจะทำอะไรได้บ้างมั้ย,"ไม่สามารถปฏิเสธความเป็นบุตรโดยอาศัยเหตุผลว่า ""คิดว่าท้องกับคนอื่น"" ได้ เว้นแต่จะมีหลักฐานชัดเจนเพียงพอที่จะฟ้องร้องขอให้ศาลตัดสินว่าไม่ใช่บุตรโดยชอบธรรมตามมาตรา 1,518 แห่งประมวลกฎหมายแพ่งและพาณิชย์ ซึ่งต้องใช้กระบวนการทางศาลเท่านั้น และหากไม่ดำเนินการตามกฎหมาย อาจถือว่าคุณเป็นบิดาโดยชอบธรรมตามกฎหมายได้ หากมีการรับรองบุตรไว้แล้ว",ท่านสามารถที่จะไม่รับเด็กคนดังกล่าวเป็นลูกของท่านก็ได้ โดยฟ้องเด็กและมารดาเด็กร่วมกันเป็นจำเลย และพิสูจน์ว่าท่านไม่ได้อยู่ร่วมกับมารดาเด็กในระยะเวลาตั้งครรภ์ ซึ่งก็คือช่วงระยะเวลาระหว่าง 180 - 310 วันก่อนเด็กเกิด.,ท่านสามารถที่จะไม่รับเด็กคนดังกล่าวเป็นลูกของท่านก็ได้ โดยฟ้องเด็กและมารดาเด็กร่วมกันเป็นจำเลย และพิสูจน์ว่าท่านไม่ได้อยู่ร่วมกับมารดาเด็กในระยะเวลาตั้งครรภ์ ซึ่งก็คือช่วงระยะเวลาระหว่าง 180 - 310 วันก่อนเด็กเกิด    มาตรา 1539 แห่งประมวลกฎหมายแพ่งและพาณิชย์ ในกรณีที่สันนิษฐานว่าเด็กเป็นบุตรชอบด้วยกฎหมายของชายผู้เป็นหรือเคยเป็นสามีตามมาตรา 1536 มาตรา 1537 หรือมาตรา 1538 ชายผู้เป็นหรือเคยเป็นสามีจะไม่รับเด็กเป็นบุตรของตนก็ได้ โดยฟ้องเด็กกับมารดาเด็กร่วมกันเป็นจำเลยและพิสูจน์ได้ว่าตนไม่ได้อยู่ร่วมกับมารดาเด็กในระยะเวลาตั้งครรภ์คือระหว่างหนึ่งร้อยแปดสิบวันถึงสามร้อยสิบวันก่อนเด็กเกิด หรือตนไม่สามารถเป็นบิดาของเด็กได้เพราะเหตุอย่างอื่น แต่ถ้าในขณะยื่นฟ้องมารดาเด็กไม่มีชีวิตอยู่ จะฟ้องเด็กแต่ผู้เดียวเป็นจำเลยก็ได้ ถ้าเด็กไม่มีชีวิตอยู่ไม่ว่ามารดาของเด็กจะมีชีวิตอยู่หรือไม่ จะยื่นคำร้องขอให้ศาลแสดงว่าเด็กนั้นไม่เป็นบุตรก็ได้ ในกรณีที่มารดาของเด็กหรือทายาทของเด็กยังมีชีวิตอยู่ ให้ศาลส่งสำเนาคำร้องนี้ไปให้ด้วย และถ้าศาลเห็นสมควร จะส่งสำเนาคำร้องไปให้อัยการพิจารณาเพื่อดำเนินคดีแทนเด็กด้วยก็ได้,895,170,1065,0.1536680999561213,3.3890175000415184,3.5426855999976397,0,0,0.0,0.0,0.0,0.0,0.8367499113082886
91,sparse_rag,ผู้เยาว์สามารถเป็นบุตรบุญธรรมของคนหลายคนในเวลาเดียวกันได้หรือไม่,ผู้เยาว์ไม่สามารถเป็นบุตรบุญธรรมของคนหลายคนในเวลาเดียวกันได้ เนื่องจากตามมาตรา 1598/21 แห่งประมวลกฎหมายแพ่งและพาณิชย์ บุตรบุญธรรมต้องเป็นบุคคลเดียวที่รับรองไว้ และต้องปฏิบัติตามขั้นตอนการรับบุตรบุญธรรมอย่างเคร่งครัด รวมถึงต้องได้รับความยินยอมจากบิดา มารดา หรือผู้มีอำนาจปกครอง หรือคำสั่งอนุญาตจากศาล หากไม่มีผู้มีอำนาจให้ความยินยอม ซึ่งบ่งชี้ว่าการรับบุตรบุญธรรมต้องเป็นไปเพียงรายเดียวต่อผู้เยาว์คนหนึ่งเท่านั้น,สามารถเป็นบุตรบุญธรรมบุคคลอื่นได้มากกว่าหนึ่งคนแต่ต้องเป็นบุตรบุญธรรมของคู่สมรสของผู้รับบุตรบุญธรรมถ้าไม่เข้าเงื่อนไขทั้งหมดนี้เป็นไม่ได้,สามารถเป็นบุตรบุญธรรมบุคคลอื่นได้มากกว่าหนึ่งคนแต่ต้องเป็นบุตรบุญธรรมของคู่สมรสของผู้รับบุตรบุญธรรมถ้าไม่เข้าเงื่อนไขทั้งหมดนี้เป็นไม่ได้ คำอธิบายขยายความเพิ่มเติมตามประมวลกฎหมายแพ่งและพาณิชย์ มาตรา 1598/26 ผู้เยาว์ที่เป็นบุตรบุญธรรมของบุคคลใดอยู่จะเป็นบุตรบุญธรรมของบุคคลอื่นอีกในขณะเดียวกันไม่ได้ เว้นแต่เป็นบุตรบุญธรรมของคู่สมรสของผู้รับบุตรบุญธรรม,1113,223,1336,0.15152160002617165,4.6469878000207245,4.798509400046896,1,0,0.5,0.0,0.0,0.0,0.911083459854126
92,sparse_rag,พยานในพินัยกรรมรับทรัพย์ตามพินัยกรรมนั้นได้หรือไม่,พยานในพินัยกรรมรับทรัพย์ตามพินัยกรรมนั้นไม่ได้ เนื่องจากตามมาตรา 1653 แห่งประมวลกฎหมายแพ่งและพาณิชย์ ผู้เขียนหรือพยานในพินัยกรรมจะเป็นผู้รับทรัพย์ตามพินัยกรรมนั้นไม่ได้ แม้พยานจะเป็นคู่สมรสของผู้เขียนหรือพยานก็ตาม ก็ยังคงไม่สามารถรับทรัพย์ได้เช่นกัน,ไม่ได้ เนื่องจากกฎหมายกำหนดไม่ให้พยานมีสิทธิรับทรัพย์ในพินัยกรรม เมื่อได้รับเป็นพยานในพินัยกรรมนั้นแล้ว,ไม่ได้ เนื่องจากกฎหมายกำหนดไม่ให้พยานมีสิทธิรับทรัพย์ในพินัยกรรม เมื่อได้รับเป็นพยานในพินัยกรรมนั้นแล้ว,963,144,1107,0.13716570002725348,3.238453699974343,3.3756194000015967,1,0,0.5,1.0,0.0,0.0,0.9081028699874878
93,sparse_rag,แม่และเด็กสามารถคัดค้านการจดทะเบียนรับรองบุตรของพ่อได้ภายในระยะเวลากี่วัน,ตามประมวลกฎหมายแพ่งและพาณิชย์ มาตรา 1548 แม่และเด็กสามารถคัดค้านการจดทะเบียนรับรองบุตรของพ่อได้ภายในระยะเวลา **หกสิบวัน** นับแต่วันที่นายทะเบียนแจ้งการขอจดทะเบียนถึงแม่หรือเด็ก หากอยู่นอกประเทศไทย ให้ขยายเวลาเป็นหนึ่งร้อยแปดสิบวัน,ไม่เกิน 90 วัน นับแต่วันแจ้งขอการจดทะเบียนรับรองบุตรดังกล่าวถึงเด็กหรือแม่ของเด็ก,ไม่เกิน 90 วัน นับแต่วันแจ้งขอการจดทะเบียนรับรองบุตรดังกล่าวถึงเด็กหรือแม่ของเด็ก  คำอธิบายขยายความ : มาตรา 1549 แห่งประมวลกฎหมายแพ่งและพาณิชย์ เมื่อนายทะเบียนได้แจ้งการขอจดทะเบียนขอรับเด็กเป็นบุตรชอบด้วยกฎหมายไปยังเด็กและมารดาเด็กตามมาตรา 1548 แล้ว ไม่ว่าเด็กหรือมารดาเด็กจะคัดค้านการจดทะเบียนรับเด็กเป็นบุตรตามมาตรา 1548 หรือไม่ ภายในกำหนดเวลาไม่เกินเก้าสิบวันนับแต่วันแจ้งการขอจดทะเบียนถึงเด็กหรือมารดาเด็ก เด็กหรือมารดาเด็กอาจแจ้งให้นายทะเบียนจดบันทึกไว้ได้ว่าผู้ขอจดทะเบียนไม่สมควรเป็นผู้ใช้อำนาจปกครองบางส่วนหรือทั้งหมด เมื่อได้มีคำแจ้งของเด็กหรือมารดาเด็กดังกล่าวในวรรคหนึ่งแล้ว แม้จะได้มีการจดทะเบียนรับเด็กเป็นบุตรตามมาตรา 1548 บิดาของเด็กก็ยังใช้อำนาจปกครองบางส่วนหรือทั้งหมดตามที่เด็กหรือมารดาเด็กแจ้งว่าบิดาไม่สมควรเป็นผู้ใช้อำนาจปกครองนั้นไม่ได้ จนกว่าศาลจะพิพากษาให้บิดาของเด็กใช้อำนาจปกครองบางส่วนหรือทั้งหมด หรือกำหนดเวลาเก้าสิบวันนับแต่วันที่เด็กหรือมารดาเด็กแจ้งต่อนายทะเบียนว่าผู้ขอจดทะเบียนรับเด็กเป็นบุตรไม่สมควรใช้อำนาจปกครองบางส่วนหรือทั้งหมดนั้นได้ล่วงพ้นไปโดยเด็กหรือมารดาเด็กมิได้ร้องขอต่อศาลให้พิพากษาว่าผู้ขอจดทะเบียนรับเด็กเป็นบุตรไม่เป็นผู้สมควรใช้อำนาจปกครองบางส่วนหรือทั้งหมด ในคดีที่ศาลพิพากษาว่าผู้ขอจดทะเบียนรับเด็กเป็นบุตรเป็นผู้ไม่สมควรใช้อำนาจปกครองบางส่วนหรือทั้งหมด ศาลจะพิพากษาในคดีเดียวกันนั้นให้ผู้ใดเป็นผู้ใช้อำนาจปกครองหรือเป็นผู้ปกครองเพื่อการปกครองบางส่วนหรือทั้งหมดก็ได้,1729,114,1843,0.15201060002436861,2.438343000016175,2.590353600040544,1,1,1.0,0.5,0.0,0.0,0.8163484334945679
94,sparse_rag,หลักเกณฑ์การคิดทรัพย์มรดกระหว่างทายาทโดยธรรมคิดอย่างไร,ตามประมวลกฎหมายแพ่งและพาณิชย์ มาตรา 1626 หลักเกณฑ์การคิดส่วนแบ่งทรัพย์มรดกให้แบ่งแก่ทายาทโดยธรรมตามลำดับและชั้นต่าง ๆ ดังที่บัญญัติไว้ในหมวด 2 และให้แบ่งส่วนแบ่งนั้นในระหว่างทายาทในลำดับและชั้นเดียวกันตามที่บัญญัติไว้ในหมวด 3 แห่งลักษณะนี้,มี 2 หลักเกณฑ์ ดังนี้ 1 การแบ่ง ทรัพย์มรดกแก่ทายาท แบ่งตาม หมวด 2 (ลักษณะมรดก การเป็นทายาท ประมวลกฎหมายแพ่งและพานิชย์) 2 ส่วนแบ่ง ทรัพย์มรดกแก่ทายาท แบ่งตาม หมวด 3 (ลักษณะมรดก การตัดมิให้รับมรดก ประมวลกฎหมายแพ่งและพาณิชย์),มี 2 หลักเกณฑ์ ดังนี้ 1 การแบ่ง ทรัพย์มรดกแก่ทายาท แบ่งตาม หมวด 2 (ลักษณะมรดก การเป็นทายาท ประมวลกฎหมายแพ่งและพานิชย์) 2 ส่วนแบ่ง ทรัพย์มรดกแก่ทายาท แบ่งตาม หมวด 3 (ลักษณะมรดก การตัดมิให้รับมรดก ประมวลกฎหมายแพ่งและพานิชย์),1135,141,1276,0.16010170005029067,3.123684599995613,3.2837863000459038,1,0,0.5,1.0,0.4,0.4,0.9076628684997559
95,sparse_rag,การใช้มูลค่าหุ้นต้องใช้อย่างไร,ตามประมวลกฎหมายแพ่งและพาณิชย์ มาตรา 1117 มูลค่าของหุ้นหนึ่งหุ้นต้องไม่ต่ำกว่าห้าบาท ขณะที่พระราชบัญญัติบริษัทมหาชนจำกัด พ.ศ. 2535 มาตรา 54 กำหนดให้หุ้นทุกหุ้นต้องชำระเป็นเงินครั้งเดียวจนเต็มมูลค่า และห้ามผู้จองหรือผู้ซื้อหุ้นขอหักกลบลบหนี้กับบริษัทได้,หุ้นต้องใช้จนเต็มมูลค่า และไม่สามารถหักลบกลบหนี้ได้ ข้อยกเว้นไม่ต้องใช้หุ้นเต็มมูลค่า มาตรา 1108(5) และมาตรา 1221,หุ้นต้องใช้จนเต็มมูลค่า และไม่สามารถหักลบกลบหนี้ได้ ข้อยกเว้นไม่ต้องใช้หุ้นเต็มมูลค่า มาตรา 1108(5) และมาตรา 1221,832,156,988,0.12954639998497441,3.4712643999955617,3.600810799980536,0,0,0.0,0.0,0.0,0.0,0.8562315702438354
96,sparse_rag,หากคู่สมรสและญาติไม่ยอมเป็นพยานลงลายมือชื่อรับรองความถูกต้องในบัญชีทรัพย์สินของผู้ไม่อยู่ ผู้จัดการทรัพย์สินนั้นต้องทำอย่างไร,ตามประมวลกฎหมายแพ่งและพาณิชย์ มาตรา 53 ถ้าคู่สมรสหรือญาติของผู้ไม่อยู่ไม่ยอมเป็นพยาน ให้ผู้จัดการทรัพย์สินสามารถให้ผู้อื่นซึ่งบรรลุนิติภาวะแล้วเป็นพยานแทนได้,ผู้จัดการทรัพย์สินสามารถให้บุคคลอื่นที่บรรลุนิติภาวะแล้วมาเป็นพยานแทนก็ได้,ผู้จัดการทรัพย์สินสามารถให้บุคคลอื่นที่บรรลุนิติภาวะแล้วมาเป็นพยานแทนก็ได้   ตามประมวลกฎหมายแพ่งและพาณิชย์ มาตรา 53 ในบัญชีทรัพย์สินของผู้ไม่อยู่ต้องมีพยานลงลายมือชื่อรับรองความถูกต้องอย่างน้อย 2 คน โดยพยานนั้นต้องเป็นคู่สมรสหรือญาติของผู้ไม่อยู่ซึ่งบรรลุนิติภาวะแล้ว แต่ถ้าไม่มีคู่สมรสหรือหาญาติไม่ได้ หรือคู่สมรสและญาติไม่ยอมเป็นพยาน ผู้จัดการทรัพย์สินจะให้บุคคลอื่นที่บรรลุนิติภาวะแล้วมาเป็นพยานก็ได้,1069,89,1158,0.16253179998602718,2.1332882000133395,2.2958199999993667,1,0,0.3333333333333333,1.0,0.0,0.0,0.9309008121490479
97,sparse_rag,คณะกรรมการวินิจฉัยภาษีอากรมีอำนาจวินิจฉัยปัญหาเกี่ยวกับภาษีอากรที่กรมสรรพากรขอความเห็นหรือไม่,คณะกรรมการวินิจฉัยภาษีอากรมีอำนาจวินิจฉัยปัญหาเกี่ยวกับภาษีอากรที่กรมสรรพากรขอความเห็น ตามมาตรา 13 สัตต แห่งประมวลรัษฎากร,มีอำนาจวินิจฉัยปัญหาเกี่ยวกับภาษีอากรที่กรมสรรพากรขอความเห็น,มีอำนาจวินิจฉัยปัญหาเกี่ยวกับภาษีอากรที่กรมสรรพากรขอความเห็น คำอธิบายเพิ่มเติม : ตามมาตรา 13 สัตต (3) ประมวลรัษฎากร มาตรา 13 สัตต คณะกรรมการตามมาตรา 13 ทวิ มีอำนาจ (3) วินิจฉัยปัญหาเกี่ยวกับภาษีอากรที่กรมสรรพากรขอความเห็น,1281,65,1346,0.14436400000704452,1.3386843000189401,1.4830483000259846,1,0,0.5,1.0,0.0,0.0,0.9399760365486145
98,sparse_rag,การยื่นขอคืนภาษีธุรกิจต้องยื่น ณ สถานที่ใด,การยื่นขอคืนภาษีธุรกิจต้องยื่น ณ สถานที่ตามที่อธิบดีกำหนด ตามมาตรา 44/1 แห่งพระราชบัญญัติภาษีเงินได้ปิโตรเลียม พ.ศ. 2514,ณ ที่ว่าการอำเภอท้องที่ที่สถานประกอบการตั้งอยู่ เว้นแต่ในกรณีที่ผู้มีหน้าที่เสียภาษีได้รับอนุมัติจากอธิบดีให้ยื่นแบบแสดงรายการภาษีรวมกัน ณ ที่ว่าการอำเภอท้องที่แห่งใดแห่งหนึ่งหรือ ณ สถานที่อื่น,"ณ ที่ว่าการอำเภอท้องที่ที่สถานประกอบการตั้งอยู่ 
เว้นแต่ในกรณีที่ผู้มีหน้าที่เสียภาษีได้รับอนุมัติจากอธิบดีให้ยื่นแบบแสดงรายการภาษีรวมกัน ณ ที่ว่าการอำเภอท้องที่แห่งใดแห่งหนึ่งหรือ ณ สถานที่อื่น

หากแต่ในกรณีที่ผู้มีหน้าที่เสียภาษีมีสถานประกอบการหลายแห่ง การยื่นแบบแสดงรายการภาษีและการชำระภาษีตามวรรคหนึ่ง ให้แยกยื่นเป็นรายสถานประกอบการ ทั้งนี้ เว้นแต่ผู้มีหน้าที่เสียภาษีจะยื่นคำร้องต่ออธิบดีขอยื่นแบบแสดงรายการภาษีรวมกัน ณ ที่ว่าการอำเภอท้องที่แห่งใดแห่งหนึ่ง

คำอธิบาย ประมวลรัษฎากร มาตรา 91/11 การขอคืนภาษีธุรกิจเฉพาะ ให้กระทำได้ตามเงื่อนไขดังต่อไปนี้
(1) ให้ผู้มีหน้าที่เสียภาษีมีสิทธิยื่นคำร้องขอคืนภาษีภายในสามปีนับแต่วันพ้นกำหนดเวลายื่นแบบแสดงรายการภาษี
(2) คำร้องขอคืนภาษีให้เป็นไปตามแบบที่อธิบดีกำหนด และให้ยื่น ณ ที่ว่าการอำเภอท้องที่ที่สถานประกอบการตั้งอยู่ เว้นแต่ในกรณีที่ผู้มีหน้าที่เสียภาษีได้รับอนุมัติจากอธิบดีให้ยื่นแบบแสดงรายการภาษีรวมกัน ณ ที่ว่าการอำเภอท้องที่แห่งใดแห่งหนึ่งหรือ ณ สถานที่อื่นตามมาตรา 91/10 วรรคสี่ ก็ให้ยื่นคำร้องขอคืนภาษี ณ ที่แห่งนั้น

ประมวลรัษฎากร มาตรา 91/10 ...
ถ้าผู้มีหน้าที่เสียภาษีมีสถานประกอบการหลายแห่ง การยื่นแบบแสดงรายการภาษีและการชำระภาษีตามวรรคหนึ่ง ให้แยกยื่นเป็นรายสถานประกอบการ ทั้งนี้ เว้นแต่ผู้มีหน้าที่เสียภาษีจะยื่นคำร้องต่ออธิบดีขอยื่นแบบแสดงรายการภาษีรวมกัน ณ ที่ว่าการอำเภอท้องที่แห่งใดแห่งหนึ่ง หรือ ณ สถานที่ที่อธิบดีกำหนดตามวรรคสามก็ได้ และเมื่ออธิบดีพิจารณาเห็นสมควรจะอนุมัติก็ได้",1644,76,1720,0.14723860000958666,1.5364707999979146,1.6837094000075012,0,0,0.0,0.0,0.0,0.0,0.7740161418914795
100,sparse_rag,ในกรณีที่ผู้ประกอบการจดทะเบียนประสงค์จะปิดสถานประกอบการเพิ่มเติม ผู้ประกอบกิจการจะต้องดำเนินการอย่างไร,ผู้ประกอบการจดทะเบียนต้องแจ้งการเปลี่ยนแปลงทะเบียนภาษีมูลค่าเพิ่ม ณ สถานที่ที่ได้จดทะเบียนภาษีมูลค่าเพิ่มไว้ภายในสิบห้าวัน นับจากวันปิดสถานประกอบการ และต้องคืนใบทะเบียนภาษีมูลค่าเพิ่มของสถานประกอบการนั้นพร้อมกับการแจ้งดังกล่าว ตามมาตรา 85/7 แห่งประมวลรัษฎากร,ผู้ประกอบการจดทะเบียนแจ้งการเปลี่ยนแปลงทะเบียนภาษีมูลค่าเพิ่ม ณ สถานที่ที่ได้จดทะเบียนภาษีมูลค่าเพิ่มไว้ภายในสิบห้าวัน นับจากวันปิดสถานประกอบการ และทำการคืนใบทะเบียนภาษีมูลค่าเพิ่มของสถานประกอบการนั้น ณ สถานที่ที่ได้จดทะเบียนภาษีมูลค่าเพิ่มไว้,"ผู้ประกอบการจดทะเบียนแจ้งการเปลี่ยนแปลงทะเบียนภาษีมูลค่าเพิ่ม ณ สถานที่ที่ได้จดทะเบียนภาษีมูลค่าเพิ่มไว้ภายในสิบห้าวัน นับจากวันปิดสถานประกอบการ และทำการคืนใบทะเบียนภาษีมูลค่าเพิ่มของสถานประกอบการนั้น ณ สถานที่ที่ได้จดทะเบียนภาษีมูลค่าเพิ่มไว้

คำอธิบาย ประมวลรัษฎากร มาตรา 85/7 
ในการปิดสถานประกอบการบางแห่ง ให้ผู้ประกอบการจดทะเบียนแจ้งการเปลี่ยนแปลงทะเบียนภาษีมูลค่าเพิ่ม ณ สถานที่ที่ได้จดทะเบียนภาษีมูลค่าเพิ่มไว้ภายในสิบห้าวัน นับจากวันปิดสถานประกอบการ
ให้ผู้ประกอบการจดทะเบียนที่ปิดสถานประกอบการ คืนใบทะเบียนภาษีมูลค่าเพิ่มของสถานประกอบการนั้น ณ สถานที่ที่ได้จดทะเบียนภาษีมูลค่าเพิ่มไว้พร้อมกับการแจ้งการเปลี่ยนแปลงทะเบียนภาษีมูลค่าเพิ่ม
ให้นำมาตรา 85/6 วรรคสอง มาใช้บังคับ",1441,139,1580,0.15137690003030002,3.3435622999677435,3.4949391999980435,1,0,0.5,1.0,0.0,0.0,0.9527784585952759
101,sparse_rag,ใบเพิ่มหนี้ต้องมีข้อมูลอะไรบ้างตามข้อกำหนด,"ตามประมวลรัษฎากร มาตรา 86/9 ใบเพิ่มหนี้ต้องมีรายการอย่างน้อยดังต่อไปนี้  
(1) คำว่า “ใบเพิ่มหนี้” ในที่ที่เห็นได้เด่นชัด  
(2) ชื่อ ที่อยู่ และเลขประจำตัวผู้เสียภาษีอากรของผู้ประกอบการจดทะเบียนที่ออกใบเพิ่มหนี้ และในกรณีที่ตัวแทนเป็นผู้ออกใบเพิ่มหนี้ในนามของผู้ประกอบการจดทะเบียน ให้ระบุชื่อ ที่อยู่ และเลขประจำตัวผู้เสียภาษีอากรของตัวแทนนั้นด้วย  
(3) ชื่อ ที่อยู่ ของผู้ซื้อสินค้าหรือผู้รับบริการ  
(4) วัน เดือน ปี ที่ออกใบเพิ่มหนี้  
(5) หมายเลขลำดับของใบกำกับภาษีเดิมรวมทั้งหมายเลขลำดับของเล่ม ถ้ามี มูลค่าของสินค้าหรือบริการที่แสดงไว้ในใบกำกับภาษีดังกล่าว มูลค่าที่ถูกต้องของสินค้าหรือบริการ ผลต่างของจำนวนมูลค่าทั้งสอง และจำนวนภาษีที่เรียกเก็บเพิ่มสำหรับส่วนต่างนั้น  
(6) คำอธิบายสั้น ๆ ถึงสาเหตุในการออกใบเพิ่มหนี้  
(7) ข้อความอื่นที่อธิบดีกำหนด","ใบเพิ่มหนี้ต้องมีข้อมูลดังนี้:
1. คำว่า “ใบเพิ่มหนี้” ที่เห็นได้เด่นชัด
2. ชื่อ ที่อยู่ และเลขประจำตัวผู้เสียภาษีอากรของผู้ประกอบการจดทะเบียน และของตัวแทนหากเป็นผู้ออกใบเพิ่มหนี้
3. ชื่อ ที่อยู่ ของผู้ซื้อสินค้าหรือผู้รับบริการ
4. วัน เดือน ปี ที่ออกใบเพิ่มหนี้
5. หมายเลขลำดับของใบกำกับภาษีเดิม รวมทั้งหมายเลขลำดับของเล่ม (ถ้ามี), มูลค่าของสินค้าหรือบริการที่แสดงในใบกำกับภาษี, มูลค่าที่ถูกต้อง, ผลต่างของจำนวนมูลค่า และจำนวนภาษีที่เรียกเก็บเพิ่ม
6. คำอธิบายสั้น ๆ ถึงสาเหตุในการออกใบเพิ่มหนี้
7. ข้อความอื่นที่อธิบดีกำหนด
และให้ถือว่าใบเพิ่มหนี้ตามมาตรานี้เป็นใบกำกับภาษี","ใบเพิ่มหนี้ต้องมีข้อมูลดังนี้:
1. คำว่า “ใบเพิ่มหนี้” ที่เห็นได้เด่นชัด
2. ชื่อ ที่อยู่ และเลขประจำตัวผู้เสียภาษีอากรของผู้ประกอบการจดทะเบียน และของตัวแทนหากเป็นผู้ออกใบเพิ่มหนี้
3. ชื่อ ที่อยู่ ของผู้ซื้อสินค้าหรือผู้รับบริการ
4. วัน เดือน ปี ที่ออกใบเพิ่มหนี้
5. หมายเลขลำดับของใบกำกับภาษีเดิม รวมทั้งหมายเลขลำดับของเล่ม (ถ้ามี), มูลค่าของสินค้าหรือบริการที่แสดงในใบกำกับภาษี, มูลค่าที่ถูกต้อง, ผลต่างของจำนวนมูลค่า และจำนวนภาษีที่เรียกเก็บเพิ่ม
6. คำอธิบายสั้น ๆ ถึงสาเหตุในการออกใบเพิ่มหนี้
7. ข้อความอื่นที่อธิบดีกำหนด
และให้ถือว่าใบเพิ่มหนี้ตามมาตรานี้เป็นใบกำกับภาษี

คำอธิบาย : ประมวลรัษฎากร มาตรา 86/9 ให้ผู้ประกอบการจดทะเบียนที่ได้ขายสินค้าหรือให้บริการไปแล้ว แต่ต้องคำนวณภาษีมูลค่าเพิ่มใหม่เนื่องจากมูลค่าของสินค้าหรือบริการมีจำนวนเพิ่มขึ้นเพราะเหตุการณ์ตามที่ระบุไว้ในมาตรา 82/9 ออกใบเพิ่มหนี้ให้กับผู้ซื้อสินค้าหรือผู้รับบริการในเดือนภาษีที่เหตุการณ์ดังกล่าวเกิดขึ้น เว้นแต่ในกรณีที่มีเหตุจำเป็นที่ไม่สามารถออกใบเพิ่มหนี้ได้ทันในเดือนภาษีที่มีเหตุการณ์ดังกล่าวเกิดขึ้น ก็ให้ออกใบเพิ่มหนี้ให้กับผู้ซื้อสินค้าหรือผู้รับบริการในเดือนภาษีถัดจากเดือนที่มีเหตุการณ์เกิดขึ้น
ใบเพิ่มหนี้ต้องมีรายการอย่างน้อยดังต่อไปนี้
(1) คำว่า “ใบเพิ่มหนี้” ในที่ที่เห็นได้เด่นชัด
(2) ชื่อ ที่อยู่ และเลขประจำตัวผู้เสียภาษีอากรของผู้ประกอบการจดทะเบียนที่ออกใบเพิ่มหนี้ และในกรณีที่ตัวแทนเป็นผู้ออกใบเพิ่มหนี้ในนามของผู้ประกอบการจดทะเบียนตามมาตรา 86 วรรคสี่ หรือมาตรา 86/2 ให้ระบุชื่อ ที่อยู่ และเลขประจำตัวผู้เสียภาษีอากรของตัวแทนนั้นด้วย
(3) ชื่อ ที่อยู่ ของผู้ซื้อสินค้าหรือผู้รับบริการ
(4) วัน เดือน ปี ที่ออกใบเพิ่มหนี้
(5) หมายเลขลำดับของใบกำกับภาษีเดิมรวมทั้งหมายเลขลำดับของเล่ม ถ้ามี มูลค่าของสินค้าหรือบริการที่แสดงไว้ในใบกำกับภาษีดังกล่าว มูลค่าที่ถูกต้องของสินค้าหรือบริการ ผลต่างของจำนวนมูลค่าทั้งสองและจำนวนภาษีที่เรียกเก็บเพิ่มสำหรับส่วนต่างนั้น
(6) คำอธิบายสั้น ๆ ถึงสาเหตุในการออกใบเพิ่มหนี้
(7) ข้อความอื่นที่อธิบดีกำหนด
ให้นำมาตรา 86/4 วรรคสอง มาใช้บังคับ และให้ถือว่าใบเพิ่มหนี้ตามมาตรานี้เป็นใบกำกับภาษี",2133,423,2556,0.13371840002946556,8.832197199983057,8.965915600012522,1,0,0.2,1.0,1.0,1.0,0.9336270689964294
102,sparse_rag,เมื่อเกิดเหตุการณ์ที่สินค้านำเข้าซึ่งได้รับยกเว้นอากรมีการโอนกรรมสิทธิ์และต้องเสียภาษีมูลค่าเพิ่ม ผู้รับโอนสินค้าจะต้องคำนวณภาษีมูลค่าเพิ่มอย่างไร,ผู้รับโอนสินค้าต้องเสียภาษีมูลค่าเพิ่มตามมาตรา 82/1 (3) ข้อ (ข) แห่งประมวลรัษฎากร โดยคำนวณจากฐานภาษีตามมาตรา 79/2 (2) ของส่วน 3 และอัตราภาษีตามมาตรา 80 ซึ่งกำหนดไว้ในมาตรา 82/15 แห่งประมวลรัษฎากร,ผู้รับโอนสินค้าจะต้องคำนวณภาษีมูลค่าเพิ่มจากฐานภาษีของสินค้านำเข้าและชำระภาษีตามอัตราภาษีร้อยละ 10,"ผู้รับโอนสินค้าจะต้องคำนวณภาษีมูลค่าเพิ่มจากฐานภาษีของสินค้านำเข้าและชำระภาษีตามอัตราภาษีร้อยละ 10

คำอธิบาย : ประมวลรัษฎากร มาตรา 82/15 ในการนำเข้าสินค้าที่จำแนกประเภทไว้ในภาคว่าด้วยของที่ได้รับยกเว้นอากรตามกฎหมายว่าด้วยพิกัดอัตราศุลกากร และภายหลังได้มีการโอนกรรมสิทธิ์ในสินค้าอันเป็นเหตุให้ต้องเสียภาษีมูลค่าเพิ่มให้ผู้รับโอนสินค้าที่มีหน้าที่ต้องเสียภาษีมูลค่าเพิ่มตามมาตรา 82/1 (3) เสียภาษีมูลค่าเพิ่มและชำระภาษีมูลค่าเพิ่ม เมื่อความรับผิดในการเสียภาษีมูลค่าเพิ่มเกิดขึ้นโดยให้คำนวณจากฐานภาษีตามมาตรา 79/2 (2) ของส่วน 3 และอัตราภาษีตามมาตรา 80",1583,119,1702,0.17602989997249097,2.7181469000061043,2.8941767999785952,1,0,0.5,1.0,0.0,0.0,0.8922299146652222
103,sparse_rag,เมื่อเจ้าพนักงานได้ทำการประเมินภาษีใหม่ บุคคลผู้มีหน้าที่เสัยภาษี ต้องชำระสิ่งใดบ้าง,เมื่อเจ้าพนักงานประเมินได้ประเมินภาษีใหม่ บุคคลผู้มีหน้าที่เสียภาษีต้องชำระภาษีนั้น พร้อมทั้งเบี้ยปรับและเงินเพิ่มตามที่บัญญัติไว้ในประมวลรัษฎากร มาตรา 18 ตรี ภายในเวลาไม่เกิน 30 วันนับแต่วันได้รับแจ้งการประเมิน,ชำระภาษีนั้น พร้อมทั้งเบี้ยปรับและเงินเพิ่ม,"ชำระภาษีนั้น พร้อมทั้งเบี้ยปรับและเงินเพิ่ม

คำอธิบาย ประมวลรัษฎากร มาตรา 18 ตรี ภายใต้บังคับมาตรา 18 ทวิ ในกรณีเจ้าพนักงานประเมินได้ประเมินให้เสียภาษี บุคคลผู้มีหน้าที่เสียภาษีจะต้องชำระภาษีนั้น พร้อมทั้งเบี้ยปรับและเงินเพิ่มตามที่บัญญัติไว้ในหมวดนี้ ภายในสามสิบวันนับแต่วันได้รับแจ้งการประเมิน",940,120,1060,0.1342628999846056,2.416727300034836,2.5509902000194415,1,0,0.5,0.5,0.0,0.0,0.9407607316970825
104,sparse_rag,บทลงโทษของผู้ที่ออกใบรับเป็นจำนวนเงินน้อยกว่าที่รับจริงคืออะไร,ผู้ที่ออกใบรับเป็นจำนวนเงินน้อยกว่าที่รับจริง ต้องระวางโทษปรับไม่เกินห้าร้อยบาท หรือจำคุกไม่เกินหนึ่งเดือน หรือทั้งปรับทั้งจำ ตามมาตรา 127 ทวิ แห่งประมวลรัษฎากร,โทษปรับไม่เกิน 500 บาท หรือจำคุกไม่เกิน 1 เดือน หรือทั้งปรับทั้งจำ,โทษปรับไม่เกิน 500 บาท หรือจำคุกไม่เกิน 1 เดือน หรือทั้งปรับทั้งจำ   มาตรา 127 ทวิ แห่งประมวลรัษฎากร ผู้ใดโดยตนเองหรือโดยสมคบกับผู้อื่นทำให้ไม่มีการออกใบรับ หรือไม่ออกใบรับให้ในทันทีที่รับเงินหรือรับชำระราคาตามมาตรา 105 หรือออกใบรับเป็นจำนวนเงินน้อยกว่าที่รับเงินหรือรับชำระราคาจริง ต้องระวางโทษปรับไม่เกินห้าร้อยบาท หรือจำคุกไม่เกินหนึ่งเดือนหรือทั้งปรับทั้งจำ,981,95,1076,0.1519620000035502,2.3170731000136584,2.4690351000172086,1,0,0.5,1.0,0.0,0.0,0.917462170124054
105,sparse_rag,ผู้อุทธรณ์ที่ไม่ยอมมาไต่สวนหลักจากได้รับหมายเรียก สามารถอุทธรณ์คำวินิจฉัยอุทธรณ์ได้หรือไม่,ผู้อุทธรณ์ที่ไม่ยอมมาไต่สวนหลังได้รับหมายเรียกตามมาตรา 32 แห่งประมวลรัษฎากร ถือว่าฝ่าฝืนคำสั่งเจ้าพนักงานประเมิน ซึ่งอาจส่งผลให้การอุทธรณ์ไม่ได้รับการพิจารณาต่อไปได้ตามหลักนิติธรรม และหากไม่มีเหตุอันสมควร อาจถือว่าสละสิทธิ์ในการอุทธรณ์ได้ อย่างไรก็ตาม กฎหมายไม่ได้ห้ามไม่ให้อุทธรณ์คำวินิจฉัยโดยตรง แต่คำวินิจฉัยอาจไม่พิจารณาเนื้อหากรณีนั้นหากผู้อุทธรณ์ไม่มาไต่สวนโดยไม่มีเหตุอันสมควร,ไม่ได้,"ไม่ได้ เนื่องจากข้อกฎหมายกำหนดไว้ว่าผู้ที่ไม่ปฏิบัติตามหมายเรียกในการเรียกพยานหรือคำสั่งในการที่ให้ผู้อุทธรณ์นำหลักฐานมาแสดง ผู้นั้นจะหมดสิทธิในการอุทธรณ์คำวินิจฉัยอุทธรณ์ 

คำอธิบาย : ประมวลรัษฎากร มาตรา 33 ผู้อุทธรณ์คนใดไม่ปฏิบัติตามหมายเรียกหรือคำสั่งตามมาตรา 32 หรือไม่ยอมตอบคำถามเมื่อซักถาม โดยไม่มีเหตุผลอันสมควร ผู้นั้นหมดสิทธิที่จะอุทธรณ์คำวินิจฉัยอุทธรณ์ต่อไป",1046,232,1278,0.16058989998418838,5.015077000018209,5.175666900002398,1,0,0.5,0.0,0.0,0.0,0.8941020965576172
106,sparse_rag,การออกใบผ่านภาษีอากร ใครมีหน้าที่ต้องตรวจสอบว่าผู้ยื่นคำร้องมีภาษีอากรที่จะต้องเสียหรือไม่,"ตามประมวลรัษฎากร มาตรา 4 เบญจ ผู้ที่มีหน้าที่ตรวจสอบว่าผู้ยื่นคำร้องมีภาษีอากรที่จะต้องเสียหรือไม่ คือ ""ผู้รับคำร้องตามมาตรา 4 ตรี""",ผู้รับคำร้อง,ผู้รับคำร้อง  คำอธิบายขยายความ : มาตรา 4 เบญจ แห่งประมวลรัษฎากร ให้ผู้รับคำร้องตามมาตรา 4 ตรี ตรวจสอบว่า ผู้ยื่นคำร้องมีภาษีอากรที่จะต้องเสียตามมาตรา 4 ทวิ หรือไม่ ถ้าไม่มีก็ให้ออกใบผ่านภาษีอากรตามแบบที่อธิบดีกำหนดให้แก่ผู้ยื่นคำร้อง ถ้าในการตรวจสอบตามความในวรรคก่อนปรากฏว่า ผู้ยื่นคำร้องมีเงินภาษีอากรที่ต้องเสียตามมาตรา 4 ทวิ และผู้ยื่นคำร้องได้นำเงินภาษีอากรมาชำระครบถ้วนแล้วก็ดี หรือไม่อาจชำระได้ทั้งหมดหรือได้ชำระแต่บางส่วน และผู้ยื่นคำร้องได้จัดหาผู้ค้ำประกันหรือหลักประกันที่อธิบดีหรือผู้ว่าราชการจังหวัดหรือผู้ที่ได้รับมอบหมายเห็นสมควรมาเป็นประกันเงินค่าภาษีอากรนั้นแล้วก็ดี ให้อธิบดีหรือผู้ว่าราชการจังหวัดหรือผู้ที่ได้รับมอบหมายออกใบผ่านภาษีอากรให้,1317,77,1394,0.14574770000763237,1.29396410001209,1.4397118000197224,1,0,0.5,1.0,0.0,0.0,0.8683265447616577
107,sparse_rag,ในกรณีที่ผู้มีเงินได้พึงประเมินถึงแก่ความตายก่อนที่ได้ยื่นรายการเกี่ยวกับเงินได้พึงประเมิน หรือก่อนที่ผู้แทนโดยชอบธรรม ผู้อนุบาล หรือผู้พิทักษ์ได้ยื่นรายการ ความรับผิดชอบในการยื่นรายการเงินได้พึงประเมินจะเป็นของใคร,ตามประมวลรัษฎากร มาตรา 57 ทวิ ความรับผิดชอบในการยื่นรายการเงินได้พึงประเมินแทนผู้ตาย ให้เป็นหน้าที่ของผู้จัดการมรดก หรือทายาท หรือผู้ครอบครองทรัพย์มรดก แล้วแต่กรณี,"การยื่นรายการและการชำระภาษีจะเป็นหน้าที่ของผู้จัดการมรดก, ทายาท หรือผู้ครอบครองทรัพย์มรดก ขึ้นอยู่กับกรณี.","ถ้าผู้มีเงินได้ถึงแก่ความตายก่อนการยื่นรายการเกี่ยวกับเงินได้พึงประเมิน การยื่นรายการและการชำระภาษีจะเป็นหน้าที่ของผู้จัดการมรดก, ทายาท หรือผู้ครอบครองทรัพย์มรดก ขึ้นอยู่กับกรณี โดยต้องรวมเงินได้พึงประเมินของผู้ตายและของกองมรดกที่ได้รับตลอดปีภาษีที่ผู้ตายถึงแก่ความตายเป็นยอดเงินได้พึงประเมินทั้งหมดที่ต้องยื่น
สำหรับปีภาษีถัดไป หากกองมรดกของผู้ตายยังไม่ได้แบ่ง และมีเงินได้พึงประเมินเกิน 60,000 บาทในปีภาษีที่ล่วงมาแล้ว ผู้จัดการมรดก, ทายาท, หรือผู้ครอบครองทรัพย์มรดกจะต้องปฏิบัติตามบทบัญญัติในการยื่นรายการภาษีในชื่อกองมรดกของผู้ตาย

คำอธิบาย : ประมวลรัษฎากร มาตรา 57 ทวิ ถ้าผู้มีเงินได้พึงประเมินตามมาตรา 56 วรรค 1 ถึงแก่ความตายเสียก่อนที่ผู้นั้นได้ปฏิบัติตามมาตรา 56 วรรค 1 หรือก่อนที่ผู้แทนโดยชอบธรรม ผู้อนุบาลหรือผู้พิทักษ์ได้ปฏิบัติตามมาตรา 57 ให้เป็นหน้าที่ของผู้จัดการมรดก หรือทายาท หรือผู้ครอบครองทรัพย์มรดก แล้วแต่กรณี ปฏิบัติแทน และโดยเฉพาะในการยื่นรายการเงินได้พึงประเมินของผู้ตายนั้น ให้รวมเงินได้พึงประเมินของผู้ตายและของกองมรดกที่ได้รับตลอดปีภาษีที่ผู้นั้นถึงแก่ความตาย เป็นยอดเงินได้พึงประเมินที่จะต้องยื่นทั้งสิ้น
สำหรับในปีต่อไป ถ้ากองมรดกของผู้ตายยังมิได้แบ่ง และมีเงินได้พึงประเมินในปีภาษีที่ล่วงมาแล้วเกินจำนวนตามมาตรา 56 (1) ให้ผู้จัดการมรดกหรือทายาทหรือผู้ครอบครองทรัพย์มรดก แล้วแต่กรณี มีหน้าที่จะต้องปฏิบัติตามบทบัญญัติในส่วนนี้ในชื่อกองมรดกของผู้ตาย",1609,93,1702,0.161253200029023,1.8295860000071116,1.9908392000361346,1,0,0.3333333333333333,1.0,0.0,0.0,0.8209183216094971
108,sparse_rag,สถานที่ที่ผู้ประกอบการจดทะเบียนและผู้ขอคืนภาษีมิใช่ผู้ประกอบการจดทะเบียนต้องยื่นคำร้องขอคืนภาษีมูลค่าเพิ่มที่ใด,ผู้ประกอบการจดทะเบียนต้องยื่นคำร้องขอคืนภาษีมูลค่าเพิ่ม ณ ที่ว่าการอำเภอท้องที่ที่สถานประกอบการตั้งอยู่ หรือหากมีสถานประกอบการหลายแห่ง ให้ยื่นเป็นรายสถานประกอบการ ทั้งนี้ เว้นแต่ได้รับอนุมัติจากอธิบดีให้ยื่นรวมกันตามมาตรา 83 วรรคสี่ ส่วนผู้ขอคืนภาษีที่มิใช่ผู้ประกอบการจดทะเบียน ต้องยื่นคำร้อง ณ ที่ว่าการอำเภอท้องที่ที่ผู้ขอคืนมีภูมิลำเนา ตามประมวลรัษฎากร มาตรา 84/1.,ผู้ประกอบการจดทะเบียนต้องยื่นคำร้องขอคืนภาษี ณ ที่ว่าการอำเภอท้องที่ที่สถานประกอบการตั้งอยู่ หรือ ณ สถานที่ที่อธิบดีที่กำหนด หากมีสถานประกอบการหลายแห่ง สามารถยื่นคำร้องขอคืนภาษีรวมกันได้เมื่อได้รับอนุมัติจากอธิบดี ส่วนผู้ขอคืนภาษีมิใช่ผู้ประกอบการจดทะเบียนต้องยื่นคำร้องขอคืน ณ ที่ว่าการอำเภอท้องที่ที่ผู้ขอคืนมีภูมิลำเนา,"ผู้ประกอบการจดทะเบียนต้องยื่นคำร้องขอคืนภาษี ณ ที่ว่าการอำเภอท้องที่ที่สถานประกอบการตั้งอยู่ หรือ ณ สถานที่ที่อธิบดีที่กำหนด หากมีสถานประกอบการหลายแห่ง สามารถยื่นคำร้องขอคืนภาษีรวมกันได้เมื่อได้รับอนุมัติจากอธิบดี ส่วนผู้ขอคืนภาษีมิใช่ผู้ประกอบการจดทะเบียนต้องยื่นคำร้องขอคืน ณ ที่ว่าการอำเภอท้องที่ที่ผู้ขอคืนมีภูมิลำเนา

คำอธิบาย : ประมวลรัษฎากร มาตรา 84/1 การขอคืนภาษีมูลค่าเพิ่มสำหรับการขายสินค้าหรือการให้บริการให้กระทำได้ตามเงื่อนไขดังต่อไปนี้
(1) การขายสินค้าหรือการให้บริการในกรณีที่มีภาษีต้องคืน แต่ผู้ประกอบการจดทะเบียนมิได้ขอคืนตามมาตรา 84 ให้ผู้ประกอบการจดทะเบียนมีสิทธิยื่นคำร้องขอคืนภาษีภายในสามปีนับแต่วันพ้นกำหนดเวลายื่นแบบแสดงรายการภาษีสำหรับเดือนภาษีนั้น
(2) การขายสินค้าหรือการให้บริการในกรณีอื่น ให้ยื่นคำร้องขอคืนภายในสามปีนับแต่วันที่ได้ชำระภาษี
คำร้องขอคืนภาษีให้เป็นไปตามแบบที่อธิบดีกำหนด
ในกรณีที่ผู้ขอคืนภาษีเป็นผู้ประกอบการจดทะเบียน ให้ยื่นคำร้องขอคืนภาษี ณ ที่ว่าการอำเภอท้องที่ที่สถานประกอบการตั้งอยู่ และถ้าผู้ประกอบการจดทะเบียนมีสถานประกอบการหลายแห่ง ให้ยื่นคำร้องขอคืนภาษีเป็นรายสถานประกอบการ ทั้งนี้ เว้นแต่ผู้ประกอบการจดทะเบียนดังกล่าวได้รับอนุมัติจากอธิบดีให้ยื่นแบบแสดงรายการภาษีและชำระภาษีรวมกัน ก็ให้ยื่นคำร้องขอคืนภาษีรวมกัน ณ ที่ว่าการอำเภอท้องที่ หรือ ณ สถานที่ที่อธิบดีกำหนด ตามมาตรา 83 วรรคสี่ และในกรณีที่ผู้ขอคืนภาษีมิใช่ผู้ประกอบการจดทะเบียน ให้ยื่นคำร้องขอคืน ณ ที่ว่าการอำเภอท้องที่ที่ผู้ขอคืนมีภูมิลำเนา",1340,207,1547,0.14571050001541153,4.0216692999820225,4.167379799997434,1,0,0.3333333333333333,1.0,0.0,0.0,0.8836476802825928
109,sparse_rag,บุคคลใด มีหน้าที่ยื่นรายารแสดงภาษีเป็นรายตัวผู้มีเงินได้พึงประเมิน ตามประมวลรัษฎากร,ตามประมวลรัษฎากร มาตรา 59 บุคคลที่มีหน้าที่ยื่นรายการแสดงการหักภาษีเป็นรายตัวผู้มีเงินได้พึงประเมิน ได้แก่ ผู้มีเงินได้พึงประเมิน ห้างหุ้นส่วน บริษัท สมาคม หรือคณะบุคคลอื่น ซึ่งต้องยื่นรายการตามแบบที่อธิบดีกำหนด,บุคคล ห้างหุ้นส่วน บริษัท สมาคม หรือคณะบุคคลอื่น,"บุคคล ห้างหุ้นส่วน บริษัท สมาคม หรือคณะบุคคลอื่น

คำอธิบาย ประมวลรัษฎากร มาตรา 59 พร้อมกับการนำเงินภาษีส่งตามมาตรา 52 ให้บุคคล ห้างหุ้นส่วน บริษัท สมาคม หรือคณะบุคคลอื่นยื่นรายการตามแบบที่อธิบดีกำหนด แสดงการหักภาษีเป็นรายตัวผู้มีเงินได้พึงประเมิน",1190,123,1313,0.1616904999827966,2.037312300002668,2.1990027999854647,1,0,0.5,1.0,0.0,0.0,0.945147693157196
110,sparse_rag,ผู้ถูกเรียกเก็บเงินอากรและเงินเพิ่มอากรสามารถอุทรณ์คำสั่งได้หรือไม่,ผู้ถูกเรียกเก็บเงินอากรและเงินเพิ่มอากรตามมาตรา 115 แห่งประมวลรัษฎากร มีสิทธิอุทธรณ์คำสั่งได้ และให้นำบทบัญญัติว่าด้วยการอุทธรณ์ตามส่วน 2 หมวด 2 ลักษณะ 2 มาใช้บังคับโดยอนุโลม,ได้,"ได้

คำอธิบาย : เงินอากรและเงินเพิ่มอากรที่กล่าวในมาตรา 113 และมาตรา 114 นั้น ให้พนักงานเจ้าหน้าที่จัดการเรียกเก็บจากผู้มีหน้าที่เสียอากรก่อน ถ้าไม่ได้เงินจากผู้มีหน้าที่เสียอากร จึงให้จัดการเรียกเก็บจากผู้ทรงตราสารหรือผู้ถือเอาประโยชน์แห่งตราสารนั้น

ผู้ถูกเรียกเก็บเงินอากรและเงินเพิ่มอากรตามความในวรรคก่อนจะอุทธรณ์คำสั่งก็ได้ ทั้งนี้ ให้นำบทบัญญัติว่าด้วยการอุทธรณ์ตามส่วน 2 หมวด 2 ลักษณะ 2 มาใช้บังคับโดยอนุโลม",1180,110,1290,0.1331855999887921,2.103159799997229,2.236345399986021,1,0,0.3333333333333333,1.0,0.0,0.0,0.8995448350906372
111,sparse_rag,ถ้าหากผู้ประกอบการเสียภาษีด้วยการใช้วิธีภาษีขายหักด้วยภาษีซื้อ ผู้ประกอบการจะใช้วิธีการเสียภาษีแบบใดไม่ได้,"ผู้ประกอบการที่ใช้วิธีการเสียภาษีมูลค่าเพิ่มโดยคำนวณจากภาษีขายหักด้วยภาษีซื้อ ไม่สามารถใช้วิธีการเสียภาษีแบบ ""ภาษีขาย"" ได้ เนื่องจากวิธีการดังกล่าวต้องคำนวณภาษีจากการขายสินค้าหรือบริการทั้งหมดโดยไม่หักภาษีซื้อ ซึ่งขัดกับหลักการของวิธีการหักภาษีซื้อตามมาตรา 82/3 แห่งประมวลรัษฎากร",ผู้ประกอบการดังกล่าวเสียภาษีมูลค่าเพิ่มโดยคำนวณจากฐานภาษีในเดือนภาษีไม่ได้,ผู้ประกอบการดังกล่าวเสียภาษีมูลค่าเพิ่มโดยคำนวณจากฐานภาษีในเดือนภาษีไม่ได้ คำอธิบายขยายความเพิ่มเติมตามมาตรา 82/16 เพื่ออำนวยความสะดวกให้แก่ผู้ประกอบการ ซึ่งประกอบกิจการเฉพาะการขายสินค้าหรือการให้บริการในราชอาณาจักร และกิจการดังกล่าวมีมูลค่าของฐานภาษีเกินกว่ามูลค่าของฐานภาษีของกิจการขนาดย่อมตามมาตรา 81/1 แต่ไม่เกินกว่ามูลค่าของฐานภาษีซึ่งได้คำนวณตามหลักเกณฑ์ตามที่กำหนดโดยพระราชกฤษฎีกา ให้ผู้ประกอบการดังกล่าวเสียภาษีมูลค่าเพิ่มโดยคำนวณจากฐานภาษีในเดือนภาษีตามอัตราภาษีที่กำหนดไว้ในมาตรา 80/2,1722,162,1884,0.14991529996041209,3.4017852999968454,3.5517005999572575,1,0,0.3333333333333333,0.0,0.0,0.0,0.8546863794326782
112,sparse_rag,การออกใบกำกับภาษีของผู้ประกอบการที่ได้รับยกเว้นการจดทะเบียนภาษีมูลค่าเพิ่มและได้จดทะเบียนภาษีมูลค่าเพิ่มชั่วคราวต้องปฏิบัติตามอะไร,การออกใบกำกับภาษีของผู้ประกอบการที่ได้รับยกเว้นการจดทะเบียนภาษีมูลค่าเพิ่มและได้จดทะเบียนภาษีมูลค่าเพิ่มชั่วคราวต้องปฏิบัติตามหลักเกณฑ์ วิธีการ และเงื่อนไขที่อธิบดีกำหนด ตามมาตรา 86/1 แห่งประมวลรัษฎากร,ผู้ประกอบการที่ได้รับยกเว้นการจดทะเบียนภาษีมูลค่าเพิ่มและได้จดทะเบียนภาษีมูลค่าเพิ่มชั่วคราวจะออกใบกำกับภาษีได้ต่อเมื่อเป็นไปตามหลักเกณฑ์ วิธีการ และเงื่อนไขที่อธิบดีกำหนด,"ผู้ประกอบการที่ได้รับยกเว้นการจดทะเบียนภาษีมูลค่าเพิ่มและได้จดทะเบียนภาษีมูลค่าเพิ่มชั่วคราวจะออกใบกำกับภาษีได้ต่อเมื่อเป็นไปตามหลักเกณฑ์ วิธีการ และเงื่อนไขที่อธิบดีกำหนด

คำอธิบาย : ประมวลรัษฎากร มาตรา 86 ภายใต้บังคับมาตรา 86/1 มาตรา 86/2 และมาตรา 86/8 ให้ผู้ประกอบการจดทะเบียนจัดทำใบกำกับภาษีและสำเนาใบกำกับภาษีสำหรับการขายสินค้า หรือการให้บริการทุกครั้ง และต้องจัดทำในทันทีที่ความรับผิดในการเสียภาษีมูลค่าเพิ่มเกิดขึ้น พร้อมทั้งให้ส่งมอบใบกำกับภาษีนั้นแก่ผู้ซื้อสินค้าหรือผู้รับบริการส่วนสำเนาใบกำกับภาษีให้เก็บรักษาไว้ตามมาตรา 87/3
ผู้ประกอบการที่ได้รับยกเว้นการจดทะเบียนภาษีมูลค่าเพิ่มและได้จดทะเบียนภาษีมูลค่าเพิ่มชั่วคราวตามมาตรา 85/3 จะออกใบกำกับภาษีได้ต่อเมื่อเป็นไปตามหลักเกณฑ์ วิธีการ และเงื่อนไขที่อธิบดีกำหนด
ใบกำกับภาษีให้ออกเป็นรายสถานประกอบการ ทั้งนี้ เว้นแต่อธิบดีจะกำหนดเป็นอย่างอื่น
การออกใบกำกับภาษีโดยตัวแทนในนามของผู้ประกอบการจดทะเบียนให้เป็นไปตามหลักเกณฑ์ วิธีการ และเงื่อนไขที่อธิบดีกำหนด",1327,118,1445,0.15309269999852404,2.5376827999716625,2.6907754999701865,1,0,0.16666666666666666,1.0,0.0,0.0,0.8758286237716675
113,sparse_rag,หากเจ้าพนักงานประเมินพบว่ามีการออกเอกสารที่ไม่ถูกต้องตามกฎหมาย เจ้าพนักงานประเมินจะประเมินภาษีในลักษณะใด,หากเจ้าพนักงานประเมินพบว่ามีการออกเอกสารที่ไม่ถูกต้องตามกฎหมาย เจ้าพนักงานประเมินมีอำนาจตามมาตรา 91/16 แห่งประมวลรัษฎากร ในการกำหนดรายรับหรือราคาทรัพย์สินตามราคาตลาดที่อาจเทียบเคียงได้ หรือพิจารณาจากฐานะความเป็นอยู่ พฤติกรรมการค้า หรือสถิติการค้าของผู้ประกอบกิจการ เพื่อให้การประเมินภาษีเป็นไปอย่างถูกต้องและเหมาะสม โดยอาจกำหนดรายรับที่ควรได้รับจากผู้ประกอบกิจการที่มีความสัมพันธ์กันในด้านทุนหรือการจัดการ หรือประเมินภาษีตามที่รู้เห็นหรือพิจารณาว่าถูกต้องได้โดยไม่ต้องปฏิบัติตามข้อ (1) ถึง (7) ก่อน,เจ้าพนักงานประเมินจะประเมินภาษีมูลค่าเพิ่มตามจำนวนที่ปรากฏในใบกำกับภาษี ใบเพิ่มหนี้ หรือใบลดหนี้ที่ออกโดยไม่มีสิทธิ,"เจ้าพนักงานประเมินจะประเมินภาษีมูลค่าเพิ่มตามจำนวนที่ปรากฏในใบกำกับภาษี ใบเพิ่มหนี้ หรือใบลดหนี้ที่ออกโดยไม่มีสิทธิ

คำอธิบาย : ประมวลรัษฎากร มาตรา 88/1 เจ้าพนักงานประเมินมีอำนาจประเมินภาษีมูลค่าเพิ่มเบี้ยปรับและเงินเพิ่มตามหมวดนี้ ในเมื่อปรากฏว่าบุคคลใดออกใบกำกับภาษี ใบเพิ่มหนี้หรือใบลดหนี้ โดยไม่มีสิทธิที่จะออกตามกฎหมายตามมาตรา 86/13 โดยให้เจ้าพนักงานประเมินมีอำนาจประเมินภาษีมูลค่าเพิ่มตามจำนวนที่ปรากฏในใบกำกับภาษี ใบเพิ่มหนี้หรือใบลดหนี้นั้นได้",1571,252,1823,0.1367792999953963,4.850372100016102,4.9871514000114985,0,0,0.0,0.0,0.0,0.0,0.8434922695159912
114,sparse_rag,ในกรณีของกิจการขายอสังหาริมทรัพย์เป็นทางค้าหรือหากำไร ต้องดำเนินการยื่นภาษีอย่างไร,ในกรณีกิจการขายอสังหาริมทรัพย์เป็นทางค้าหรือหากำไร ผู้มีหน้าที่เสียภาษีต้องเสียภาษีธุรกิจเฉพาะโดยคำนวณจากฐานภาษีตามมาตรา 91/5 (6) ณ เวลาที่จดทะเบียนสิทธิและนิติกรรมเกี่ยวกับอสังหาริมทรัพย์นั้น ตามอัตราภาษีที่กำหนดไว้ในมาตรา 91/6 และมีสิทธิอุทธรณ์การประเมินภาษีตามบทบัญญัติว่าด้วยการอุทธรณ์ในส่วน 2 หมวด 2 ลักษณะ 2 ตามประมวลรัษฎากร มาตรา 91/8,ให้ผู้มีหน้าที่เสียภาษีกรณียื่นแบบแสดงรายการภาษีตามแบบที่อธิบดีกำหนด ในขณะจดทะเบียนสิทธิและนิติกรรมเกี่ยวกับอสังหาริมทรัพย์ พร้อมกับชำระภาษีต่อพนักงานเจ้าหน้าที่ผู้รับจดทะเบียนสิทธิและนิติกรรมนั้น,"ให้ผู้มีหน้าที่เสียภาษีกรณียื่นแบบแสดงรายการภาษีตามแบบที่อธิบดีกำหนด ในขณะจดทะเบียนสิทธิและนิติกรรมเกี่ยวกับอสังหาริมทรัพย์ พร้อมกับชำระภาษีต่อพนักงานเจ้าหน้าที่ผู้รับจดทะเบียนสิทธิและนิติกรรมนั้น 

คำอธิบาย ประมวลรัษฎากร มาตรา 91/10 ...
ความในวรรคหนึ่งถึงวรรคสี่มิให้ใช้บังคับแก่การยื่นแบบแสดงรายการภาษีและการชำระภาษีของผู้มีหน้าที่เสียภาษีธุรกิจเฉพาะสำหรับกิจการขายอสังหาริมทรัพย์เป็นทางค้าหรือหากำไรตามมาตรา 91/2 (6) และให้ผู้มีหน้าที่เสียภาษีกรณีดังกล่าวยื่นแบบแสดงรายการภาษีตามแบบที่อธิบดีกำหนด ในขณะจดทะเบียนสิทธิและนิติกรรมเกี่ยวกับอสังหาริมทรัพย์ พร้อมกับชำระภาษีต่อพนักงานเจ้าหน้าที่ผู้รับจดทะเบียนสิทธิและนิติกรรมนั้น
ในการชำระภาษีตามวรรคห้า ให้กรมที่ดินเรียกเก็บภาษีธุรกิจเฉพาะเพื่อกรมสรรพากรและห้ามพนักงานเจ้าหน้าที่ลงนามรับรู้ ยอมให้ทำหรือบันทึกไว้จนกว่าจะได้รับเงินภาษีที่ต้องชำระให้ครบถ้วนถูกต้องแล้ว
ภาษีที่ได้ชำระแล้วตามวรรดห้า ให้ส่งเป็นรายได้แผ่นดินตามระเบียบที่รัฐมนตรีกำหนด",1935,206,2141,0.15132440003799275,4.770902499963995,4.922226900001988,1,0,0.5,0.0,0.0,0.0,0.8378459811210632
116,sparse_rag,ในกรณีใดที่ตราสารใดไม่ปิดแสตมป์บริบูรณ์ จะใช้ต้นฉบับ คู่ฉบับ คู่ฉีก หรือสำเนาตราสารนั้น สามารถนำมาเป็นพยานหลักฐานในคดีแพ่งได้,ตราสารที่ไม่ปิดแสตมป์บริบูรณ์จะสามารถใช้เป็นพยานหลักฐานในคดีแพ่งได้เมื่อได้เสียอากรโดยปิดแสตมป์ครบจำนวนตามอัตราในบัญชีท้ายหมวดนี้ และขีดฆ่าแล้ว ตามประมวลรัษฎากร มาตรา 118,เมื่อได้เสียอากรโดยปิดแสตมป์ครบจำนวนตามอัตราในบัญชีท้ายหมวดนี้ และขีดฆ่าแล้ว,"เมื่อได้เสียอากรโดยปิดแสตมป์ครบจำนวนตามอัตราในบัญชีท้ายหมวดนี้ และขีดฆ่าแล้ว

คำอธิบาย ประมวลรัษฎากร มาตรา 118 ตราสารใดไม่ปิดแสตมป์บริบูรณ์ จะใช้ต้นฉบับ คู่ฉบับ คู่ฉีก หรือสำเนาตราสารนั้นเป็นพยานหลักฐานในคดีแพ่งไม่ได้ จนกว่าจะได้เสียอากรโดยปิดแสตมป์ครบจำนวนตามอัตราในบัญชีท้ายหมวดนี้ และขีดฆ่าแล้ว",1080,99,1179,0.16471719997934997,2.2936168999876827,2.4583340999670327,1,0,0.3333333333333333,1.0,0.0,0.0,0.9447007179260254
117,sparse_rag,เจ้าพนักงานประเมินมีอำนาจในการประเมินภาษีอย่างไรหากมีหลักฐานแสดงว่าผู้ประกอบการเสียภาษีต่ำกว่าความเป็นจริง,เจ้าพนักงานประเมินมีอำนาจประเมินภาษีในกรณีที่มีหลักฐานแสดงว่าผู้ประกอบการเสียภาษีหรือแสดงมูลค่าของฐานภาษีต่ำกว่าความเป็นจริง ตามมาตรา 88/2 (3) ของประมวลรัษฎากร ซึ่งให้อำนาจแก่เจ้าพนักงานประเมินในการประเมินภาษีให้ถูกต้องตามความเป็นจริงได้,เจ้าพนักงานประเมินมีอำนาจประเมินภาษีเมื่อมีหลักฐานแสดงว่าผู้ประกอบการเสียภาษีต่ำกว่าความเป็นจริง และกำหนดมูลค่าที่ควรได้รับตามฐานะความเป็นอยู่หรือพฤติการณ์ของผู้ประกอบการหรือจากสถิติการค้า,"เจ้าพนักงานประเมินมีอำนาจประเมินภาษีเมื่อมีหลักฐานแสดงว่าผู้ประกอบการเสียภาษีต่ำกว่าความเป็นจริง และกำหนดมูลค่าที่ควรได้รับตามฐานะความเป็นอยู่หรือพฤติการณ์ของผู้ประกอบการหรือจากสถิติการค้า

คำอธิบาย : ประมวลรัษฎากร มาตรา 88/2 เพื่อประโยชน์ในการดำเนินการตามมาตรา 88 และมาตรา 88/1 เจ้าพนักงานประเมินมีอำนาจ
(1) จัดทำรายการลงในแบบแสดงรายการภาษี แบบนำส่งภาษี หรือแบบใบขนสินค้าตามหลักฐานที่เห็นว่าถูกต้อง เมื่อผู้มีหน้าที่เสียภาษีมิได้ยื่นแบบแสดงรายการภาษี แบบนำส่งภาษี หรือแบบใบขนสินค้า
(2) แก้ไขเพิ่มเติมรายการในแบบแสดงรายการภาษี แบบนำส่งภาษี หรือแบบใบขนสินค้าเพื่อให้ถูกต้อง
(3) ประเมินภาษีในกรณีที่มีหลักฐานแสดงว่า ผู้ประกอบการเสียภาษีหรือแสดงมูลค่าของฐานภาษีต่ำกว่าความเป็นจริง",2127,119,2246,0.15170660003786907,2.898344499990344,3.050051100028213,1,0,0.25,0.5,0.0,0.0,0.8992401957511902
118,sparse_rag,การคืนภาษีกรณีนิติบุคคลใช้เงินสกุลอื่นในการดำเนินงานมีวิธีอย่างไร,การคืนเงินภาษีแก่บริษัทหรือห้างหุ้นส่วนนิติบุคคลที่ใช้เงินสกุลอื่นเป็นสกุลเงินในการดำเนินงาน ให้ใช้เงินตราไทย โดยคำนวณตามอัตราถัวเฉลี่ยระหว่างอัตราซื้อและอัตราขายของธนาคารพาณิชย์ที่ธนาคารแห่งประเทศไทยได้คำนวณไว้ในวันทำการสุดท้ายก่อนวันที่ผู้มีอำนาจอนุมัติให้คืนเงินภาษี (ตามประมวลรัษฎากร มาตรา 76 ฉ),โดยให้คำนวณค่าตามอัตราถัวเฉลี่ยระหว่างอัตราซื้อและอัตราขายของธนาคารพาณิชย์ที่ธนาคารแห่งประเทศไทยได้คำนวณไว้ในวันทำการสุดท้ายก่อนวันชำระภาษีหรือก่อนวันที่ผู้มีอำนาจอนุมัติให้คืนเงินภาษี,โดยให้คำนวณค่าตามอัตราถัวเฉลี่ยระหว่างอัตราซื้อและอัตราขายของธนาคารพาณิชย์ที่ธนาคารแห่งประเทศไทยได้คำนวณไว้ในวันทำการสุดท้ายก่อนวันชำระภาษีหรือก่อนวันที่ผู้มีอำนาจอนุมัติให้คืนเงินภาษี  ประมวลรัษฎากร มาตรา 76 ฉ การชำระภาษีตามมาตรา 67 ทวิ และมาตรา 68 และการคืนเงินภาษีในกรณีของบริษัทหรือห้างหุ้นส่วนนิติบุคคลที่ใช้เงินตราสกุลอื่นเป็นสกุลเงินที่ใช้ในการดำเนินงานตามมาตรา 76 ตรี ให้ใช้เงินตราไทย โดยให้คำนวณค่าตามอัตราถัวเฉลี่ยระหว่างอัตราซื้อและอัตราขายของธนาคารพาณิชย์ที่ธนาคารแห่งประเทศไทยได้คำนวณไว้ในวันทำการสุดท้ายก่อนวันชำระภาษีหรือก่อนวันที่ผู้มีอำนาจอนุมัติให้คืนเงินภาษี,1472,166,1638,0.15140900004189461,3.63216109998757,3.783570100029465,1,0,0.25,0.5,0.0,0.0,0.9465823173522949
120,sparse_rag,ในกรณีที่บริษัทหรือห้างหุ้นส่วนนิติบุคคลที่ตั้งขึ้นตามกฎหมายของต่างประเทศมิได้ประกอบกิจการในประเทศไทยแต่ได้รับเงินได้พึงประเมิน เนื่องจากหน้าที่หรือตำแหน่งงานที่ทำหรือจากการรับทำงานให้ ที่จ่ายจากหรือในประเทศไทย ให้บริษัทหรือห้างหุ้นส่วนนิติบุคคลนั้นเสียภาษี ผู้จ่ายภาษีจะต้องดำเนินการอย่างไร ตามที่กฎหมายที่บัญญัติไว้ในประมวลรัษฎากร,ตามประมวลรัษฎากร มาตรา 70 บริษัทหรือห้างหุ้นส่วนนิติบุคคลที่ตั้งขึ้นตามกฎหมายของต่างประเทศ ซึ่งมิได้ประกอบกิจการในประเทศไทยแต่ได้รับเงินได้พึงประเมินเนื่องจากหน้าที่หรือตำแหน่งงานที่ทำหรือจากการรับทำงานให้ที่จ่ายจากหรือในประเทศไทย ให้ผู้จ่ายหักภาษีจากเงินได้พึงประเมินที่จ่ายตามอัตราภาษีเงินได้สำหรับบริษัทหรือห้างหุ้นส่วนนิติบุคคล แล้วนำส่งกรมสรรพากรท้องที่พร้อมกับยื่นรายการตามแบบที่อธิบดีกำหนดภายในเจ็ดวันนับแต่วันสิ้นเดือนของเดือนที่จ่ายเงินได้พึงประเมินนั้น และให้นำมาตรา 54 มาใช้บังคับโดยอนุโลม.,"ให้ผู้จ่ายหักภาษีจากเงินได้พึงประเมินที่จ่ายตามอัตราภาษีเงินได้สำหรับบริษัทหรือห้างหุ้นส่วนนิติบุคคล ในอัตราเหมาร้อยละ 20 แต่ต้องไม่เกิน 20,000 บาท แล้วคำนวณภาษีตามอัตราภาษีเงินได้สำหรับบริษัทหรือห้างหุ้นส่วนนิติบุคคล แล้วนำส่งอำเภอท้องที่พร้อมกับยื่นรายการตามแบบที่อธิบดีกำหนดภายในเจ็ดวันนับแต่วันสิ้นเดือนของเดือนที่จ่ายเงินได้พึงประเมินนั้น.","ให้ผู้จ่ายหักภาษีจากเงินได้พึงประเมินที่จ่ายตามอัตราภาษีเงินได้สำหรับบริษัทหรือห้างหุ้นส่วนนิติบุคคล ในอัตราเหมาร้อยละ 20 แต่ต้องไม่เกิน 20,000 บาท แล้วคำนวณภาษีตามอัตราภาษีเงินได้สำหรับบริษัทหรือห้างหุ้นส่วนนิติบุคคล แล้วนำส่งอำเภอท้องที่พร้อมกับยื่นรายการตามแบบที่อธิบดีกำหนดภายในเจ็ดวันนับแต่วันสิ้นเดือนของเดือนที่จ่ายเงินได้พึงประเมินนั้น

คำอธิบาย ประมวลรัษฎากร มาตรา 70 บริษัทหรือห้างหุ้นส่วนนิติบุคคลที่ตั้งขึ้นตามกฎหมายของต่างประเทศมิได้ประกอบกิจการในประเทศไทยแต่ได้รับเงินได้พึงประเมินตามมาตรา 40 (2) (3) (4) (5) หรือ (6) ที่จ่ายจากหรือในประเทศไทย ให้บริษัทหรือห้างหุ้นส่วนนิติบุคคลนั้นเสียภาษี โดยให้ผู้จ่ายหักภาษีจากเงินได้พึงประเมินที่จ่ายตามอัตราภาษีเงินได้สำหรับบริษัทหรือห้างหุ้นส่วนนิติบุคคล แล้วนำส่งอำเภอท้องที่พร้อมกับยื่นรายการตามแบบที่อธิบดีกำหนดภายในเจ็ดวันนับแต่วันสิ้นเดือนของเดือนที่จ่ายเงินได้พึงประเมินนั้น ทั้งนี้ ให้นำมาตรา 54 มาใช้บังคับโดยอนุโลม
(1) เงินได้พึงประเมินตามมาตรา 40 (2) ให้หักค่าใช้จ่ายเป็นการเหมาร้อยละ 20 แต่ต้องไม่เกิน 20,000 บาท แล้วคำนวณภาษีตามอัตราภาษีเงินได้สำหรับบริษัทหรือห้างหุ้นส่วนนิติบุคคล",2025,266,2291,0.09661969996523112,4.905496700026561,5.002116399991792,1,0,0.3333333333333333,1.0,0.0,0.0,0.9072472453117371
121,sparse_rag,บริษัทหรือห้างหุ้นส่วนนิติบุคคลที่มี่ความสัมพันธ์กันในระหว่างรอบระยะเวลาบัญชีจำเป็นต้องยื่นข้อมูลเกี่ยวกับข้อมูลบริษัทหรือห้างหุ้นส่วนนิติบุคคลที่มีความสัมพันธ์กันและมูลค่ารวมของธุรกรรมระหว่างกันหรือไม่,ใช่ บริษัทหรือห้างหุ้นส่วนนิติบุคคลที่มีความสัมพันธ์กันในระหว่างรอบระยะเวลาบัญชี ต้องจัดทำรายงานข้อมูลเกี่ยวกับบริษัทหรือห้างหุ้นส่วนนิติบุคคลที่มีความสัมพันธ์กันและมูลค่ารวมของธุรกรรมระหว่างกันตามแบบที่อธิบดีกำหนด และยื่นต่อเจ้าพนักงานประเมินพร้อมกับการยื่นรายการภายในกำหนดเวลาตามมาตรา 69 ของประมวลรัษฎากร มาตรา 71 ตรี,ต้องยื่น เพราะหากไม่ยื่นโดยไม่มีเหตุอันสมควรจะมีความผิดต้องระวางโทษปรับไม่เกินสองแสนบาท,"ต้องยื่น เพราะหากไม่ยื่นโดยไม่มีเหตุอันสมควรจะมีความผิดต้องระวางโทษปรับไม่เกินสองแสนบาท

คำอธิบาย : ประมวลรัษฎากร มาตรา 35 ตรี ผู้ใดไม่ปฏิบัติตามมาตรา 71 ตรี หรือยื่นรายงาน หรือเอกสารหรือหลักฐานตามมาตรา 71 ตรี โดยแสดงข้อมูลไม่ถูกต้องครบถ้วนโดยไม่มีเหตุอันสมควร ต้องระวางโทษปรับไม่เกินสองแสนบาท",2785,176,2961,0.16966810001758859,3.339204499963671,3.5088725999812596,0,0,0.0,0.0,0.0,0.0,0.7850526571273804
122,sparse_rag,การอุทธรณ์การประเมินภาษีอากรที่อำเภอมีหน้าที่ประเมิน กับที่อำเภอไม่มีหน้าที่ประเมินนั้น ผู้ที่มีอำนาจในการออกหมายเรียก จะต้องเรียกมาไต่สวนภายในกี่วัน,ไม่พบข้อมูลที่ตรงกับคำถามในฐานข้อมูลกฎหมายที่มีอยู่,ไม่ได้มีกำหนดเวลาไว้ เพียงแต่จะต้องให้เวลาผู้ถูกเรียกไม่น้อยกว่า 15 วัน นับแต่วันที่ส่งหมาย,"ไม่ได้มีกำหนดเวลาไว้ เพียงแต่จะต้องให้เวลาผู้ถูกเรียกไม่น้อยกว่า 15 วัน นับแต่วันที่ส่งหมาย

คำอธิบาย : ประมวลรัษฎากร มาตรา 32 เพื่อการวินิจฉัยอุทธรณ์ตามมาตรา 29 หรือมาตรา 30 เจ้าพนักงานประเมิน ผู้ว่าราชการจังหวัดหรือกรรมการในคณะกรรมการพิจารณาอุทธรณ์ แล้วแต่กรณี มีอำนาจออกหมายเรียกผู้อุทธรณ์มาไต่สวนออกหมายเรียกพยาน กับสั่งให้ผู้อุทธรณ์หรือพยานนั้นนำสมุดบัญชี หรือพยานหลักฐานอย่างอื่นอันควรแก่เรื่องมาแสดงได้ แต่ต้องให้เวลาล่วงหน้าไม่น้อยกว่าสิบห้าวันนับแต่วันส่งหมาย",1032,24,1056,0.14802480000071228,0.8383478000178002,0.9863726000185125,0,0,0.0,0.0,0.0,0.0,0.6386561393737793
123,sparse_rag,บริษัทหรือห้างหุ้นส่วนนิติบุคคลยื่นรายการซึ่งจำเป็นต้องใช้ในการคำนวณภาษี เกี่ยวกับรายรับรายจ่าย กำไรสุทธิและรายการอื่น ๆ ต่อเจ้าพนักงานประเมิน พร้อมเอกสารใด ภายใน150 วันนับแต่วันสุดท้ายของรอบระยะเวลาบัญชี,บริษัทหรือห้างหุ้นส่วนนิติบุคคลต้องยื่นรายการซึ่งจำเป็นต้องใช้ในการคำนวณภาษี เกี่ยวกับรายรับรายจ่าย กำไรสุทธิและรายการอื่น ๆ ต่อเจ้าพนักงานประเมิน พร้อมด้วยบัญชีงบดุล บัญชีทำการและบัญชีกำไรขาดทุน บัญชีรายรับรายจ่าย หรือบัญชีรายรับก่อนหักรายจ่าย ที่มีบุคคลตามมาตรา 3 สัตต ตรวจสอบและรับรองในรอบระยะเวลาบัญชีดังกล่าว ภายในหนึ่งร้อยห้าสิบวันนับแต่วันสุดท้ายของรอบระยะเวลาบัญชี ตามประมวลรัษฎากร มาตรา 69,บัญชีงบดุล บัญชีทำการและบัญชีกำไรขาดทุน บัญชีรายรับรายจ่าย หรือบัญชีรายรับก่อนหักรายจ่ายที่มีบุคคลที่ได้รับใบอนุญาตจากอธิบดีตรวจสอบและรับรอง,"บัญชีงบดุล บัญชีทำการและบัญชีกำไรขาดทุน บัญชีรายรับรายจ่าย หรือบัญชีรายรับก่อนหักรายจ่ายที่มีบุคคลที่ได้รับใบอนุญาตจากอธิบดีตรวจสอบและรับรอง
คำอธิบาย ประมวลรัษฎากร มาตรา 69 ภายในหนึ่งร้อยห้าสิบวันนับแต่วันสุดท้ายของรอบระยะเวลาบัญชีให้บริษัทหรือห้างหุ้นส่วนนิติบุคคลยื่นรายการซึ่งจำเป็นต้องใช้ในการคำนวณภาษีตามมาตรา 65 มาตรา 65 ทวิ มาตรา 66 และมาตรา 67 เกี่ยวกับรายรับรายจ่าย กำไรสุทธิและรายการอื่น ๆ ต่อเจ้าพนักงานประเมินตามแบบที่อธิบดีกำหนด พร้อมด้วยบัญชีงบดุล บัญชีทำการและบัญชีกำไรขาดทุน บัญชีรายรับรายจ่าย หรือบัญชีรายรับก่อนหักรายจ่ายที่มีบุคคลตามมาตรา 3 สัตต ตรวจสอบและรับรองในรอบระยะเวลาบัญชีดังกล่าว แล้วแต่กรณี

มาตรา 3 สัตต เพื่อประโยชน์แห่งการจัดเก็บภาษีอากรตามประมวลรัษฎากร การตรวจสอบและรับรองบัญชีจะกระทำได้ก็แต่โดยบุคคลที่ได้รับใบอนุญาตจากอธิบดี
            บุคคลที่จะขอใบอนุญาตจากอธิบดีตามความในวรรคก่อน ต้องเป็นผู้ที่มีคุณสมบัติและปฏิบัติตามระเบียบที่อธิบดีกำหนดโดยอนุมัติรัฐมนตรี",1780,223,2003,0.1436841000104323,5.216582700028084,5.3602668000385165,1,0,0.4,1.0,0.0,0.0,0.876326322555542
124,sparse_rag,หากต้องเสียภาษี จะสามารถแบ่งชำระเป็นงวดๆได้หรือไม่,"หากต้องเสียภาษีจำนวนตั้งแต่ 3,000 บาทขึ้นไป ผู้ต้องเสียภาษีสามารถชำระเป็นสามงวด ๆ ละเท่า ๆ กันได้ ตามมาตรา 64 แห่งประมวลรัษฎากร แต่หากไม่ชำระภาษีงวดใดงวดหนึ่งภายในเวลาที่กำหนด ผู้ต้องเสียภาษีจะหมดสิทธิในการชำระเป็นรายงวดต่อไป และต้องเสียเงินเพิ่มตามมาตรา 27 ด้วย",สามารถทำได้ โดยในกรณีที่ต้องเสียภาษีจากเงินได้ที่เป็นดอกเบี้ยพันธบัตร ดอกเบี้ยเงินฝาก เงินปันผล ส่วนแบ่งกำไร เงินโบนัสที่จ่ายให้แก่ผู้ถือหุ้น ผลประโยชน์ที่ได้จากการโอนการเป็นหุ้นส่วน ผลประโยชน์จากการโอนคริปโทเคอร์เรนซี หรือโทเคนดิจิตัล เงินจากการเช่าทรัพย์ จากกากรผิดสัญญาเช่า เงินจากวิชาชีพอิสระ และเงินได้จากการรับเหมา งวดที่หนึ่งต้องชำระตามกำหนดในมาตราดังกล่าว งวดที่สองต้องชำระภายในหนึ่งเดือนนับแต่วันที่ต้องชำระงวดที่หนึ่ง และงวดที่สามต้องชำระภายในหนึ่งเดือนนับแต่วันสุดท้ายที่ต้องชำระงวดที่สอง.,"สามารถทำได้ โดย 
ในกรณีที่ต้องเสียภาษีจากเงินได้ที่เป็นดอกเบี้ยพันธบัตร ดอกเบี้ยเงินฝาก เงินปันผล ส่วนแบ่งกำไร เงินโบนัสที่จ่ายให้แก่ผู้ถือหุ้น ผลประโยชน์ที่ได้จากการโอนการเป็นหุ้นส่วน ผลประโยชน์จากการโอนคริปโทเคอร์เรนซี หรือโทเคนดิจิตัล เงินจากการเช่าทรัพย์ จากกากรผิดสัญญาเช่า เงินจากวิชาชีพอิสระ และเงินได้จากการรับเหมา งวดที่หนึ่งต้องชำระตามกำหนดในมาตราดังกล่าว งวดที่สองต้องชำระภายในหนึ่งเดือนนับแต่วันที่ต้องชำระงวดที่หนึ่ง และงวดที่สามต้องชำระภายในหนึ่งเดือนนับแต่วันสุดท้ายที่ต้องชำระงวดที่สอง

ในกรณีอื่น งวดที่หนึ่งต้องชำระภายในสามสิบวันนับแต่วันได้รับแจ้งจำนวนภาษีที่ประเมิน งวดที่สองต้องชำระภายในหนึ่งเดือนนับแต่วันสุดท้ายที่ต้องชำระงวดที่หนึ่งและงวดที่สามต้องชำระภายในหนึ่งเดือนนับแต่วันสุดท้ายที่ต้องชำระงวดที่สอง

คำอธิบาย : ประมวลรัษฎากร มาตรา 64 เว้นแต่กรณีตามมาตรา 18 ทวิ ถ้าภาษีที่ต้องเสียตามบทบัญญัติแห่งส่วนนี้มีจำนวนตั้งแต่ 3,000 บาทขึ้นไป ผู้ต้องเสียภาษีจะชำระเป็นสามงวด ๆ ละเท่า ๆ กัน ก็ได้ คือ
(1) ในกรณีที่ต้องเสียตามมาตรา 56 ทวิ หรือมาตรา 57 จัตวา งวดที่หนึ่งต้องชำระตามกำหนดในมาตราดังกล่าว งวดที่สองต้องชำระภายในหนึ่งเดือนนับแต่วันที่ต้องชำระงวดที่หนึ่ง และงวดที่สามต้องชำระภายในหนึ่งเดือนนับแต่วันสุดท้ายที่ต้องชำระงวดที่สอง
(2) ในกรณีอื่น งวดที่หนึ่งต้องชำระภายในสามสิบวันนับแต่วันได้รับแจ้งจำนวนภาษีที่ประเมิน งวดที่สองต้องชำระภายในหนึ่งเดือนนับแต่วันสุดท้ายที่ต้องชำระงวดที่หนึ่งและงวดที่สามต้องชำระภายในหนึ่งเดือนนับแต่วันสุดท้ายที่ต้องชำระงวดที่สอง
การชำระภาษีตาม (1) ถ้าไม่ชำระภาษีงวดใดงวดหนึ่งภายในเวลาที่กำหนดไว้ ผู้ต้องเสียภาษีหมดสิทธิที่จะชำระภาษีเป็นรายงวดต่อไป และต้องเสียเงินเพิ่มตามมาตรา 27 สำหรับงวดที่ไม่ชำระและงวดต่อ ๆ ไป
การชำระภาษีตาม (2) ไม่เป็นเหตุให้ยกเว้นการเสียเงินเพิ่มตามมาตรา 27 และถ้าไม่ชำระภาษีงวดใดงวดหนึ่งภายในเวลาที่กำหนดไว้ผู้ต้องเสียภาษีหมดสิทธิที่จะชำระภาษีเป็นรายงวดต่อไป",1576,140,1716,0.1350856000208296,2.9886139999725856,3.123699599993415,1,0,0.2,1.0,0.0,0.0,0.7948877215385437
125,sparse_rag,บริษัทหรือห้างหุ้นส่วนนิติบุคคลจำเป็นที่จะต้องยื่นรายการที่ใช้ในการคำนวณภาษี เกินกว่า 150 วันมีความผิดหรือไม่,ใช่ บริษัทหรือห้างหุ้นส่วนนิติบุคคลมีความผิดหากยื่นรายการที่ใช้ในการคำนวณภาษีเกินกว่า 150 วันนับแต่วันสุดท้ายของรอบระยะเวลาบัญชี เนื่องจากตามมาตรา 68 แห่งประมวลรัษฎากร กำหนดให้ต้องยื่นรายการดังกล่าวภายในหนึ่งร้อยห้าสิบวันนับแต่วันสุดท้ายของรอบระยะเวลาบัญชี อย่างไรก็ตาม กฎหมายดังกล่าวไม่ได้ระบุโทษทางอาญาโดยตรง แต่อาจมีบทลงโทษทางปกครอง เช่น ค่าปรับ หรือดอกเบี้ยในกรณีการชำระภาษีล่าช้า ตามมาตรา 80 แห่งประมวลรัษฎากร,มีความผิด ต้องระวางโทษปรับไม่เกินสองพันบาท เว้นแต่เป็นเหตุสุดวิสัย,"มีความผิด ต้องระวางโทษปรับไม่เกินสองพันบาท เว้นแต่เป็นเหตุสุดวิสัย

คำอธิบาย : ประมวลรัษฎากร มาตรา 35 ผู้ใดไม่ปฏิบัติตามมาตรา 17 มาตรา 50 ทวิ มาตรา 51 หรือมาตรา 69 เว้นแต่จะแสดงว่าได้มีเหตุสุดวิสัย ต้องระวางโทษปรับไม่เกินสองพันบาท",1334,219,1553,0.1485110999783501,4.754593999998178,4.903105099976528,0,0,0.0,0.0,0.0,0.0,0.7744313478469849
126,sparse_rag,หากสำนักงานคณะกรรมการกำกับหลักทรัพย์และตลาดหลักทรัพย์พบว่าแบบแสดงรายการข้อมูลการเสนอขายหลักทรัพย์และหนังสือชี้ชวนเป็นเท็จ ให้สำนักงานนั้นมีอำนาจอย่างไรบ้าง,ตามมาตรา 76 แห่งพระราชบัญญัติหลักทรัพย์และตลาดหลักทรัพย์ พ.ศ. 2535 สำนักงานคณะกรรมการกำกับหลักทรัพย์และตลาดหลักทรัพย์มีอำนาจสั่งระงับการมีผลใช้บังคับของแบบแสดงรายการข้อมูลการเสนอขายหลักทรัพย์และร่างหนังสือชี้ชวน และในกรณีที่การเสนอขายหลักทรัพย์นั้นได้รับอนุญาตแล้ว ให้มีอำนาจสั่งเพิกถอนการอนุญาตนั้นได้ในทันที.,ให้สำนักงานคณะกรรมการกำกับหลักทรัพย์และตลาดหลักทรัพย์มีอำนาจสั่งระงับการมีผลใช้บังคับของแบบแสดงรายการข้อมูลการเสนอขายหลักทรัพย์และร่างหนังสือชี้ชวนที่เป็นเท็จได้ รวมถึงหากการเสนอขายหลักทรัพย์นั้นได้รับอนุญาตแล้ว ให้สำนักงานมีอำนาจสั่งเพิกถอนการอนุญาตนั้นได้ในทันที.,ให้สำนักงานคณะกรรมการกำกับหลักทรัพย์และตลาดหลักทรัพย์มีอำนาจสั่งระงับการมีผลใช้บังคับของแบบแสดงรายการข้อมูลการเสนอขายหลักทรัพย์และร่างหนังสือชี้ชวนที่เป็นเท็จได้ รวมถึงหากการเสนอขายหลักทรัพย์นั้นได้รับอนุญาตแล้ว ให้สำนักงานมีอำนาจสั่งเพิกถอนการอนุญาตนั้นได้ในทันที   ตามพระราชบัญญัติหลักทรัพย์และตลาดหลักทรัพย์ พ.ศ. 2535 มาตรา 76(1) สำนักงานคณะกรรมการกำกับหลักทรัพย์และตลาดหลักทรัพย์ตรวจพบว่าข้อความหรือรายการในแบบแสดงรายการข้อมูลการเสนอขายหลักทรัพย์และหนังสือชี้ชวนเป็นเท็จหรือขาดข้อความที่ควรต้องแจ้งในสาระสำคัญซึ่งอาจทำให้ผู้เข้าซื้อหลักทรัพย์เสียหาย ให้สำนักงานมีอำนาจสั่งระงับการมีผลใช้บังคับของแบบแสดงรายการข้อมูลการเสนอขายหลักทรัพย์และร่างหนังสือชี้ชวน และหากการเสนอขายหลักทรัพย์นั้นได้รับอนุญาตแล้ว ให้สำนักงานมีอำนาจสั่งเพิกถอนการอนุญาตนั้นได้ในทันที นอกจากนี้ การสั่งการของสำนักงานนั้นจะไม่กระทบถึงการดำเนินการใด ๆ ของผู้เริ่มจัดตั้งบริษัทมหาชนจำกัด บริษัทหรือเจ้าของหลักทรัพย์ก่อนที่จะมีการสั่งการ และไม่กระทบสิทธิในการเรียกร้องค่าเสียหายด้วย,2634,172,2806,0.17067449999740347,3.6732708999770693,3.843945399974473,1,0,0.25,0.5,0.0,0.0,0.9000833034515381
127,sparse_rag,ไม่ได้รายงานผลการขายหลักทรัพย์ บริษัทมีความผิดไหม,ใช่ บริษัทมีความผิดตามมาตรา 81 แห่งพระราชบัญญัติหลักทรัพย์และตลาดหลักทรัพย์ พ.ศ. 2535 ซึ่งบัญญัติให้ผู้เริ่มจัดตั้งบริษัทมหาชนจำกัด บริษัท หรือเจ้าของหลักทรัพย์ต้องรายงานผลการขายหลักทรัพย์ต่อสำนักงาน และหากไม่ปฏิบัติตาม อาจถือว่าฝ่าฝืนกฎหมายและอาจถูกดำเนินคดีตามกฎหมายได้,มีความผิดตามกฎหมาย ต้องระวางโทษปรับไม่เกินหนึ่งแสนบาท และปรับอีกไม่เกินวันละสามพันบาทตลอดเวลาที่ยังมิได้ปฏิบัติให้ถูกต้อง,มีความผิดตามกฎหมาย ต้องระวางโทษปรับไม่เกินหนึ่งแสนบาท และปรับอีกไม่เกินวันละสามพันบาทตลอดเวลาที่ยังมิได้ปฏิบัติให้ถูกต้อง   พระราชบัญญัติหลักทรัพย์และตลาดหลักทรัพย์ พ.ศ. 2535 มาตรา 279 ผู้ใดฝ่าฝืนหรือไม่ปฏิบัติตามมาตรา 64 วรรคสอง มาตรา 66 วรรคสอง หรือมาตรา 81 วรรคหนึ่ง หรือฝ่าฝืนหรือไม่ปฏิบัติตามหลักเกณฑ์ หรือวิธีการที่กำหนดตามมาตรา 81 วรรคสอง ต้องระวางโทษปรับไม่เกินหนึ่งแสนบาท และปรับอีกไม่เกินวันละสามพันบาทตลอดเวลาที่ยังมิได้ปฏิบัติให้ถูกต้อง,1326,162,1488,0.1494731000275351,3.442000699986238,3.591473800013773,1,0,0.5,0.0,0.0,0.0,0.7872185111045837
128,sparse_rag,ผู้ดูแลผลประโยชน์ของกองทุนรวมมีอำนาจหน้าที่อย่างไรบ้าง,"ผู้ดูแลผลประโยชน์ของกองทุนรวมมีอำนาจหน้าที่ตามมาตรา 127 แห่งพระราชบัญญัติหลักทรัพย์และตลาดหลักทรัพย์ พ.ศ. 2535 ดังนี้  
(1) ดูแลให้บริษัทหลักทรัพย์ปฏิบัติตามมาตรา 125 โดยเคร่งครัด  
(2) รับฝากทรัพย์สินของกองทุนรวมโดยแยกไว้ต่างหากจากทรัพย์สินอื่น และดูแลการเบิกจ่ายทรัพย์สินตามโครงการจัดการกองทุนรวม  
(3) จัดทำบัญชีแสดงการรับจ่ายทรัพย์สินของกองทุนรวม  
(4) จัดทำรายงานเสนอต่อสำนักงาน ในกรณีที่บริษัทหลักทรัพย์กระทำหรืองดเว้นการกระทำจนก่อให้เกิดความเสียหายแก่กองทุนรวม หรือไม่ปฏิบัติหน้าที่ตามมาตรา 125  
(5) ดำเนินการฟ้องร้องบังคับคดีให้บริษัทหลักทรัพย์ปฏิบัติตามหน้าที่ หรือฟ้องเรียกค่าสินไหมทดแทนความเสียหาย เพื่อประโยชน์ของผู้ถือหน่วยลงทุนทั้งปวง หรือเมื่อได้รับคำสั่งจากสำนักงาน โดยค่าใช้จ่ายในการฟ้องร้องให้เรียกร้องจากทรัพย์สินของกองทุนรวมนั้น",(1) ดูแลให้บริษัทหลักทรัพย์ปฏิบัติตามมาตรา 125 โดยเคร่งครัด (2) รับฝากทรัพย์สินของกองทุนรวมโดยแยกไว้ต่างหากจากทรัพย์สินอื่น (3) จัดทำบัญชีแสดงการรับจ่ายทรัพย์สินของกองทุนรวม (4) จัดทำรายงานเสนอต่อสำนักงาน ในกรณีที่บริษัทหลักทรัพย์กระทำการ หรืองดเว้นกระทำการจนก่อให้เกิดความเสียหายแก่กองทุนรวม หรือไม่ปฏิบัติหน้าที่ตามมาตรา 125 (5) ดำเนินการฟ้องร้องบังคับคดีให้บริษัทหลักทรัพย์ปฏิบัติตามหน้าที่ของตน หรือฟ้องร้องเรียกค่าสินไหมทดแทนความเสียหายจากบริษัทหลักทรัพย์.,ดูแลให้บริษัทหลักทรัพย์ปฏิบัติตามมาตรา 125 โดยเคร่งครัด รับฝากทรัพย์สินของกองทุนรวมโดยแยกไว้ต่างหากจากทรัพย์สินอื่น จัดทำบัญชีแสดงการรับจ่ายทรัพย์สินของกองทุนรวม เป็นต้น ตามพระราชบัญญัติหลักทรัพย์และตลาดหลักทรัพย์ พ.ศ. 2535 มาตรา 127 ให้ผู้ดูแลผลประโยชน์ของกองทุนรวมมีอำนาจหน้าที่ดังต่อไปนี้ (1) ดูแลให้บริษัทหลักทรัพย์ปฏิบัติตามมาตรา 125 โดยเคร่งครัด (2) รับฝากทรัพย์สินของกองทุนรวมโดยแยกไว้ต่างหากจากทรัพย์สินอื่น พร้อมทั้งดูแลให้การเบิกจ่ายทรัพย์สินของกองทุนรวมเป็นไปตามที่ระบุไว้ในโครงการจัดการกองทุนรวม (3) จัดทำบัญชีแสดงการรับจ่ายทรัพย์สินของกองทุนรวม (4) จัดทำรายงานเสนอต่อสำนักงาน ในกรณีที่บริษัทหลักทรัพย์กระทำการ หรืองดเว้นกระทำการจนก่อให้เกิดความเสียหายแก่กองทุนรวม หรือไม่ปฏิบัติหน้าที่ตามมาตรา 125 (5) ดำเนินการฟ้องร้องบังคับคดีให้บริษัทหลักทรัพย์ปฏิบัติตามหน้าที่ของตน หรือฟ้องร้องเรียกค่าสินไหมทดแทนความเสียหายจากบริษัทหลักทรัพย์นั้น,1436,429,1865,0.1564669999643229,8.847241499985103,9.003708499949425,1,0,0.5,1.0,1.0,1.0,0.9641779661178589
129,sparse_rag,กู้ยืมเงินหรือให้กู้ยืมเงินและลงทุนหาผลประโยชน์ เป็นอำนาจของตลาดหลักทรัพย์แห่งประเทศไทยหรือไม่,ใช่ กู้ยืมเงินหรือให้กู้ยืมเงินและลงทุนหาผลประโยชน์ เป็นอำนาจของตลาดหลักทรัพย์แห่งประเทศไทย ตามมาตรา 154 แห่งพระราชบัญญัติหลักทรัพย์และตลาดหลักทรัพย์ พ.ศ. 2535 ซึ่งระบุว่า ตลาดหลักทรัพย์มีอำนาจกระทำการต่าง ๆ ภายในขอบแห่งวัตถุประสงค์ตามมาตรา 153 รวมถึงอำนาจดังกล่าวด้วย,เป็น,เป็น ตาม พระราชบัญญัติหลักทรัพย์และตลาดหลักทรัพย์ พ.ศ. 2535 มาตรา 154 ที่วางหลักไว้ว่า ให้ตลาดหลักทรัพย์มีอำนาจกระทำการต่าง ๆ ภายในขอบแห่งวัตถุประสงค์ตามมาตรา 153 (ให้มีการจัดตั้งตลาดหลักทรัพย์แห่งประเทศไทย) อำนาจเช่นว่านี้ให้รวมถึง การกู้ยืมเงินหรือให้กู้ยืมเงินและลงทุนหาผลประโยชน์,3132,146,3278,0.15550100000109524,3.3389862999902107,3.494487299991306,1,0,0.5,1.0,0.0,0.0,0.9391406774520874
130,sparse_rag,ซื้อหลักทรัพย์กิจการก่อนสำนักงานตลาดหลักทรัพย์รับรองได้ไหม,ตามมาตรา 98 (5) แห่งพระราชบัญญัติหลักทรัพย์และตลาดหลักทรัพย์ พ.ศ. 2535 ห้ามไม่ให้บริษัทหลักทรัพย์ขายหลักทรัพย์โดยที่บริษัทยังไม่มีหลักทรัพย์นั้นอยู่ในครอบครอง หรือมิได้มีบุคคลใดมอบหมายให้ขายหลักทรัพย์นั้น เว้นแต่คณะกรรมการกำกับตลาดทุนจะประกาศกำหนดให้กระทำได้ ดังนั้น การซื้อหลักทรัพย์กิจการก่อนสำนักงานตลาดหลักทรัพย์รับรอง จึงไม่สามารถกระทำได้หากไม่มีการรับรองหรืออนุญาตจากคณะกรรมการกำกับตลาดทุน,ไม่ได้,ไม่ได้ เพราะกฎหมายห้ามไม่ให้ผู้ทำคำเสนอซื้อหลักทรัพย์ซื้อหลักทรัพย์ของกิจการ ก่อนที่คำเสนอซื้อหลักทรัพย์ที่ยื่นต่อสำนักงานจะมีผลใช้บังคับและได้ดำเนินการตามกฎหมายแล้ว และในระหว่างเวลานับจากวันที่คำเสนอซื้อหลักทรัพย์มีผลใช้บังคับ จนถึงวันที่พ้นกำหนดระยะเวลารับซื้อที่กำหนดไว้ในคำเสนอซื้อหลักทรัพย์ ห้ามไม่ให้ผู้ทำคำเสนอซื้อหลักทรัพย์เข้าซื้อหลักทรัพย์นั้นโดยวิธีการอื่นใด นอกจากที่ได้กำหนดไว้ตามคำเสนอซื้อหลักทรัพย์นั้น คำอธิบายขยายความ: พระราชบัญญัติหลักทรัพย์และตลาดหลักทรัพย์ พ.ศ. 2535 มาตรา 251 ห้ามมิให้ผู้ทำคำเสนอซื้อหลักทรัพย์ซื้อหลักทรัพย์ของกิจการก่อนที่คำเสนอซื้อหลักทรัพย์ที่ยื่นต่อสำนักงานจะมีผลใช้บังคับและได้ดำเนินการตามมาตรา 248 ในระหว่างเวลานับจากวันที่คำเสนอซื้อหลักทรัพย์มีผลใช้บังคับ จนถึงวันที่พ้นกำหนดระยะเวลารับซื้อที่กำหนดไว้ในคำเสนอซื้อหลักทรัพย์ ห้ามมิให้ผู้ทำคำเสนอซื้อหลักทรัพย์เข้าซื้อหลักทรัพย์นั้นโดยวิธีการอื่นใด นอกจากที่ได้กำหนดไว้ตามคำเสนอซื้อหลักทรัพย์นั้น,1927,226,2153,0.13420680002309382,4.517170800012536,4.65137760003563,0,0,0.0,0.0,0.0,0.0,0.8222256898880005
131,sparse_rag,หากเลขานุการของบริษัทหลักทรัพย์ไม่ได้ดำเนินการตามที่คณะกรรมการกำกับตลาดทุนประกาศกำหนด เลขานุการนั้นมีความผิดและต้องรับโทษอย่างไรบ้าง,เลขานุการบริษัทมีความผิดตามมาตรา 89/23 แห่งพระราชบัญญัติหลักทรัพย์และตลาดหลักทรัพย์ พ.ศ. 2535 ที่กำหนดให้ต้องปฏิบัติหน้าที่ตามมาตรา 89/15 ด้วยความรับผิดชอบ ความระมัดระวัง และความซื่อสัตย์สุจริต รวมทั้งต้องปฏิบัติตามกฎหมาย วัตถุประสงค์ ข้อบังคับของบริษัท มติคณะกรรมการ และมติที่ประชุมผู้ถือหุ้น พร้อมทั้งให้นำบทบัญญัติบางมาตรามาใช้บังคับโดยอนุโลม ซึ่งหากไม่ดำเนินการตามที่คณะกรรมการกำกับตลาดทุนประกาศกำหนด ถือว่าฝ่าฝืนหน้าที่ และอาจต้องรับโทษตามมาตรา 89/18 แห่งพระราชบัญญัติดังกล่าว ด้วยโทษจำคุกไม่เกินสามปี หรือปรับไม่เกินหกหมื่นบาท หรือทั้งจำทั้งปรับ,"ต้องรับโทษปรับไม่เกิน 100,000 บาท","ต้องรับโทษปรับไม่เกิน 100,000 บาท   ตามพระราชบัญญัติหลักทรัพย์และตลาดหลักทรัพย์ พ.ศ. 2535 มาตรา 281/5 หากเลขานุการบริษัทหลักทรัพย์ไม่ได้ปฏิบัติหน้าที่ในการจัดทำและเก็บรักษาเอกสารที่กำหนดไว้ ได้แก่ ทะเบียนกรรมการ หนังสือนัดประชุมคณะกรรมการ รายงานการประชุมคณะกรรมการ รายงานประจำปี หนังสือนัดประชุมผู้ถือหุ้น รายงานการประชุมผู้ถือหุ้น และรายงานการมีส่วนได้เสียที่รายงานโดยกรรมการหรือผู้บริหาร รวมถึงไม่ได้จัดส่งสำเนารายงานการมีส่วนได้เสียนั้นให้ประธานกรรมการตรวจสอบ หรือไม่ได้ดำเนินการตามที่คณะกรรมการกำกับตลาดทุนประกาศกำหนดไว้ ต้องรับโทษปรับไม่เกิน 100,000 บาท",1439,319,1758,0.13543740002205595,6.46812969999155,6.603567100013606,1,0,0.3333333333333333,0.0,0.0,0.0,0.8748029470443726
132,sparse_rag,หากปรากฏหลักฐานว่า บริษัทหลักทรัพย์ใดดำเนินงานในลักษณะอันอาจเป็นเหตุให้เกิดความเสียหายแก่ประโยชน์ของประชาชน สำนักงานจะต้องทำอย่างไร,หากปรากฏหลักฐานว่าบริษัทหลักทรัพย์ดำเนินงานในลักษณะอันอาจเป็นเหตุให้เกิดความเสียหายแก่ประโยชน์ของประชาชน สำนักงานคณะกรรมการกำกับหลักทรัพย์และตลาดหลักทรัพย์มีอำนาจสั่งให้บริษัทหลักทรัพย์นั้นแก้ไขฐานะหรือการดำเนินงานดังกล่าวได้ภายในระยะเวลาที่สำนักงานกำหนด ตามมาตรา 142 แห่งพระราชบัญญัติหลักทรัพย์และตลาดหลักทรัพย์ พ.ศ. 2535,สั่งให้บริษัทหลักทรัพย์นั้นถอดถอนกรรมการผู้จัดการหรือบุคคลซึ่งรับผิดชอบในการดำเนินงานของบริษัทหลักทรัพย์ผู้เป็นต้นเหตุดังกล่าวออกจากตำแหน่งได้,สั่งให้บริษัทหลักทรัพย์นั้นถอดถอนกรรมการผู้จัดการหรือบุคคลซึ่งรับผิดชอบในการดำเนินงานของบริษัทหลักทรัพย์ผู้เป็นต้นเหตุดังกล่าวออกจากตำแหน่งได้  พระราชบัญญัติหลักทรัพย์และตลาดหลักทรัพย์ พ.ศ. 2535 มาตรา 144 เมื่อปรากฏหลักฐานต่อสำนักงานว่า บริษัทหลักทรัพย์ใดมีฐานะหรือมีการดำเนินงานในลักษณะอันอาจเป็นเหตุให้เกิดความเสียหายแก่ประโยชน์ของประชาชนหรือกรรมการ ผู้จัดการ หรือบุคคลซึ่งรับผิดชอบในการดำเนินงานของบริษัทหลักทรัพย์ใดไม่ปฏิบัติตามคำสั่งของสำนักงานตามมาตรา 141 หรือมาตรา 142 ให้สำนักงานมีอำนาจสั่งให้บริษัทหลักทรัพย์นั้นถอดถอนกรรมการผู้จัดการหรือบุคคลซึ่งรับผิดชอบในการดำเนินงานของบริษัทหลักทรัพย์ผู้เป็นต้นเหตุดังกล่าวออกจากตำแหน่งได้ และให้บริษัทหลักทรัพย์นั้นแต่งตั้งบุคคลอื่นโดยความเห็นชอบจากสำนักงานเข้าดำรงตำแหน่งแทนภายในเวลาสามสิบวันนับแต่วันถอดถอน,1221,168,1389,0.16371989995241165,3.9090723000117578,4.072792199964169,1,0,0.6666666666666666,0.5,0.0,0.0,0.8535608053207397
133,sparse_rag,แบบแสดงรายการข้อมูลการเสนอขายหลักทรัพย์ในประเภทใบสำคัญแสดงสิทธิที่จะซื้อหุ้นกู้ของบริษัทจะต้องมีรายละอียดอะไรบ้าง,"แบบแสดงรายการข้อมูลการเสนอขายหลักทรัพย์ในประเภทใบสำคัญแสดงสิทธิที่จะซื้อหุ้นกู้ ต้องมีรายละเอียดตามมาตรา 71 แห่งพระราชบัญญัติหลักทรัพย์และตลาดหลักทรัพย์ พ.ศ. 2535 ดังนี้  
(1) สิทธิและเงื่อนไขตามใบสำคัญแสดงสิทธิ  
(2) มติของที่ประชุมผู้ถือหุ้นที่ให้ออกหุ้นกู้ หรือคำอนุมัติของสำนักงานที่ให้ออกหน่วยลงทุนเพื่อการใช้สิทธิตามใบสำคัญแสดงสิทธิ  
(3) จำนวนหุ้นกู้ทั้งสิ้นที่จะออกตามใบสำคัญแสดงสิทธิ  
(4) วิธีการแปลงสภาพแห่งสิทธิ  
(5) ข้อมูลอื่นตามที่คณะกรรมการกำกับตลาดทุนประกาศกำหนด",ต้องมีรายละเอียดเพิ่มเติมจากแบบแสดงรายการข้อมูลการขายหลักทรัพย์ตามที่คณะกรรมการกำกับตลาดทุนกำหนด ดังต่อไปนี้ด้วย 1. สิทธิและเงื่อนไขตามใบสำคัญแสดงสิทธิในการซื้อหุ้นกู้ 2. มติของที่ประชุมผู้ถือหุ้นที่ให้ออกหุ้นกู้นั้น 3. จำนวนหุ้นกู้ทั้งหมดที่จะออกตามใบสำคัญแสดงสิทธิ 4. วิธีการแปลงสภาพของสิทธิในหุ้นกู้ 5. ข้อมูลอื่นตามที่คณะกรรมการกำกับตลาดทุนประกาศกำหนด,ต้องมีรายละเอียดเพิ่มเติมจากแบบแสดงรายการข้อมูลการขายหลักทรัพย์ตามที่คณะกรรมการกำกับตลาดทุนกำหนด ดังต่อไปนี้ด้วย 1. สิทธิและเงื่อนไขตามใบสำคัญแสดงสิทธิในการซื้อหุ้นกู้ 2. มติของที่ประชุมผู้ถือหุ้นที่ให้ออกหุ้นกู้นั้น 3. จำนวนหุ้นกู้ทั้งหมดที่จะออกตามใบสำคัญแสดงสิทธิ 4. วิธีการแปลงสภาพของสิทธิในหุ้นกู้ 5. ข้อมูลอื่นตามที่คณะกรรมการกำกับตลาดทุนประกาศกำหนด คำอธิบายขยายความ: ตามพระราชบัญญัติหลักทรัพย์และตลาดหลักทรัพย์ พ.ศ. 2535 มาตรา 71 รายละเอียดเพิ่มเติมของแบบแสดงรายการข้อมูลการเสนอขายหลักทรัพย์ในประเภทใบสำคัญแสดงสิทธิที่จะซื้อหุ้นหรือหุ้นกู้หรือหน่วยลงทุน ดังต่อไปนี้ 1. สิทธิและเงื่อนไขตามใบสำคัญแสดงสิทธิ 2. มติของที่ประชุมผู้ถือหุ้นที่ให้ออกหุ้นหรือหุ้นกู้ หรือคำอนุมัติของสำนักงานที่ให้ออกหน่วยลงทุนเพื่อการใช้สิทธิตามใบสำคัญแสดงสิทธิ 3. จำนวนหุ้นหรือหุ้นกู้หรือหน่วยลงทุนทั้งหมดที่จะออกตามใบสำคัญแสดงสิทธิ 4. วิธีการแปลงสภาพของสิทธิ 5. ข้อมูลอื่นตามที่คณะกรรมการกำกับตลาดทุนประกาศกำหนด,1446,269,1715,0.15263490000506863,5.7296450000139885,5.882279900019057,1,0,0.5,1.0,1.0,1.0,0.9440405368804932
134,sparse_rag,เลขาธิการสำนักงานคณะกรรมการกำกับหลักทรัพย์และตลาดหลักทรัพย์จะมีโทษอย่างไรหากพ้นจากตำแหน่งไม่เกิน 2 ปีแล้วประกอบธุรกิจหลักทรัพย์,"เลขาธิการสำนักงานคณะกรรมการกำกับหลักทรัพย์และตลาดหลักทรัพย์ ซึ่งพ้นจากตำแหน่งไม่เกิน 2 ปี แล้วประกอบธุรกิจหรือทำงานให้แก่ผู้ประกอบการ องค์กร หรือบริษัท หรือดำรงตำแหน่งตามมาตรา 16/2 วรรคหนึ่ง จะมีความผิดตามมาตรา 22/1 แห่งพระราชบัญญัติหลักทรัพย์และตลาดหลักทรัพย์ พ.ศ. 2535 และต้องระวางโทษจำคุกไม่เกิน 2 ปี หรือปรับไม่เกิน 40,000 บาท หรือทั้งจำทั้งปรับ",ต้องระวางโทษจำคุกไม่เกินหนึ่งปี หรือปรับไม่เกินห้าแสนบาท หรือทั้งจำทั้งปรับ,ต้องระวางโทษจำคุกไม่เกินหนึ่งปี หรือปรับไม่เกินห้าแสนบาท หรือทั้งจำทั้งปรับ   พระราชบัญญัติหลักทรัพย์และตลาดหลักทรัพย์ พ.ศ. 2535 มาตรา 267/1 ผู้ใดฝ่าฝืนมาตรา 22/1 วรรคหนึ่งต้องระวางโทษจำคุกไม่เกินหนึ่งปี หรือปรับไม่เกินห้าแสนบาท หรือทั้งจำทั้งปรับ,1054,204,1258,0.13625199999660254,4.503403799957596,4.639655799954198,1,0,0.5,0.0,0.0,0.0,0.8480607867240906
135,sparse_rag,สามารถขอแก้ไขข้อมูลเล็กๆน้อยๆในร่างหนังสือชี้ชวนก่อนใช้บังคับได้หรือไม่,สามารถขอแก้ไขข้อมูลเล็กๆ น้อยๆ ในร่างหนังสือชี้ชวนก่อนมีผลใช้บังคับได้ ตามมาตรา 74 แห่งพระราชบัญญัติหลักทรัพย์และตลาดหลักทรัพย์ พ.ศ. 2535 ซึ่งอนุญาตให้ยื่นขอแก้ไขเพิ่มเติมรายการหรือข้อมูลในแบบแสดงรายการข้อมูลการเสนอขายหลักทรัพย์และร่างหนังสือชี้ชวนได้ ก่อนวันที่มีผลใช้บังคับ เว้นแต่การแก้ไขนั้นเป็นสาระสำคัญ ซึ่งอาจทำให้ต้องถือว่าเป็นการยื่นใหม่,สามารถแก้ไขได้โดยการยื่นต่อสำนักงาน เว้นแต่หากเป็นการแก้ไขในสาระสำคัญให้มีผลเป็นการยื่นแบบแสดงรายการข้อมูลการเสนอขายหลักทรัพย์และร่างหนังสือชี้ชวนเข้ามาใหม่ และให้วันนั้นเป็นวันเริ่มต้นในการนับระยะเวลา ตามที่กำหนดในพระราชบัญญัติหลักทรัพย์และตลาดหลักทรัพย์ พ.ศ. 2535 มาตรา 74,สามารถแก้ไขได้โดยการยื่นต่อสำนักงาน เว้นแต่หากเป็นการแก้ไขในสาระสำคัญให้มีผลเป็นการยื่นแบบแสดงรายการข้อมูลการเสนอขายหลักทรัพย์และร่างหนังสือชี้ชวนเข้ามาใหม่ และให้วันนั้นเป็นวันเริ่มต้นในการนับระยะเวลา  ตามที่กำหนดในพระราชบัญญัติหลักทรัพย์และตลาดหลักทรัพย์ พ.ศ. 2535 มาตรา 74,1309,198,1507,0.1349643999710679,3.9770579999894835,4.112022399960551,1,0,0.5,1.0,1.0,0.5,0.8989187479019165
137,sparse_rag,ผู้ที่ไม่ส่งเอกสารเพื่อประกอบการพิจารณาจัดตั้งสมาคมที่เกี่ยวกับธุรกิจหลักทรัพย์ตามคำสั่งของสำนักงาน ก.ล.ต. จะมีโทษอย่างไร,ผู้ที่ไม่ส่งเอกสารตามคำสั่งของสำนักงาน ก.ล.ต. เพื่อประกอบการพิจารณาจัดตั้งสมาคมที่เกี่ยวเนื่องกับธุรกิจหลักทรัพย์ ถือว่าฝ่าฝืนมาตรา 232 แห่งพระราชบัญญัติหลักทรัพย์และตลาดหลักทรัพย์ พ.ศ. 2535 ซึ่งกำหนดให้มีโทษปรับไม่เกินสองหมื่นบาท,"โทษปรับไม่เกิน 100,000 บาท","โทษปรับไม่เกิน 100,000 บาท   มาตรา 295 แห่งพระราชบัญญัติหลักทรัพย์และตลาดหลักทรัพย์ พ.ศ. 2535 ผู้ใดไม่ปฏิบัติตามคำสั่งของสำนักงานตามมาตรา 232 วรรคสอง ต้องระวางโทษปรับไม่เกินหนึ่งแสนบาท",1040,137,1177,0.15086110000265762,2.610759499948472,2.7616205999511294,1,0,0.5,0.0,0.0,0.0,0.8409579992294312
138,sparse_rag,กรณีกรรมการของบริษัทไม่ปฏิบัติตามมาตรา 89/14 พระราชบัญญัติหลักทรัพย์และตลาดหลักทรัพย์ พ.ศ. 2535 ต้องรับผิดอย่างไร,กรณีกรรมการของบริษัทไม่ปฏิบัติตามมาตรา 89/14 แห่งพระราชบัญญัติหลักทรัพย์และตลาดหลักทรัพย์ พ.ศ. 2535 ต้องระวางโทษปรับไม่เกินห้าแสนบาท และปรับเพิ่มอีกไม่เกินวันละสามพันบาท ตลอดเวลาที่ยังมิได้ปฏิบัติให้ถูกต้อง ตามมาตรา 281/3 แห่งพระราชบัญญัติดังกล่าว,ต้องระวางโทษปรับไม่เกินห้าแสนบาท และปรับอีกไม่เกินวันละสามพันบาทตลอดเวลาที่ยังมิได้ปฏิบัติให้ถูกต้อง,ต้องระวางโทษปรับไม่เกินห้าแสนบาท และปรับอีกไม่เกินวันละสามพันบาทตลอดเวลาที่ยังมิได้ปฏิบัติให้ถูกต้อง ตามมาตรา 281/3 พระราชบัญญัติหลักทรัพย์และตลาดหลักทรัพย์ พ.ศ. 2535 กรรมการหรือผู้บริหารบริษัทผู้ใดไม่ปฏิบัติตามมาตรา 89/14ต้องระวางโทษปรับไม่เกินห้าแสนบาท และปรับอีกไม่เกินวันละสามพันบาทตลอดเวลาที่ยังมิได้ปฏิบัติให้ถูกต้อง,1031,146,1177,0.13619799999287352,2.598905199964065,2.7351031999569386,1,1,1.0,1.0,0.0,0.0,0.9710389375686646
139,sparse_rag,กรรมการกองทุนพ้นจากตำแหน่งจะต้องทำยังไง,"กรรมการกองทุนพ้นจากตำแหน่ง ต้องดำเนินการตามมาตรา 218/12 และมาตรา 218/11 แห่งพระราชบัญญัติหลักทรัพย์และตลาดหลักทรัพย์ พ.ศ. 2535 ดังนี้:

- หากพ้นจากตำแหน่งก่อนวาระ ให้คณะกรรมการกองทุนประกอบด้วยกรรมการที่เหลืออยู่ และผู้ที่ได้รับแต่งตั้งแทนต้องดำรงตำแหน่งเท่ากับวาระที่เหลือของผู้ที่ตนแทน  
- ต้องดำเนินการแต่งตั้งกรรมการกองทุนคนใหม่แทนตำแหน่งที่ว่างลงภายใน 60 วันนับแต่วันที่ตำแหน่งว่าง  
- หากพ้นจากตำแหน่งตามวาระและยังไม่มีการแต่งตั้งใหม่ กรรมการที่พ้นจากตำแหน่งจะอยู่ในตำแหน่งต่อไปจนกว่ากรรมการคนใหม่จะเข้ารับหน้าที่",กรรมการกองทุนพ้นจากตำแหน่งต้องดำเนินการตาม 2 กรณี ดังนี้ คือ (1) กรณีที่กรรมการกองทุนพ้นจากตำแหน่งตามวาระ ให้กรรมการกองทุนที่พ้นจากตำแหน่งอยู่ในตำแหน่งเพื่อดำเนินงานต่อไปจนกว่ากรรมการกองทุนที่ได้รับแต่งตั้งใหม่เข้ารับหน้าที่ (2) กรณีที่กรรมการกองทุนพ้นจากตำแหน่งก่อนวาระ ให้คณะกรรมการกองทุนประกอบด้วยกรรมการกองทุนเท่าที่เหลืออยู่ และให้ผู้ที่ได้รับแต่งตั้งให้ดำรงตำแหน่งแทนอยู่ในตำแหน่งเท่ากับวาระที่เหลืออยู่ของผู้ซึ่งตนแทน และให้ดำเนินการแต่งตั้งกรรมการกองทุนแทนตำแหน่งที่ว่างภายใน 60 วันนับแต่วันที่ตำแหน่งว่างลง.,"กรรมการกองทุนพ้นจากตำแหน่งโดยยังไม่ได้มีการแต่งตั้งกรรมการกองทุนขึ้นใหม่

ต้องดำเนินการตาม 2 กรณี ดังนี้ คือ (1) กรณีที่กรรมการกองทุนพ้นจากตำแหน่งตามวาระและยังไม่ได้มีการแต่งตั้งกรรมการกองทุนขึ้นใหม่ ให้กรรมการกองทุนที่พ้นจากตำแหน่งตามวาระนั้นอยู่ในตำแหน่งเพื่อดำเนินงานต่อไปจนกว่ากรรมการกองทุนที่ได้รับแต่งตั้งใหม่เข้ารับหน้าที่ 

(2) กรณีที่กรรมการกองทุนตามพ้นจากตำแหน่งก่อนวาระ ให้คณะกรรมการกองทุนประกอบด้วยกรรมการกองทุนเท่าที่เหลืออยู่ และให้ผู้ที่ได้รับแต่งตั้งให้ดำรงตำแหน่งแทนอยู่ในตำแหน่งเท่ากับวาระที่เหลืออยู่ของผู้ซึ่งตนแทน ให้ดำเนินการแต่งตั้งกรรมการกองทุนแทนตำแหน่งที่ว่างภายใน 60 วันนับแต่วันที่ตำแหน่งว่างลง 

คำอธิบายขยายความ: พระราชบัญญัติหลักทรัพย์และตลาดหลักทรัพย์ พ.ศ. 2535 มาตรา 218/11 ในกรณีที่กรรมการกองทุนตามมาตรา 218/7 (4) พ้นจากตำแหน่งตามวาระและยังมิได้มีการแต่งตั้งกรรมการกองทุนขึ้นใหม่ ให้กรรมการกองทุนที่พ้นจากตำแหน่งตามวาระนั้นอยู่ในตำแหน่งเพื่อดำเนินงานต่อไปจนกว่ากรรมการกองทุนที่ได้รับแต่งตั้งใหม่เข้ารับหน้าที่ ในกรณีที่กรรมการกองทุนตามมาตรา 218/7 (4) พ้นจากตำแหน่งก่อนวาระ ให้คณะกรรมการกองทุนประกอบด้วยกรรมการกองทุนเท่าที่เหลืออยู่ และให้ผู้ที่ได้รับแต่งตั้งให้ดำรงตำแหน่งแทนอยู่ในตำแหน่งเท่ากับวาระที่เหลืออยู่ของผู้ซึ่งตนแทน ให้ดำเนินการแต่งตั้งกรรมการกองทุนตามมาตรา 218/7 (4) แทนตำแหน่งที่ว่างภายในหกสิบวันนับแต่วันที่ตำแหน่งว่างลง",1236,263,1499,0.14245139999547973,5.00676930003101,5.14922070002649,1,0,0.5,0.5,0.25,0.25,0.8957991600036621
140,sparse_rag,การแต่งตั้งกรรมการของบริษัทตลาดหลักทรัพย์จะต้องได้รับความเห็นชอบจากใคร,การแต่งตั้งกรรมการของบริษัทตลาดหลักทรัพย์จะต้องได้รับความเห็นชอบจากสำนักงานคณะกรรมการกำกับหลักทรัพย์และตลาดหลักทรัพย์ (ก.ล.ต.) ตามมาตรา 104 แห่งพระราชบัญญัติหลักทรัพย์และตลาดหลักทรัพย์ พ.ศ. 2535,ต้องได้รับความเห็นชอบจากสํานักงานคณะกรรมการกํากับหลักทรัพย์และตลาดหลักทรัพย์,"ต้องได้รับความเห็นชอบจากสํานักงานคณะกรรมการกํากับหลักทรัพย์และตลาดหลักทรัพย์

คำอธิบายขยายความ : พระราชบัญญัติหลักทรัพย์และตลาดหลักทรัพย์ พ.ศ. 2535 มาตรา 104 บริษัทหลักทรัพย์จะแต่งตั้งกรรมการหรือผู้จัดการ หรือทำสัญญาให้บุคคลอื่นมีอำนาจทั้งหมดหรือบางส่วนในการบริหารงานของบริษัทหลักทรัพย์ได้ ต่อเมื่อได้รับความเห็นชอบจากสำนักงาน 
ในกรณีที่ปรากฏในภายหลังว่าบุคคลตามวรรคหนึ่งมีลักษณะต้องห้ามตามมาตรา 103 ให้สำนักงานมีอำนาจเพิกถอนความเห็นชอบที่ได้ให้ไว้แล้วได้และให้บริษัทหลักทรัพย์เสนอชื่อบุคคลอื่นแทนเพื่อขอความเห็นชอบจากสำนักงานภายใน 15 วันนับแต่วันที่ถูกเพิกถอนความเห็นชอบ 
ให้นำความในมาตรา 103 มาใช้บังคับแก่บุคคลซึ่งบริษัทหลักทรัพย์ทำสัญญาให้มีอำนาจทั้งหมดหรือบางส่วนในการบริหารงานของบริษัทหลักทรัพย์นั้นตลอดจนผู้ซึ่งปฏิบัติงานให้แก่บุคคลนั้นด้วยโดยอนุโลม",1337,110,1447,0.1361687000025995,1.8940268999431282,2.0301955999457277,1,0,0.5,0.5,0.0,0.0,0.8238753080368042
141,sparse_rag,ถ้าคณะกรรมการตลาดหลักทรัพย์ไม่งดเว้นกระทำการตามที่ก.ล.ต.สั่ง จะมีผลเช่นไร,หากคณะกรรมการตลาดหลักทรัพย์ไม่งดเว้นกระทำการตามที่คณะกรรมการ ก.ล.ต. สั่ง ถือว่าฝ่าฝืนคำสั่งของ ก.ล.ต. ซึ่งอาจเข้าข่ายเป็นความผิดตามมาตรา 186 วรรคสอง แห่งพระราชบัญญัติหลักทรัพย์และตลาดหลักทรัพย์ พ.ศ. 2535 ที่กำหนดให้รัฐมนตรีมีอำนาจสั่งแก้ไขหรือเปลี่ยนแปลงการสั่งการดังกล่าวได้ และอาจมีโทษปรับไม่เกินสองแสนบาท หรือทั้งจำทั้งปรับ ตามบทบัญญัติที่เกี่ยวข้อง.,"ต้องระวางโทษจำคุกไม่เกิน 1 ปี หรือปรับไม่เกิน 300,000 บาท หรือทั้งจำทั้งปรับ","เมื่อคณะกรรมการตลาดหลักทรัพย์ไม่งดเว้นกระทำการตามที่ก.ล.ต.สั่ง เท่ากับเป็นการไม่ปฏิบัติตามมาตรา 186(2) =>ต้องระวางโทษจำคุกไม่เกิน 1 ปี หรือปรับไม่เกิน 300,000 บาท หรือทั้งจำทั้งปรับ คำอธิบายขยายความ : พระราชบัญญัติหลักทรัพย์และตลาดหลักทรัพย์ พ.ศ. 2535 มาตรา 291 ผู้ใดฝ่าฝืนหรือไม่ปฏิบัติตามคำสั่งที่กำหนดตามมาตรา 186 (2) ต้องระวางโทษจำคุกไม่เกิน 1 ปี หรือปรับไม่เกิน 300,000 บาท หรือทั้งจำทั้งปรับ",1262,202,1464,0.15919119998579845,2.9600398000329733,3.1192310000187717,1,0,0.5,0.0,0.0,0.0,0.9160352945327759
142,sparse_rag,ประธานกรรมการต้องตรวจสอบสำเนารายงานการมีส่วนได้เสียที่เลขานุการบริษัทส่งให้ภายในกี่วัน,ประธานกรรมการต้องตรวจสอบสำเนารายงานการมีส่วนได้เสียที่เลขานุการบริษัทส่งให้ภายในเจ็ดวันทำการนับแต่วันที่บริษัทได้รับรายงานนั้น ตามมาตรา 89/16 แห่งพระราชบัญญัติหลักทรัพย์และตลาดหลักทรัพย์ พ.ศ. 2535,ภายใน 7 วันทำการนับแต่วันที่บริษัทได้รับรายงานนั้น,ภายใน 7 วันทำการนับแต่วันที่บริษัทได้รับรายงานนั้น  ตามพระราชบัญญัติหลักทรัพย์และตลาดหลักทรัพย์ พ.ศ. 2535 มาตรา 89/16  ให้เลขานุการบริษัทจัดส่งสำเนารายงานการมีส่วนได้เสียตามมาตรา 89/14ให้ประธานกรรมการและประธานกรรมการตรวจสอบทราบภายในเจ็ดวันทำการนับแต่วันที่บริษัทได้รับรายงานนั้น,960,108,1068,0.15540489996783435,2.2564624000224285,2.411867299990263,1,0,0.5,1.0,0.0,0.0,0.9394118189811707
143,sparse_rag,เมื่อบริษัทหลักทรัพย์กระทำการจนก่อให้เกิดความเสียหายแก่กองทุนรวม ผู้ดูแลผลประโยชน์ของกองทุนรวมมีหน้าที่อย่างไร,เมื่อบริษัทหลักทรัพย์กระทำการจนก่อให้เกิดความเสียหายแก่กองทุนรวม ผู้ดูแลผลประโยชน์ของกองทุนรวมมีหน้าที่ต้องจัดทำรายงานเกี่ยวกับเหตุการณ์ดังกล่าวโดยละเอียดและส่งให้สำนักงานภายในห้าวันนับแต่วันที่รู้ถึงเหตุการณ์นั้น (ตามมาตรา 128 แห่งพระราชบัญญัติหลักทรัพย์และตลาดหลักทรัพย์ พ.ศ. 2535) และยังมีอำนาจดำเนินการฟ้องร้องบังคับคดีเพื่อให้บริษัทหลักทรัพย์ปฏิบัติตามหน้าที่ หรือเรียกค่าสินไหมทดแทนความเสียหายจากบริษัทหลักทรัพย์ เพื่อประโยชน์ของผู้ถือหน่วยลงทุนทั้งปวง (ตามมาตรา 127 วรรคห้า).,ให้ผู้ดูแลผลประโยชน์ของกองทุนรวมจัดทำรายงานเกี่ยวกับเรื่องดังกล่าวโดยละเอียดและส่งให้แก่สำนักงานภายในห้าวันนับแต่วันที่ผู้ดูแลผลประโยชน์ของกองทุนรวมรู้ถึงเหตุการณ์ดังกล่าว,ให้ผู้ดูแลผลประโยชน์ของกองทุนรวมจัดทำรายงานเกี่ยวกับเรื่องดังกล่าวโดยละเอียดและส่งให้แก่สำนักงานภายในห้าวันนับแต่วันที่ผู้ดูแลผลประโยชน์ของกองทุนรวมรู้ถึงเหตุการณ์ดังกล่าว ตามพระราชบัญญัติหลักทรัพย์และตลาดหลักทรัพย์ พ.ศ. 2535 มาตรา 128 ในกรณีที่บริษัทหลักทรัพย์กระทำการหรืองดเว้นกระทำการจนก่อให้เกิดความเสียหายแก่กองทุนรวม หรือไม่ปฏิบัติหน้าที่ของตนตามมาตรา 125 ให้ผู้ดูแลผลประโยชน์ของกองทุนรวมจัดทำรายงานเกี่ยวกับเรื่องดังกล่าวโดยละเอียดและส่งให้แก่สำนักงานภายในห้าวันนับแต่วันที่ผู้ดูแลผลประโยชน์ของกองทุนรวมรู้ถึงเหตุการณ์ดังกล่าว,1856,276,2132,0.1340053000021726,4.962637400021777,5.096642700023949,1,0,0.5,0.5,0.0,0.0,0.9496253728866577
144,sparse_rag,คณะกรรมการ ก.ล.ต. สามารถกำหนดให้บริษัทที่จัดตั้งขึ้นตามกฎหมายต่างประเทศได้รับการยกเว้นการปฏิบัติจากบทบัญญัติในหมวดใดบ้าง,"คณะกรรมการ ก.ล.ต. สามารถกำหนดให้บริษัทที่จัดตั้งขึ้นตามกฎหมายต่างประเทศได้รับการยกเว้นการปฏิบัติจากบทบัญญัติในหมวดที่ 2 (หุ้นกู้), หมวดที่ 3 (การเสนอขายหลักทรัพย์ต่อประชาชนทั้งหมดหรือแต่เพียงบางส่วน), หมวดที่ 4 (การจัดทำทะเบียนและการโอน), หมวดที่ 5 (การเปิดเผยข้อมูลและผู้สอบบัญชี) ของพระราชบัญญัติหลักทรัพย์และตลาดหลักทรัพย์ พ.ศ. 2535 ได้ ตามมาตรา 35/1.",ได้รับยกเว้นการปฏิบัติหรือปฏิบัติแตกต่างไปจากบทบัญญัติในส่วนที่ 2 หุ้นกู้ ส่วนที่ 3 การออกหุ้นกู้มีประกัน ส่วนที่ 4 การจัดทำทะเบียนและการโอนหรือส่วนที่ 5 การเปิดเผยข้อมูลและผู้สอบบัญชี ของหมวดนี้ หรือตามหมวด 3 การเสนอขายหลักทรัพย์ต่อประชาชนทั้งหมดหรือแต่เพียงบางส่วนก็ได้,ได้รับยกเว้นการปฏิบัติหรือปฏิบัติแตกต่างไปจากบทบัญญัติในส่วนที่ 2 หุ้นกู้ ส่วนที่ 3 การออกหุ้นกู้มีประกัน ส่วนที่ 4 การจัดทำทะเบียนและการโอนหรือส่วนที่ 5 การเปิดเผยข้อมูลและผู้สอบบัญชี ของหมวดนี้ หรือตามหมวด 3 การเสนอขายหลักทรัพย์ต่อประชาชนทั้งหมดหรือแต่เพียงบางส่วนก็ได้ ตามพระราชบัญญัติหลักทรัพย์และตลาดหลักทรัพย์ พ.ศ. 2535 มาตรา 35/1 ภายใต้บังคับมาตรา 33 คณะกรรมการ ก.ล.ต. อาจกำหนดให้บริษัทที่จัดตั้งขึ้นตามกฎหมายต่างประเทศและอยู่ภายใต้บังคับกฎหมายต่างประเทศที่มีมาตรการคุ้มครองผู้ลงทุนในทำนองเดียวกันกับที่คณะกรรมการก.ล.ต. ประกาศกำหนด ได้รับยกเว้นการปฏิบัติหรือปฏิบัติแตกต่างไปจากบทบัญญัติในส่วนที่2 หุ้นกู้ ส่วนที่ 3 การออกหุ้นกู้มีประกัน ส่วนที่ 4 การจัดทำทะเบียนและการโอนหรือส่วนที่ 5 การเปิดเผยข้อมูลและผู้สอบบัญชี ของหมวดนี้ หรือตามหมวด 3การเสนอขายหลักทรัพย์ต่อประชาชนทั้งหมดหรือแต่เพียงบางส่วนก็ได้ ทั้งนี้ เพื่อให้เหมาะสมกับลักษณะของหลักทรัพย์ บริษัทที่ออกหลักทรัพย์ผู้ลงทุนและการเสนอขายหลักทรัพย์นั้น,1345,195,1540,0.16631679999409243,3.417193599976599,3.5835103999706917,1,0,0.5,1.0,0.8,0.8,0.8955708146095276
145,sparse_rag,ถ้าคณะกรรมการ ก.ล.ต. เห็นว่าการดำเนินงานของตลาดหลักทรัพย์ อาจกระทบต่อความมั่นคง อาจก่อให้เกิดความไม่เป็นธรรม คณะกรรมการ ก.ล.ต. จะดำเนินการอย่างไรต่อไป,ตามมาตรา 154/2 แห่งพระราชบัญญัติหลักทรัพย์และตลาดหลักทรัพย์ พ.ศ. 2535 คณะกรรมการ ก.ล.ต. จะสั่งให้ตลาดหลักทรัพย์ปรับปรุง แก้ไข หรือยกเลิกการดำเนินงานนั้นได้,สั่งให้ตลาดหลักทรัพย์ ปรับปรุง แก้ไข หรือยกเลิกการดำเนินงานนั้น ตามมาตรา 154/2 วรรคสอง แห่งพระราชบัญญัติหลักทรัพย์และตลาดหลักทรัพย์ พ.ศ. 2535,"สั่งให้ตลาดหลักทรัพย์ ปรับปรุง แก้ไข หรือยกเลิกการดำเนินงานนั้น ตามมาตรา 154/2 วรรคสอง แห่งพระราชบัญญัติหลักทรัพย์และตลาดหลักทรัพย์ พ.ศ. 2535 

มาตรา 154/2 แห่งพระราชบัญญัติหลักทรัพย์และตลาดหลักทรัพย์ พ.ศ. 2535 เพื่อให้การดำเนินงานของตลาดหลักทรัพย์เป็นไปตามมาตรา 153 และมาตรา 154/1 ตลาดหลักทรัพย์ต้องดำเนินการอย่างน้อยในเรื่องดังต่อไปนี้ 
(1) มีแหล่งเงินทุนและระบบงานที่เพียงพอต่อการประกอบกิจการ สามารถรองรับความเสี่ยงจากการประกอบกิจการตลาดหลักทรัพย์ รวมทั้งมีมาตรการรองรับในสถานการณ์ฉุกเฉิน
(2) มีระบบการซื้อขายหลักทรัพย์ ระบบบันทึกและเผยแพร่ข้อมูลเกี่ยวกับการเสนอราคาและการซื้อขายหลักทรัพย์ ระบบกำกับตรวจสอบการซื้อขายหลักทรัพย์ และระบบการชำระราคาและส่งมอบหลักทรัพย์ ที่ส่งเสริมและรักษาความมั่นคง ความมีประสิทธิภาพ ตลอดจนความเป็นธรรมในการซื้อขายหลักทรัพย์
(3) มีหลักเกณฑ์การรับสมาชิกที่เป็นธรรม มีหลักเกณฑ์ที่สมาชิกต้องปฏิบัติในการซื้อขายหลักทรัพย์ รวมทั้งมีมาตรการกำกับดูแลและลงโทษสมาชิกที่ฝ่าฝืนหรือไม่ปฏิบัติตามหลักเกณฑ์ดังกล่าว
(4) มีหลักเกณฑ์การรับจดทะเบียนหลักทรัพย์ การดำรงสถานะ และการเพิกถอนหลักทรัพย์จดทะเบียน ตลอดจนการสร้างหลักธรรมาภิบาลและการเปิดเผยข้อมูลของบริษัทที่ออกหลักทรัพย์จดทะเบียน
(5) มีมาตรการในการป้องกันและจัดการความขัดแย้งทางผลประโยชน์
(6) มีการจัดการข้อร้องเรียนหรือข้อพิพาทที่มีประสิทธิภาพและเป็นธรรม
ในกรณีที่คณะกรรมการ ก.ล.ต. เห็นว่า การดำเนินงานของตลาดหลักทรัพย์ตามวรรคหนึ่งในเรื่องใดอาจกระทบต่อความมั่นคง อาจก่อให้เกิดความไม่เป็นธรรม หรืออาจนำมาซึ่งความไม่เรียบร้อยในการซื้อขายหลักทรัพย์จดทะเบียนในตลาดหลักทรัพย์ คณะกรรมการ ก.ล.ต. จะสั่งให้ตลาดหลักทรัพย์ ปรับปรุง แก้ไข หรือยกเลิกการดำเนินงานนั้นก็ได้",1604,92,1696,0.16462769999634475,1.9298081999877468,2.0944358999840915,1,0,0.6666666666666666,1.0,1.0,1.0,0.8169960975646973
146,sparse_rag,การเรียกประชุมผู้ถือหุ้นต้องโฆษณาลงหนังสือพิมพ์หรือไม่,ต้องโฆษณาลงหนังสือพิมพ์ ตามมาตรา 1175 แห่งประมวลกฎหมายแพ่งและพาณิชย์ ซึ่งกำหนดให้คำบอกกล่าวเรียกประชุมใหญ่ต้องลงพิมพ์โฆษณาในหนังสือพิมพ์แห่งท้องที่อย่างน้อยหนึ่งคราวก่อนวันนัดประชุมไม่น้อยกว่าเจ็ดวัน เว้นแต่เป็นการเรียกประชุมเพื่อลงมติพิเศษ ต้องโฆษณาไม่น้อยกว่าสิบสี่วันก่อนวันประชุม และตามมาตรา 101 แห่งพระราชบัญญัติบริษัทมหาชนจำกัด พ.ศ. 2535 ยังกำหนดให้ต้องโฆษณาคำบอกกล่าวเรียกประชุมในหนังสือพิมพ์ไม่น้อยกว่าสามวันก่อนวันประชุมด้วย,ต้องโฆษณาคำบอกกล่าวนัดประชุมในหนังสือพิมพ์ไม่น้อยกว่า 3 วันก่อนวันประชุม,"ตอบ: ต้องโฆษณาคำบอกกล่าวนัดประชุมในหนังสือพิมพ์ไม่น้อยกว่า 3 วันก่อนวันประชุม 

 คำอธิบาย: พระราชบัญญัติบริษัทมหาชนจำกัด พ.ศ. 2535 มาตรา 101  ในการเรียกประชุมผู้ถือหุ้นนั้น ให้คณะกรรมการ =>จัดทำเป็นหนังสือนัดประชุม ระบุสถานที่ วัน เวลา ระเบียบวาระการประชุม และเรื่องที่จะเสนอต่อที่ประชุมพร้อมด้วยรายละเอียดตามสมควร โดยระบุให้ชัดเจนว่าเป็นเรื่องที่จะเสนอเพื่อทราบ เพื่ออนุมัติ หรือเพื่อพิจารณา รวมทั้งความเห็นของคณะกรรมการในเรื่องดังกล่าว =>จัดส่งหนังสือนั้นให้ผู้ถือหุ้นและนายทะเบียนทราบไม่น้อยกว่า 7 วันก่อนวันประชุม

 ทั้งนี้ ให้โฆษณาคำบอกกล่าวนัดประชุมในหนังสือพิมพ์ไม่น้อยกว่าสามวันก่อนวันประชุมด้วย",1410,242,1652,0.1507776000071317,4.37128500000108,4.522062600008212,1,0,0.5,0.5,0.0,0.0,0.8873874545097351
147,sparse_rag,รายงานประจำปีของคณะกรรมการบริษัทมหาชน อย่างน้อยต้องมีรายงานเกี่ยวกับอะไร,"รายงานประจำปีของคณะกรรมการบริษัทมหาชน อย่างน้อยต้องมีรายงานเกี่ยวกับ  
(1) ชื่อ สถานที่ตั้งสำนักงานใหญ่ ประเภทธุรกิจ จำนวนและชนิดหุ้นทั้งหมดที่ออกจำหน่ายแล้วของบริษัท จำนวนและชนิดหุ้นที่บริษัทถืออยู่ในบริษัทในเครือ (ถ้ามี) ลักษณะของบริษัทที่จะเป็นบริษัทในเครือให้เป็นไปตามที่กำหนดในกฎกระทรวง  
(2) ชื่อ สถานที่ตั้งสำนักงานใหญ่ ประเภทธุรกิจ จำนวนและชนิดหุ้นทั้งหมดที่ออกจำหน่ายแล้ว จำนวนและชนิดหุ้นของบริษัทอื่นหรือบริษัทเอกชนที่บริษัทถือหุ้นอยู่เป็นจำนวนตั้งแต่ร้อยละสิบขึ้นไปของจำนวนหุ้นที่ออกจำหน่ายแล้วของบริษัทอื่นหรือบริษัทเอกชนนั้น (ถ้ามี)  
(3) รายละเอียดที่กรรมการแจ้งต่อบริษัทตามมาตรา 88  
(4) ผลประโยชน์ตอบแทน หุ้น หุ้นกู้ หรือสิทธิประโยชน์อย่างอื่นที่กรรมการได้รับจากบริษัทพร้อมกับระบุชื่อกรรมการซึ่งเป็นผู้ได้รับนั้น  
(5) รายการอย่างอื่นตามที่กำหนดในกฎกระทรวง  
ตามมาตรา 114 แห่งพระราชบัญญัติบริษัทมหาชนจำกัด พ.ศ. 2535",1) ชื่อ สถานที่ตั้งสำนักงานใหญ่ ประเภทธุรกิจ จำนวนและชนิดหุ้นทั้งหมดที่ออกจำหน่ายแล้วของบริษัท จำนวนและชนิดหุ้นที่บริษัทถืออยู่ในบริษัทในเครือ (ถ้ามี) ลักษณะของบริษัทที่จะเป็นบริษัทในเครือ 2) ชื่อ สถานที่ตั้งสำนักงานใหญ่ ประเภทธุรกิจ จำนวนและชนิดหุ้นทั้งหมดที่ออกจำหน่ายแล้ว จำนวนและชนิดหุ้นของบริษัทอื่นหรือบริษัทเอกชนที่บริษัทถือหุ้นอยู่เป็นจำนวนตั้งแต่ร้อยละสิบขึ้นไปของจำนวนหุ้นที่ออกจำหน่ายแล้วของบริษัทอื่นหรือบริษัทเอกชนนั้น (ถ้ามี) 3) รายละเอียดที่กรรมการแจ้งต่อบริษัท 4) ผลประโยชน์ตอบแทน หุ้น หุ้นกู้ หรือสิทธิประโยชน์อย่างอื่นที่กรรมการได้รับจากบริษัทพร้อมกับระบุชื่อกรรมการซึ่งเป็นผู้ได้รับนั้น 5) รายการอย่างอื่นตามที่กฎหมายกำหนด,1) ชื่อ สถานที่ตั้งสำนักงานใหญ่ ประเภทธุรกิจ จำนวนและชนิดหุ้นทั้งหมดที่ออกจำหน่ายแล้วของบริษัท จำนวนและชนิดหุ้นที่บริษัทถืออยู่ในบริษัทในเครือ (ถ้ามี) ลักษณะของบริษัทที่จะเป็นบริษัทในเครือ 2) ชื่อ สถานที่ตั้งสำนักงานใหญ่ ประเภทธุรกิจ จำนวนและชนิดหุ้นทั้งหมดที่ออกจำหน่ายแล้ว จำนวนและชนิดหุ้นของบริษัทอื่นหรือบริษัทเอกชนที่บริษัทถือหุ้นอยู่เป็นจำนวนตั้งแต่ร้อยละสิบขึ้นไปของจำนวนหุ้นที่ออกจำหน่ายแล้วของบริษัทอื่นหรือบริษัทเอกชนนั้น (ถ้ามี) 3) รายละเอียดที่กรรมการแจ้งต่อบริษัท 4) ผลประโยชน์ตอบแทน หุ้น หุ้นกู้ หรือสิทธิประโยชน์อย่างอื่นที่กรรมการได้รับจากบริษัทพร้อมกับระบุชื่อกรรมการซึ่งเป็นผู้ได้รับนั้น 5) รายการอย่างอื่นตามที่กฎหมายกำหนด คำอธิบายขยายความ : ตามพระราชบัญญัติบริษัทมหาชนจำกัด พ.ศ. 2535 มาตรา 114,1378,468,1846,0.13301420002244413,8.811044199974276,8.94405839999672,1,0,0.5,1.0,1.0,1.0,0.931851327419281
148,sparse_rag,บริษัทมหาชนสามารถเป็นเจ้าของหุ้นของตนเองได้หรือไม่อย่างไร,บริษัทมหาชนจำกัด generally ห้ามเป็นเจ้าของหุ้นของตนเองตามมาตรา 66 แห่งพระราชบัญญัติบริษัทมหาชนจำกัด พ.ศ. 2535 แต่ภายใต้มาตรา 66/1 บริษัทอาจซื้อหุ้นคืนได้ในกรณีเฉพาะ เช่น เพื่อซื้อหุ้นคืนจากผู้ถือหุ้นที่ไม่เห็นด้วยกับมติแก้ไขข้อบังคับที่กระทบสิทธิในการออกเสียงหรือรับเงินปันผล หรือเพื่อบริหารทางการเงินเมื่อมีกำไรสะสมและสภาพคล่องส่วนเกิน โดยต้องจำหน่ายหุ้นคืนภายในเวลาที่กำหนดในกฎกระทรวง หรือหากไม่จำหน่าย ก็ต้องลดทุนที่ชำระแล้ว,บริษัทไม่สามารถเป็นเจ้าของหุ้นของตนได้ เว้นแต่ ในกรณี (1) บริษัทอาจซื้อหุ้นคืนจากผู้ถือหุ้นที่ออกเสียงไม่เห็นด้วยกับมติของที่ประชุมผู้ถือหุ้นในการแก้ไขข้อบังคับของบริษัทเกี่ยวกับสิทธิในการออกเสียงลงคะแนนและสิทธิในการรับเงินปันผล ซึ่งผู้ถือหุ้นเห็นว่าตนไม่ได้รับความเป็นธรรม หรือ (2) บริษัทอาจซื้อหุ้นของตนคืนเพื่อบริหารทางการเงิน เมื่อบริษัทมีกำไรสะสมและสภาพคล่องส่วนเกิน และการซื้อหุ้นคืนนั้นไม่เป็นเหตุให้บริษัทประสบปัญหาทางการเงิน ทั้งนี้หุ้นที่ซื้อคืนนั้นต้องได้รับการจำหน่ายออกไปภายในเวลาที่กำหนดในกฎกระทรวง,บริษัทไม่สามารถเป็นเจ้าของหุ้นของตนได้ เว้นแต่ ในกรณี (1) บริษัทอาจซื้อหุ้นคืนจากผู้ถือหุ้นที่ออกเสียงไม่เห็นด้วยกับมติของที่ประชุมผู้ถือหุ้นในการแก้ไขข้อบังคับของบริษัทเกี่ยวกับสิทธิในการออกเสียงลงคะแนนและสิทธิในการรับเงินปันผล ซึ่งผู้ถือหุ้นเห็นว่าตนไม่ได้รับความเป็นธรรม หรือ (2) บริษัทอาจซื้อหุ้นของตนคืนเพื่อบริหารทางการเงิน เมื่อบริษัทมีกำไรสะสมและสภาพคล่องส่วนเกิน และการซื้อหุ้นคืนนั้นไม่เป็นเหตุให้บริษัทประสบปัญหาทางการเงิน ทั้งนี้หุ้นที่ซื้อคืนนั้นต้องได้รับการจำหน่ายออกไปภายในเวลาที่กำหนดในกฎกระทรวง,1298,231,1529,0.14722470002016053,4.08229069999652,4.22951540001668,1,1,1.0,0.5,0.5,0.5,0.9251689910888672
149,sparse_rag,คณะกรรมการบริษัทนำเงินค่าจองหุ้นของบริษัท ไปใช้จ่ายในกิจการก่อนมีการจดทะเบียนบริษัท มีโทษหรือไม่,คณะกรรมการบริษัทมีความผิดตามมาตรา 43 แห่งพระราชบัญญัติบริษัทมหาชนจำกัด พ.ศ. 2535 ที่กำหนดว่า คณะกรรมการจะจำหน่ายทรัพย์สินที่ได้รับชำระเป็นค่าจองหุ้น หรือนำเงินค่าจองหุ้นไปใช้จ่ายในกิจการใด ๆ ก่อนนายทะเบียนรับจดทะเบียนบริษัทมิได้ เว้นแต่เงินค่าใช้จ่ายซึ่งที่ประชุมจัดตั้งบริษัทได้อนุมัติแล้ว กรณีฝ่าฝืนจะต้องระวางโทษจำคุกไม่เกินสองปี หรือปรับไม่เกินสี่หมื่นบาท หรือทั้งจำทั้งปรับ,มี ต้องระวางโทษจำคุกไม่เกินสามปี หรือปรับไม่เกินหกแสนบาท หรือทั้งจำทั้งปรับ,มี ต้องระวางโทษจำคุกไม่เกินสามปี หรือปรับไม่เกินหกแสนบาท หรือทั้งจำทั้งปรับ คำอธิบายขยายความ : ตามพระราชบัญญัติบริษัทมหาชนจำกัด พ.ศ. 2535 มาตรา 197,1004,221,1225,0.13872360001550987,4.9317255999776535,5.070449199993163,1,0,0.5,0.0,0.0,0.0,0.8350740671157837
150,sparse_rag,บริษัทมหาชนไม่ทำงบดุลมีความผิดไหม,ใช่ บริษัทมหาชนมีความผิดหากไม่จัดทำงบดุล เพราะตามมาตรา 110 แห่งพระราชบัญญัติบริษัทมหาชนจำกัด พ.ศ. 2535 บริษัทต้องจัดทำงบดุลและบัญชีกำไรขาดทุนอย่างน้อยครั้งหนึ่งในรอบสิบสองเดือนอันเป็นรอบปีบัญชีของบริษัท และหากฝ่าฝืน อาจมีความผิดตามกฎหมายและอาจถูกปรับได้,มีความผิดตามกฎหมายต้องรับโทษเป็นความผิดทางพินัยชำระค่าปรับเป็นพินัยไม่เกินสองหมื่นบาท,มีความผิดตามกฎหมายต้องรับโทษเป็นความผิดทางพินัยชำระค่าปรับเป็นพินัยไม่เกินสองหมื่นบาท  พระราชบัญญัติบริษัทมหาชนจำกัด พ.ศ. 2535 มาตรา 206 บริษัทใดไม่ปฏิบัติตามมาตรา 110 มาตรา 111 หรือมาตรา 137 มีความผิดทางพินัยต้องชำระค่าปรับเป็นพินัยไม่เกินสองหมื่นบาท*,959,149,1108,0.13215439999476075,2.750853300036397,2.8830077000311576,1,0,0.25,0.0,0.0,0.0,0.8130114078521729
151,sparse_rag,หากที่ประชุมผู้ถือหุ้นลงมติให้เเปรสภาพเป็นบริษัท คณะกรรมการต้องพิจารณาเรื่องใดบ้าง,หากที่ประชุมผู้ถือหุ้นลงมติให้แปรสภาพเป็นบริษัท คณะกรรมการต้องพิจารณาเรื่องดังต่อไปนี้ตามมาตรา 181 แห่งพระราชบัญญัติบริษัทมหาชนจำกัด พ.ศ. 2535 ได้แก่ หนังสือบริคณห์สนธิของบริษัทเอกชนที่จำเป็นต้องแก้ไข การแก้ไขเพิ่มทุนอาจทำได้หลังการแปรสภาพแล้ว ข้อบังคับของบริษัท เลือกตั้งกรรมการ เลือกตั้งผู้สอบบัญชีบริษัท และเรื่องอื่น ๆ ที่จำเป็นในการแปรสภาพ โดยให้นำบทบัญญัติเกี่ยวกับบริษัทว่าด้วยการนั้น ๆ มาใช้บังคับโดยอนุโลม,(1) หนังสือบริคณห์สนธิของบริษัทเอกชนที่จำเป็นต้องแก้ไข ทั้งนี้ จะมีการแก้ไขเพิ่มทุนของบริษัทเอกชนภายหลังการแปรสภาพแล้วด้วยก็ได้ (2) ข้อบังคับของบริษัท (3) เลือกตั้งกรรมการ (4) เลือกตั้งผู้สอบบัญชีบริษัท (5) เรื่องอื่น ๆ ที่จำเป็นในการแปรสภาพ,(1) หนังสือบริคณห์สนธิของบริษัทเอกชนที่จำเป็นต้องแก้ไข ทั้งนี้ จะมีการแก้ไขเพิ่มทุนของบริษัทเอกชนภายหลังการแปรสภาพแล้วด้วยก็ได้ (2) ข้อบังคับของบริษัท (3) เลือกตั้งกรรมการ (4) เลือกตั้งผู้สอบบัญชีบริษัท (5) เรื่องอื่น ๆ ที่จำเป็นในการแปรสภาพ  พระราชบัญญัติบริษัทมหาชนจำกัด พ.ศ. 2535 มาตรา 181 ในการประชุมผู้ถือหุ้นตามมาตรา 180 หากที่ประชุมผู้ถือหุ้นลงมติให้แปรสภาพเป็นบริษัทตามพระราชบัญญัตินี้ คณะกรรมการต้องจัดให้มีการพิจารณาเรื่องดังต่อไปนี้ด้วย (1) หนังสือบริคณห์สนธิของบริษัทเอกชนที่จำเป็นต้องแก้ไข ทั้งนี้ จะมีการแก้ไขเพิ่มทุนของบริษัทเอกชนภายหลังการแปรสภาพแล้วด้วยก็ได้ (2) ข้อบังคับของบริษัท (3) เลือกตั้งกรรมการ (4) เลือกตั้งผู้สอบบัญชีบริษัท (5) เรื่องอื่น ๆ ที่จำเป็นในการแปรสภาพ ในการพิจารณาเรื่องตามวรรคหนึ่ง ให้นำบทบัญญัติเกี่ยวกับบริษัทว่าด้วยการนั้น ๆ มาใช้บังคับโดยอนุโลม,1107,250,1357,0.13329329999396577,4.824324899993371,4.957618199987337,1,1,1.0,1.0,0.0,0.0,0.9441258907318115
152,sparse_rag,หากบริษัทจะเสนอขายหุ้นสูงกว่ามูลค่าหุ้นที่จดทะเบียนไว้ จะต้องดำเนินการอย่างไร,หากบริษัทจะเสนอขายหุ้นสูงกว่ามูลค่าหุ้นที่จดทะเบียนไว้ ต้องให้ผู้จองหุ้นส่งเงินจำนวนที่สูงกว่ามูลค่าหุ้นพร้อมกับเงินค่าหุ้น และนำค่าหุ้นส่วนที่เกินนี้ตั้งเป็นทุนสำรองส่วนล้ำมูลค่าหุ้นแยกต่างหากจากทุนสำรองตามมาตรา 116 แห่งพระราชบัญญัติบริษัทมหาชนจำกัด พ.ศ. 2535,บริษัทต้องให้ผู้จองหุ้นส่งใช้จำนวนเงินที่สูงกว่ามูลค่าหุ้นพร้อมกับเงินค่าหุ้น และนำค่าหุ้นส่วนที่เกินนี้ตั้งเป็นทุนสำรองส่วนล้ำมูลค่าหุ้นแยกต่างหากจากทุนสำรอง,บริษัทต้องให้ผู้จองหุ้นส่งใช้จำนวนเงินที่สูงกว่ามูลค่าหุ้นพร้อมกับเงินค่าหุ้น และนำค่าหุ้นส่วนที่เกินนี้ตั้งเป็นทุนสำรองส่วนล้ำมูลค่าหุ้นแยกต่างหากจากทุนสำรอง ตามมาตรา 51 แห่งพระราชบัญญัติบริษัทมหาชนจำกัด พ.ศ. 2535 ในกรณีที่บริษัทจะเสนอขายหุ้นสูงกว่ามูลค่าหุ้นที่จดทะเบียนไว้ บริษัทต้องให้ผู้จองหุ้นส่งใช้จำนวนเงินที่สูงกว่ามูลค่าหุ้นพร้อมกับเงินค่าหุ้น และนำค่าหุ้นส่วนที่เกินนี้ตั้งเป็นทุนสำรองส่วนล้ำมูลค่าหุ้นแยกต่างหากจากทุนสำรองตามมาตรา 116,1051,164,1215,0.13372480001999065,3.4183270999928936,3.5520519000128843,1,0,0.5,1.0,0.0,0.0,0.966346263885498
153,sparse_rag,หากผู้ชำระบัญชีได้ดำเนินการเพื่อสะสางกิจการที่ค้างอยู่ให้เสร็จในบริษัทมหาชนแล้วทำให้บริษัทนั้นเกิดการขาดทุนขึ้น ผู้ชำระบัญชีต้องรับผิดด้วยหรือไม่อย่างไร,ผู้ชำระบัญชีต้องรับผิดต่อบริษัทในส่วนที่ขาดทุน หากดำเนินการตามมาตรา 160(1) แห่งพระราชบัญญัติบริษัทมหาชนจำกัด พ.ศ. 2535 เกินความจำเป็นจนเป็นเหตุให้เกิดการขาดทุนขึ้น,ไม่ต้องรับผิด หากผู้ชำระบัญชีได้ดำเนินการสะสางกิจการของบริษัทมหาชนที่ค้างอยู่นั้นเฉพาะเท่าที่จำเป็น และไม่ได้มีการดำเนินกิจการของบริษัทนั้นขึ้นใหม่,ไม่ต้องรับผิด หากผู้ชำระบัญชีได้ดำเนินการสะสางกิจการของบริษัทมหาชนที่ค้างอยู่นั้นเฉพาะเท่าที่จำเป็น และไม่ได้มีการดำเนินกิจการของบริษัทนั้นขึ้นใหม่,1321,99,1420,0.1461993000120856,2.1650140999699943,2.31121339998208,1,0,0.5,1.0,0.0,0.0,0.831875741481781
154,sparse_rag,กรรมการซึ่งร่วมรับผิดกับบริษัทมหาชนที่เกิดความเสียหายเนื่องจากจ่ายเงินปันผลให้แก่ผู้ถือหุ้นทั้งที่บริษัทนั้นไม่มีกำไรและขาดทุนสะสม กรรมการที่ร่วมรับผิดนั้นมีสิทธิอะไรบ้าง,กรรมการที่ร่วมรับผิดตามมาตรา 91 (6) แห่งพระราชบัญญัติบริษัทมหาชนจำกัด พ.ศ. 2535 เนื่องจากการจ่ายเงินปันผลโดยฝ่าฝืนมาตรา 115 ย่อมมีสิทธิได้รับการยกเว้นความรับผิด หากพิสูจน์ได้ว่าได้กระทำการโดยสุจริต และอาศัยหลักฐานหรือรายงานทางการเงินที่ประธานกรรมการ เจ้าหน้าที่การเงินของบริษัท หรือผู้สอบบัญชีรับรองว่าถูกต้องแล้ว,กรรมการนั้นมีสิทธิเรียกเงินปันผลส่วนที่เกินคืนจากผู้ถือหุ้นซึ่งได้รับไปโดยรู้ว่าเป็นการจ่ายเงินปันผลทั้งที่บริษัทนั้นไม่มีกำไรและขาดทุนสะสม,"ให้กรรมการนั้นมีสิทธิเรียกเงินปันผลส่วนที่เกินคืนจากผู้ถือหุ้นซึ่งได้รับไปโดยรู้ว่าเป็นการจ่ายเงินปันผลทั้งที่บริษัทนั้นไม่มีกำไรและขาดทุนสะสม   

ตามพระราชบัญญัติบริษัทมหาชนจำกัด พ.ศ. 2535 มาตรา 93 กรรมการซึ่งได้ร่วมรับผิดในความเสียหายที่เกิดขึ้นกับบริษัทมหาชนเนื่องจากมีการจ่ายเงินปันผลทั้งที่บริษัทนั้นไม่มีกำไรและขาดทุนสะสม หรือไม่ได้จัดสรรแบ่งทุนสำรองตามที่กฎหมายกำหนด หรือกระทำการดังกล่าวเป็นเหตุให้เจ้าหนี้ของบริษัทเสียเปรียบ ให้กรรมการนั้นมีสิทธิเรียกเงินปันผลส่วนที่เกินคืนจากผู้ถือหุ้นซึ่งได้รับไปโดยทราบว่าเป็นการจ่ายเงินปันผลทั้งที่บริษัทไม่มีกำไรและขาดทุนสะสม หรือทราบว่าไม่ได้มีการจัดสรรแบ่งทุนสำรองตามที่กฎหมายกำหนดไว้ หรือกระทำการดังกล่าวเป็นเหตุให้เจ้าหนี้ของบริษัทเสียเปรียบ",1708,169,1877,0.16582739999284968,3.41393949999474,3.5797668999875896,1,0,0.5,0.0,0.0,0.0,0.847277820110321
155,sparse_rag,ในการประชุมผู้ถือหุ้นบริษัทมหาชนจำกัดโดยทั่วไปต้องมีองค์ประชุมอย่างไร,ตามมาตรา 103 แห่งพระราชบัญญัติบริษัทมหาชนจำกัด พ.ศ. 2535 ในการประชุมผู้ถือหุ้น ต้องมีผู้ถือหุ้นและผู้รับมอบฉันทะจากผู้ถือหุ้น (ถ้ามี) มาประชุมไม่น้อยกว่ายี่สิบห้าคน หรือไม่น้อยกว่ากึ่งหนึ่งของจำนวนผู้ถือหุ้นทั้งหมด และต้องมีหุ้นนับรวมกันได้ไม่น้อยกว่าหนึ่งในสามของจำนวนหุ้นที่จำหน่ายได้ทั้งหมด จึงจะเป็นองค์ประชุม,องค์ประชุมบริษัทมหาชนจำกัด จะต้องมีผู้ถือหุ้นและผู้รับมอบฉันทะจากผู้ถือหุ้น (ถ้ามี) มาประชุมไม่น้อยกว่า 25 คนหรือไม่น้อยกว่ากึ่งหนึ่งของจำนวนผู้ถือหุ้นทั้งหมด และต้องมีหุ้นนับรวมกันได้ไม่น้อยกว่า 1 ใน 3 ของจำนวนหุ้นที่จำหน่ายได้ทั้งหมด,องค์ประชุมบริษัทมหาชนจำกัด จะต้องมีผู้ถือหุ้นและผู้รับมอบฉันทะจากผู้ถือหุ้น (ถ้ามี) มาประชุมไม่น้อยกว่า 25 คนหรือไม่น้อยกว่ากึ่งหนึ่งของจำนวนผู้ถือหุ้นทั้งหมด และต้องมีหุ้นนับรวมกันได้ไม่น้อยกว่า 1 ใน 3 ของจำนวนหุ้นที่จำหน่ายได้ทั้งหมด  ตามมาตรา 103 วรรค 1 พระราชบัญญัติบริษัทมหาชนจำกัด พ.ศ. 2535 เว้นแต่พระราชบัญญัตินี้จะบัญญัติไว้เป็นอย่างอื่น,1562,189,1751,0.15019050001865253,3.0947293000062928,3.2449198000249453,1,0,0.5,1.0,0.0,0.0,0.9490094184875488
156,sparse_rag,บริษัทมหาชนถ้าตำแหน่งว่างลง ต้องหากรรมการมาแทนไหม,ใช่ บริษัทมหาชนจำกัดต้องหากรรมการมาแทนเมื่อตำแหน่งว่างลง โดยหากตำแหน่งว่างลงเพราะเหตุอื่นนอกจากถึงคราวออกตามวาระ ให้คณะกรรมการเลือกบุคคลที่มีคุณสมบัติและไม่มีลักษณะต้องห้ามตามมาตรา 68 เข้าเป็นกรรมการแทนได้ในประชุมคราวถัดไป ตามมาตรา 75 แห่งพระราชบัญญัติบริษัทมหาชนจำกัด พ.ศ. 2535,ถ้าไม่ได้ออกตามวาระ แล้วนานกว่า 2 เดือนจะหมดวาระ ต้องหากรรมการมาแทน ให้คณะกรรมการเลือกบุคคลซึ่งมีคุณสมบัติและไม่มีลักษณะต้องห้าม เช่นไม่เป็นบุคคลล้มละลาย ไม่เคยโดนไล่ออกจากราชการ ไม่เป็นคนไร้ความสามารถ ให้เข้าเป็นกรรมการแทนในการประชุมคณะกรรมการคราวถัดไป,ถ้าไม่ได้ออกตามวาระ แล้วนานกว่า 2 เดือนจะหมดวาระ ต้องหากรรมการมาแทน ให้คณะกรรมการเลือกบุคคลซึ่งมีคุณสมบัติและไม่มีลักษณะต้องห้าม เช่นไม่เป็นบุคคลล้มละลาย ไม่เคยโดนไล่ออกจากราชการ ไม่เป็นคนไร้ความสามารถ ให้เข้าเป็นกรรมการแทนในการประชุมคณะกรรมการคราวถัดไป  มติของคณะกรรมการต้องประกอบด้วยคะแนนเสียงไม่น้อยกว่า 3 ใน 4 ของจำนวนกรรมการที่ยังเหลืออยู่ และจะเข้ามาแทนได้แค่วาระของคนที่ออกไป เช่น คนนั้นเหลืออยู่ 3 เดือนครบวาระ มาแทนได้แค่ 3เ ดือนเท่านั้น,1150,147,1297,0.14275960001396015,3.159600400016643,3.3023600000306033,1,0,0.6666666666666666,1.0,0.0,0.0,0.8186936974525452
157,sparse_rag,ผู้เริ่มจัดตั้งบริษัทจะเสนอขายหุ้นต่อประชาชนได้เมื่อใด,ผู้เริ่มจัดตั้งบริษัทจะเสนอขายหุ้นต่อประชาชนได้เมื่อนายทะเบียนรับจดทะเบียนหนังสือบริคณห์สนธิแล้ว ตามมาตรา 23 แห่งพระราชบัญญัติบริษัทมหาชนจำกัด พ.ศ. 2535,เมื่อนายทะเบียนรับจดทะเบียนหนังสือบริคณห์สนธิแล้ว,เมื่อนายทะเบียนรับจดทะเบียนหนังสือบริคณห์สนธิแล้ว ตามมาตรา 23 แห่งพระราชบัญญัติบริษัทมหาชนจำกัด พ.ศ. 2535 ภายใต้บังคับมาตรา 24 เมื่อนายทะเบียนรับจดทะเบียนหนังสือบริคณห์สนธิแล้ว ผู้เริ่มจัดตั้งบริษัทจึงจะเสนอขายหุ้นต่อประชาชนหรือบุคคลใด ๆ ได้,973,94,1067,0.14175469998735934,2.021971800015308,2.1637265000026673,1,0,0.5,1.0,0.0,0.0,0.9616947174072266
158,sparse_rag,บริษัทมหาชนต้องรับผิดชอบในค่าใช้ในการตรวจสอบบริษัทหรือไม่,บริษัทมหาชนต้องรับผิดชดใช้ค่าใช้จ่ายในการตรวจสอบบริษัท หากผลการตรวจสอบเป็นไปตามที่ประสงค์จะตรวจสอบทั้งหมดหรือบางส่วน ตามมาตรา 135 แห่งพระราชบัญญัติบริษัทมหาชนจำกัด พ.ศ. 2535,ต้องรับผิดชอบ ในกรณีที่ผลการตรวจสอบเป็นไปตามที่ประสงค์จะต้องสอบไม่ว่าทั้งหมดหรือบางส่วน,ต้องรับผิดชอบ ในกรณีที่ผลการตรวจสอบเป็นไปตามที่ประสงค์จะต้องสอบไม่ว่าทั้งหมดหรือบางส่วน  ตามมาตรา 135 พระราชบัญญัติบริษัทมหาชนจำกัด พ.ศ. 2535 นกรณีที่ผลการตรวจสอบเป็นไปดังที่ประสงค์จะตรวจสอบทั้งหมดหรือบางส่วน ให้บริษัทรับผิดชดใช้ค่าใช้จ่ายในการตรวจสอบที่บุคคลตามมาตรา 134 ได้ออกทดรองจ่ายไป,910,92,1002,0.15181879996089265,1.9596968000405468,2.1115156000014395,1,1,1.0,0.5,0.0,0.0,0.9263269901275635
159,sparse_rag,หลักเกณฑ์การเลือกตั้งกรรมการบริษัทมหาชนจำกัดมีอะไรบ้าง,"ตามมาตรา 70 แห่งพระราชบัญญัติบริษัทมหาชนจำกัด พ.ศ. 2535 หลักเกณฑ์การเลือกตั้งกรรมการมีดังนี้  
(1) ผู้ถือหุ้นแต่ละคนมีคะแนนเสียงเท่ากับจำนวนหุ้นที่ถือคูณด้วยจำนวนกรรมการที่จะเลือกตั้ง  
(2) สามารถใช้คะแนนเสียงทั้งหมดเลือกบุคคลคนเดียวหรือหลายคนได้ โดยแบ่งคะแนนให้แต่ละคนได้ตามชอบใจ  
(3) บุคคลที่ได้รับคะแนนเสียงสูงสุดตามลำดับลงมาจะได้รับการเลือกตั้งเป็นกรรมการตามจำนวนที่กำหนด หากมีผู้ได้คะแนนเท่ากันในตำแหน่งสุดท้าย ให้เลือกโดยวิธีจับสลาก",(1) ผู้ถือหุ้นคนหนึ่งมีคะแนนเสียงเท่ากับจำนวนหุ้นที่ตนถือคูณด้วยจำนวนกรรมการที่จะเลือกตั้ง (2) ผู้ถือหุ้นแต่ละคนจะใช้คะแนนเสียงที่มีอยู่ทั้งหมดตาม (1) เลือกตั้งบุคคลคนเดียวหรือหลายคนเป็นกรรมการก็ได้ ในกรณีที่เลือกตั้งบุคคลหลายคนเป็นกรรมการจะแบ่งคะแนนเสียงให้แก่ผู้ใดมากน้อยเพียงใดก็ได้ (3) บุคคลซึ่งได้รับคะแนนเสียงสูงสุดตามลำดับลงมาเป็นผู้ได้รับการเลือกตั้งเป็นกรรมการเท่าจำนวนกรรมการที่จะพึงมี ในกรณีที่บุคคลซึ่งได้รับการเลือกตั้งในลำดับถัดลงมามีคะแนนเสียงเท่ากันเกินจำนวนกรรมการที่จะพึงมีให้เลือกโดยวิธีจับสลากเพื่อให้ได้จำนวนกรรมการที่จะพึงมี.,(1) ผู้ถือหุ้นคนหนึ่งมีคะแนนเสียงเท่ากับจำนวนหุ้นที่ตนถือคูณด้วยจำนวนกรรมการที่จะเลือกตั้ง (2) ผู้ถือหุ้นแต่ละคนจะใช้คะแนนเสียงที่มีอยู่ทั้งหมดตาม (1) เลือกตั้งบุคคลคนเดียวหรือหลายคนเป็นกรรมการก็ได้ ในกรณีที่เลือกตั้งบุคคลหลายคนเป็นกรรมการจะแบ่งคะแนนเสียงให้แก่ผู้ใดมากน้อยเพียงใดก็ได้ (3) บุคคลซึ่งได้รับคะแนนเสียงสูงสุดตามลำดับลงมาเป็นผู้ได้รับการเลือกตั้งเป็นกรรมการเท่าจำนวนกรรมการที่จะพึงมี ในกรณีที่บุคคลซึ่งได้รับการเลือกตั้งในลำดับถัดลงมามีคะแนนเสียงเท่ากันเกินจำนวนกรรมการที่จะพึงมีให้เลือกโดยวิธีจับสลากเพื่อให้ได้จำนวนกรรมการที่จะพึงมี,1235,243,1478,0.14912890002597123,4.179210999980569,4.32833990000654,1,1,1.0,0.5,0.75,0.75,0.9349974393844604
160,sparse_rag,ในการประชุมผู้ถือหุ้นของบริษัทมหาชนจำกัดที่จะควบกัน ต้องดำเนินการประชุมให้เสร็จสิ้นภายในระยะเท่าใด,ต้องดำเนินการประชุมให้เสร็จสิ้นภายในหกเดือนนับแต่วันที่บริษัทใดบริษัทหนึ่งได้ลงมติให้ควบกันเป็นรายหลังสุด เว้นแต่ที่ประชุมจะลงมติให้ขยายเวลาออกไป แต่เมื่อรวมเวลาทั้งหมดแล้วต้องไม่เกินหนึ่งปี (ตามมาตรา 148 แห่งพระราชบัญญัติบริษัทมหาชนจำกัด พ.ศ. 2535),ภายใน 6 เดือนนับแต่วันที่บริษัทใดบริษัทหนึ่งได้ลงมติให้ควบกันเป็นรายหลังสุด เว้นแต่ที่ประชุมตามมาตรา 148 ลงมติให้ขยายเวลาออกไป แต่เมื่อรวมเวลาทั้งหมดแล้วต้องไม่เกิน 1 ปี,"ภายใน 6 เดือนนับแต่วันที่บริษัทใดบริษัทหนึ่งได้ลงมติให้ควบกันเป็นรายหลังสุด เว้นแต่ที่ประชุมตามมาตรา 148 ลงมติให้ขยายเวลาออกไป แต่เมื่อรวมเวลาทั้งหมดแล้วต้องไม่เกิน 1 ปี   
มาตรา 148 แห่งพระราชบัญญัติบริษัทมหาชนจำกัด พ.ศ. 2535 เมื่อได้ดำเนินการตามมาตรา 147 แล้ว ให้ประธานกรรมการของบริษัทที่จะควบกันเรียกประชุมผู้ถือหุ้นของบริษัทนั้น ๆ ให้มาประชุมร่วมกันเพื่อพิจารณาในเรื่องดังต่อไปนี้ (1) จัดสรรหุ้นของบริษัทที่ควบกันให้แก่ผู้ถือหุ้น (2) ชื่อของบริษัทที่ควบกัน โดยจะใช้ชื่อใหม่หรือจะใช้ชื่อเดิมของบริษัทใดบริษัทหนึ่งที่จะควบกันก็ได้ (3) วัตถุประสงค์ของบริษัทที่ควบกัน (4) ทุนของบริษัทที่ควบกัน โดยจะต้องมีทุนไม่น้อยกว่าทุนชำระแล้วของบริษัทที่จะควบกันทั้งหมดรวมกัน และถ้าบริษัทที่จะควบกันได้นำหุ้นออกจำหน่ายครบตามจำนวนที่จดทะเบียนไว้แล้วจะเพิ่มทุนในคราวเดียวกันนี้ก็ได้ (5) หนังสือบริคณห์สนธิของบริษัทที่ควบกัน (6) ข้อบังคับของบริษัทที่ควบกัน (7) เลือกตั้งกรรมการบริษัทที่ควบกัน (8) เลือกตั้งผู้สอบบัญชีบริษัทที่ควบกัน (9) เรื่องอื่น ๆ ที่จำเป็นในการควบบริษัท (ถ้ามี) ทั้งนี้ ต้องดำเนินการประชุมให้เสร็จสิ้นภายในหกเดือนนับแต่วันที่บริษัทใดบริษัทหนึ่งได้ลงมติให้ควบกันเป็นรายหลังสุด เว้นแต่ที่ประชุมตามมาตรานี้ลงมติให้ขยายเวลาออกไป แต่เมื่อรวมเวลาทั้งหมดแล้วต้องไม่เกินหนึ่งปี",1697,147,1844,0.14042030001292005,2.6650206999620423,2.8054409999749623,1,0,0.5,0.5,0.3333333333333333,0.3333333333333333,0.8787541389465332
161,sparse_rag,บริษัทต้องยื่นขอจดทะเบียนรายการเปลี่ยนเเปลงภายในกี่วัน,ตามมาตรา 13 แห่งพระราชบัญญัติทะเบียนพาณิชย์ พ.ศ. 2499 บริษัทต้องยื่นขอจดทะเบียนรายการเปลี่ยนแปลงภายใน **สามสิบวัน** นับแต่วันที่เกิดการเปลี่ยนแปลง.,สิบสี่วัน,40 วัน  พระราชบัญญัติบริษัทมหาชนจำกัด พ.ศ. 2535 มาตรา 40 ในกรณีที่มีการเปลี่ยนแปลงรายการใดที่แสดงไว้ตามมาตรา 39 วรรคหนึ่ง ให้บริษัทขอจดทะเบียนการเปลี่ยนแปลงรายการนั้นภายในสิบสี่วันนับแต่วันที่มีการเปลี่ยนแปลง,890,86,976,0.1340734999976121,1.5906325000105426,1.7247060000081547,0,0,0.0,0.0,0.0,0.0,0.8757637739181519
162,sparse_rag,ถอนคำขอจองหุ้นได้ไหม,ได้ ตามมาตรา 21 แห่งพระราชบัญญัติบริษัทมหาชนจำกัด พ.ศ. 2535 ผู้จองหุ้นสามารถถอนคำขอการจองหุ้นได้ หากผู้เริ่มจัดตั้งบริษัทคนหนึ่งคนใดตายหรือถอนตัว โดยต้องแจ้งให้ผู้เริ่มจัดตั้งบริษัททราบภายในเจ็ดวันนับแต่วันที่ได้รับแจ้งตามมาตรา 20 (2),ผู้จองหุ้นจะถอนคำขอการจองหุ้นก็ได้ ในกรณีที่ผู้เริ่มจัดตั้งบริษัทคนหนึ่งคนใดตายหรือถอนตัว โดยทำเป็นหนังสือแจ้งให้ผู้เริ่มจัดตั้งบริษัททราบภายใน 7 วันนับแต่วันที่ได้รับแจ้งตามกฎหมาย,ผู้จองหุ้นจะถอนคำขอการจองหุ้นก็ได้ ในกรณีที่ผู้เริ่มจัดตั้งบริษัทคนหนึ่งคนใดตายหรือถอนตัว โดยทำเป็นหนังสือแจ้งให้ผู้เริ่มจัดตั้งบริษัททราบภายใน 7 วันนับแต่วันที่ได้รับแจ้งตามกฎหมาย   พระราชบัญญัติบริษัทมหาชนจำกัด พ.ศ. 2535 มาตรา 21 ในกรณีที่ผู้เริ่มจัดตั้งบริษัทคนหนึ่งคนใดตายหรือถอนตัว ผู้จองหุ้นจะถอนคำขอการจองหุ้นก็ได้ โดยมีหนังสือแจ้งให้ผู้เริ่มจัดตั้งบริษัททราบภายในเจ็ดวันนับแต่วันที่ได้รับแจ้งตามมาตรา 20 (2),927,141,1068,0.14800650003599003,2.5207105000154115,2.6687170000514016,1,0,0.5,1.0,0.0,0.0,0.961435079574585
163,sparse_rag,คณะกรรมการบริษัทมหาชนต้องจัดส่งเอกสารใดบ้างให้ผู้ถือหุ้นพร้อมกับหนังสือนัดประชุมสามัญประจำปี,"ตามมาตรา 113 แห่งพระราชบัญญัติบริษัทมหาชนจำกัด พ.ศ. 2535 คณะกรรมการต้องจัดส่งเอกสารดังต่อไปนี้ให้ผู้ถือหุ้นพร้อมกับหนังสือนัดประชุมสามัญประจำปี:  
(1) สำเนางบดุลและบัญชีกำไรขาดทุนที่ผู้สอบบัญชีตรวจสอบแล้ว ตามมาตรา 112 พร้อมทั้งรายงานการตรวจสอบบัญชีของผู้สอบบัญชี  
(2) เอกสารแสดงรายการตามมาตรา 114 (1) และ (2) (ถ้ามี)  
(3) รายงานประจำปีของคณะกรรมการ",คณะกรรมการบริษัทมหาชนต้องจัดส่งเอกสารดังต่อไปนี้ พร้อมกับหนังสือนัดประชุมสามัญประจำปีให้แก่ผู้ถือหุ้น 1. สำเนางบดุลและบัญชีกำไรขาดทุนที่ผู้สอบบัญชีตรวจสอบแล้ว พร้อมรายงานการตรวจสอบบัญชีของผู้สอบบัญชี 2. เอกสารแสดงรายการตามที่กฎหมายมาตรา 114 (1) และ (2) (ถ้ามี) 3. รายงานประจำปีของคณะกรรมการ,คณะกรรมการบริษัทมหาชนต้องจัดส่งเอกสารดังต่อไปนี้ พร้อมกับหนังสือนัดประชุมสามัญประจำปีให้แก่ผู้ถือหุ้น 1. สำเนางบดุลและบัญชีกำไรขาดทุนที่ผู้สอบบัญชีตรวจสอบแล้ว พร้อมรายงานการตรวจสอบบัญชีของผู้สอบบัญชี 2. เอกสารแสดงรายการตามที่กฎหมายมาตรา 114 (1) และ (2) (ถ้ามี) 3. รายงานประจำปีของคณะกรรมการ คำอธิบายเพิ่มเติม : ตามมาตรา 113 พระราชบัญญัติบริษัทมหาชนจำกัด พ.ศ. 2535 คณะกรรมการต้องจัดส่งเอกสารดังต่อไปนี้ให้ผู้ถือหุ้นพร้อมกับหนังสือนัดประชุมสามัญประจำปี (1) สำเนางบดุลและบัญชีกำไรขาดทุนที่ผู้สอบบัญชีตรวจสอบแล้ว ตามมาตรา 112 พร้อมทั้งรายงานการตรวจสอบบัญชีของผู้สอบบัญชี (2) เอกสารแสดงรายการตามมาตรา 114 (1) และ (2) (ถ้ามี) (3) รายงานประจำปีของคณะกรรมการ,1048,184,1232,0.13472179998643696,2.835551200027112,2.970273000013549,1,0,0.3333333333333333,1.0,1.0,1.0,0.9671857357025146
164,sparse_rag,บุคคลใดบ้างที่ทดรองจ่ายค่าใช้จ่ายในการตรวจสอบบริษัทได้,"ตามมาตรา 134 แห่งพระราชบัญญัติบริษัทมหาชนจำกัด พ.ศ. 2535 บุคคลที่สามารถทดรองจ่ายค่าใช้จ่ายในการตรวจสอบบริษัทได้ ได้แก่  
(1) ผู้ถือหุ้นซึ่งเป็นผู้ขอให้นายทะเบียนแต่งตั้งผู้ตรวจสอบ และ  
(2) นายทะเบียน ในกรณีที่มีการตรวจสอบตามมาตรา 129.",(1) ผู้ถือหุ้นซึ่งเป็นผู้ขอให้นายทะเบียนแต่งตั้งผู้ตรวจสอบ (2) นายทะเบียน ในกรณีที่มีการตรวจสอบตามมาตรา 129,(1) ผู้ถือหุ้นซึ่งเป็นผู้ขอให้นายทะเบียนแต่งตั้งผู้ตรวจสอบ (2) นายทะเบียน ในกรณีที่มีการตรวจสอบตามมาตรา 129 พระราชบัญญัติบริษัทมหาชนจำกัด พ.ศ. 2535 มาตรา 134 ค่าใช้จ่ายในการตรวจสอบบริษัทนั้น ให้บุคคลดังต่อไปนี้ทดรองจ่ายไปก่อน คือ (1) ผู้ถือหุ้นซึ่งเป็นผู้ขอให้นายทะเบียนแต่งตั้งผู้ตรวจสอบ (2) นายทะเบียน ในกรณีที่มีการตรวจสอบตามมาตรา 129,908,131,1039,0.15196379995904863,2.2601121000479907,2.4120759000070393,1,0,0.5,1.0,1.0,1.0,0.9667302370071411
165,sparse_rag,คณะกรรมการบริษัทที่ควบกันแล้วต้องขอจดทะเบียนการควบบริษัทพร้อมยื่นเอกสารใดบ้างต่อนายทะเบียน,คณะกรรมการบริษัทที่ควบกันแล้วต้องขอจดทะเบียนการควบบริษัทพร้อมกับยื่นหนังสือบริคณห์สนธิ และข้อบังคับที่ที่ประชุมตามมาตรา 148 ได้อนุมัติแล้วต่อนายทะเบียนภายในสิบสี่วันนับแต่วันที่เสร็จสิ้นการประชุมตามมาตรา 148 และให้นำมาตรา 39 มาใช้บังคับโดยอนุโลม (ตามพระราชบัญญัติบริษัทมหาชนจำกัด พ.ศ. 2535 มาตรา 151),ยื่นหนังสือบริคณห์สนธิ และข้อบังคับที่ที่ประชุมที่ได้อนุมัติแล้วต่อหน้านายทะเบียน,ยื่นหนังสือบริคณห์สนธิ และข้อบังคับที่ที่ประชุมที่ได้อนุมัติแล้วต่อหน้านายทะเบียน ทั้งนี้ตาม พระราชบัญญัติบริษัทมหาชนจำกัด พ.ศ. 2535 มาตรา 151 คณะกรรมการบริษัทที่ควบกันแล้วต้องขอจดทะเบียนการควบบริษัทพร้อมกับยื่นหนังสือบริคณห์สนธิ และข้อบังคับที่ที่ประชุมตามมาตรา 148 ได้อนุมัติแล้วต่อนายทะเบียนภายในสิบสี่วันนับแต่วันที่เสร็จสิ้นการประชุมตามมาตรา 148 และให้นำมาตรา 39 มาใช้บังคับโดยอนุโลม,948,173,1121,0.13974200002849102,2.507082000025548,2.646824000054039,1,0,0.3333333333333333,1.0,0.0,0.0,0.9752755761146545
166,sparse_rag,เมื่อพบว่า สถาบันการเงินได้ย้ายสำนักงานใหญ่ โดยไม่ได้รับอนุญาตจากธนาคารแห่งประเทศไทย จะต้องฟ้องดำเนินคดีต่อศาลไม่เกินระยะเวลาเท่าใด,ตามมาตรา 13 แห่งพระราชบัญญัติธุรกิจสถาบันการเงิน พ.ศ. 2551 สถาบันการเงินต้องได้รับอนุญาตจากธนาคารแห่งประเทศไทยก่อนจึงจะสามารถย้ายสำนักงานใหญ่ได้ แต่ไม่ได้ระบุระยะเวลาเฉพาะในการฟ้องคดีต่อศาล หากธนาคารแห่งประเทศไทยเห็นว่าการกระทำดังกล่าวอาจก่อให้เกิดความเสียหายแก่ประโยชน์ของประชาชน อาจสั่งยึดหรืออายัดทรัพย์สินได้ และหากไม่สามารถฟ้องคดีภายใน 180 วัน อาจขอขยายเวลาได้จากศาลที่มีเขตอำนาจ ตามมาตรา 152 วรรคสอง ดังนั้น ต้องฟ้องคดีต่อศาลไม่เกิน 180 วัน นับแต่วันที่ทราบหรือควรทราบการกระทำผิด หรือขอขยายเวลาได้หากมีเหตุจำเป็น,ภายในสองปีนับแต่วันที่ธนาคารแห่งประเทศไทยตรวจพบการกระทำความผิด หรือภายในห้าปีนับแต่วันกระทำความผิด,"ภายในสองปีนับแต่วันที่ธนาคารแห่งประเทศไทยตรวจพบการกระทำความผิด หรือภายในห้าปีนับแต่วันกระทำความผิด

คำอธิบาย พระราชบัญญัติธุรกิจสถาบันการเงิน พ.ศ. 2551 มาตรา 133 ความผิดตามมาตรา 122 มาตรา 124 มาตรา 125 มาตรา 128 และมาตรา 132 วรรคสอง ถ้ามิได้ฟ้องต่อศาลหรือมิได้มีการเปรียบเทียบตามมาตรา 156 ภายในสองปีนับแต่วันที่ธนาคารแห่งประเทศไทยตรวจพบการกระทำความผิด หรือภายในห้าปีนับแต่วันกระทำความผิด เป็นอันขาดอายุความ
พระราชบัญญัติธุรกิจสถาบันการเงิน พ.ศ. 2551 มาตรา 13 การจัดตั้ง หรือย้ายสำนักงานใหญ่หรือสาขา หรือการเลิกสาขาของสถาบันการเงินต้องได้รับอนุญาตจากธนาคารแห่งประเทศไทย ทั้งนี้ ให้เป็นไปตามหลักเกณฑ์ที่ธนาคารแห่งประเทศไทยประกาศกำหนด",1524,260,1784,0.1503375000320375,3.8834610999911092,4.033798600023147,0,0,0.0,0.0,0.0,0.0,0.8790452480316162
167,sparse_rag,ในกรณีที่ศาลได้มีคำพิพากษาบังคับตามสิทธิเรียกร้องนั้นแล้วบุคคลใดหรือองค์กรใดสามารถสวมสิทธิเป็นเจ้าหนี้หรือลูกหนี้ตามคำพิพากษานั้น,ตามมาตรา 76 แห่งพระราชบัญญัติธุรกิจสถาบันการเงิน พ.ศ. 2551 สถาบันการเงินที่ควบกันหรือที่รับโอนกิจการ แล้วแต่กรณี สามารถเข้าสวมสิทธิเป็นเจ้าหนี้หรือลูกหนี้ตามคำพิพากษาได้,สถาบันการเงินที่ควบกันหรือที่รับโอนกิจการ แล้วแต่กรณี,"สถาบันการเงินที่ควบกันหรือที่รับโอนกิจการ แล้วแต่กรณี 

คำอธิบาย พระราชบัญญัติธุรกิจสถาบันการเงิน พ.ศ. 2551 มาตรา 76 สถาบันการเงินที่ดำเนินการตามมาตรา 73 วรรคหนึ่ง ถ้ามีการฟ้องร้องบังคับสิทธิเรียกร้องเป็นคดีอยู่ในศาล ให้สถาบันการเงินที่ควบกันหรือที่รับโอนกิจการ แล้วแต่กรณี เข้าสวมสิทธิเป็นคู่ความแทนในคดีดังกล่าว และอาจนำพยานหลักฐานใหม่มาแสดงคัดค้านเอกสารที่ได้ยื่นไว้แล้ว ถามค้านพยานที่สืบมาแล้ว และคัดค้านพยานหลักฐานที่ได้สืบไปแล้วได้ และในกรณีที่ศาลได้มีคำพิพากษาบังคับตามสิทธิเรียกร้องนั้นแล้ว ก็ให้เข้าสวมสิทธิเป็นเจ้าหนี้หรือลูกหนี้ตามคำพิพากษานั้น",1294,98,1392,0.16114350000862032,2.008752199995797,2.1698957000044174,1,0,0.5,1.0,0.0,0.0,0.8764759302139282
168,sparse_rag,สถาบันการเงินเมื่อมีการตรวจสอบทะเบียนผู้ถือหุ้นก่อนประชุมแล้วต้องแจ้งผลต่อหน่วยงานใด,สถาบันการเงินต้องแจ้งผลการตรวจสอบทะเบียนผู้ถือหุ้นต่อธนาคารแห่งประเทศไทย ตามมาตรา 22 แห่งพระราชบัญญัติธุรกิจสถาบันการเงิน พ.ศ. 2551,สถาบันการเงินต้องแจ้งผลการตรวจสอบต่อธนาคารแห่งประเทศไทย,"สถาบันการเงินต้องแจ้งผลการตรวจสอบต่อธนาคารแห่งประเทศไทย 

คำอธิบาย : พรบ.ธุรกิจสถาบันการเงิน พ.ศ. 2551มาตรา 22 เพื่อประโยชน์ในการปฏิบัติตามมาตรา 16 มาตรา 17 มาตรา 18 และมาตรา 19 ให้สถาบันการเงินตรวจสอบทะเบียนผู้ถือหุ้นทุกครั้งก่อนการประชุมผู้ถือหุ้นหรือก่อนจ่ายเงินปันผลหรือผลตอบแทนอื่นใดแก่ผู้ถือหุ้น แล้วให้แจ้งผลการตรวจสอบต่อธนาคารแห่งประเทศไทยตามหลักเกณฑ์ที่ธนาคารแห่งประเทศไทยประกาศกำหนด",1082,68,1150,0.14664539997465909,1.3135520000359975,1.4601974000106566,1,0,0.2,1.0,0.0,0.0,0.8998136520385742
169,sparse_rag,สถาบันทางการเงินสามารถลงทุนในหลักทรัพย์ เป็นอัตราส่วนร้อยละสิบของเงินกองทุนทั้งหมดของสถาบันการเงินนั้น สำหรับการถือหรือมีหุ้นในทุกบริษัทรวมกันได้หรือไม่,ไม่ได้ เนื่องจากตามมาตรา 34 แห่งพระราชบัญญัติธุรกิจสถาบันการเงิน พ.ศ. 2551 ห้ามมิให้สถาบันการเงินถือหรือมีหุ้นโดยทางตรงหรือทางอ้อมในบริษัทใดเกินร้อยละยี่สิบของเงินกองทุนทั้งหมดของสถาบันการเงินนั้น สำหรับการถือหรือมีหุ้นในทุกบริษัทรวมกัน ดังนั้นการลงทุนในหลักทรัพย์ในอัตราส่วนร้อยละสิบของเงินกองทุนทั้งหมดจึงอยู่ในเกณฑ์ที่อนุญาตได้ แต่หากหมายถึงการถือหุ้นในบริษัทรวมกันเกินร้อยละยี่สิบของเงินกองทุน จะผิดกฎหมาย,ได้ เนื่องจากไม่เกินอตราส่วนรอยละยี่สิบ ตามที่กฎหมายกำหนด,"ได้ เนื่องจากไม่เกินอตราส่วนรอยละยี่สิบ ตามที่กฎหมายกำหนด

คำอธิบาย พระราชบัญญัติธุรกิจสถาบันการเงิน พ.ศ. 2551 มาตรา 33 ภายใต้บังคับมาตรา 34 และมาตรา 35 ให้สถาบันการเงินลงทุนในหลักทรัพย์เพื่อเป็นกรรมสิทธิ์ของตนได้ ตามหลักเกณฑ์ที่ธนาคารแห่งประเทศไทยประกาศกำหนด

พระราชบัญญัติธุรกิจสถาบันการเงิน พ.ศ. 2551 มาตรา 34 ห้ามมิให้สถาบันการเงินถือหรือมีหุ้นโดยทางตรงหรือทางอ้อมในบริษัทใดเกินอัตราดังต่อไปนี้ ทั้งนี้ ตามหลักเกณฑ์ที่ธนาคารแห่งประเทศไทยประกาศกำหนด
(1) ร้อยละยี่สิบของเงินกองทุนทั้งหมดของสถาบันการเงินนั้น สำหรับการถือหรือมีหุ้นในทุกบริษัทรวมกัน",2136,250,2386,0.16434499999741092,4.43711080000503,4.601455800002441,1,0,0.3333333333333333,0.0,0.0,0.0,0.9234381914138794
170,sparse_rag,บุคคลใดที่เปิดเผยความลับในประการที่น่าจะก่อให้เกิดความเสียหายแก่บุคคลอื่นหรือประชาชน มีความผิดตาม พระราชบัญญัติธุรกิจสถาบันการเงิน,บุคคลที่เปิดเผยความลับของสถาบันการเงินในประการที่น่าจะก่อให้เกิดความเสียหายแก่บุคคลอื่นหรือประชาชน ซึ่งล่วงรู้หรือได้มาซึ่งความลับดังกล่าวโดยเหตุที่เป็นผู้มีอำนาจในการจัดการหรือเป็นพนักงานของสถาบันการเงิน จะมีความผิดตามมาตรา 155 แห่งพระราชบัญญัติธุรกิจสถาบันการเงิน พ.ศ. 2551 ต้องระวางโทษจำคุกไม่เกินหนึ่งปี หรือปรับไม่เกินหนึ่งแสนบาท หรือทั้งจำทั้งปรับ,บุคคลที่ล่วงรู้หรือได้มาซึ่งความลับของสถาบันการเงินโดยเหตุที่เป็นผู้มีอำนาจในการจัดการหรือเป็นพนักงาน,"บุคคลที่ล่วงรู้หรือได้มาซึ่งความลับของสถาบันการเงินโดยเหตุที่เป็นผู้มีอำนาจในการจัดการหรือเป็นพนักงาน

คำอธิบาย พระราชบัญญัติธุรกิจสถาบันการเงิน พ.ศ. 2551 มาตรา 155 ผู้ใดล่วงรู้หรือได้มาซึ่งความลับของสถาบันการเงินโดยเหตุที่เป็นผู้มีอำนาจในการจัดการหรือเป็นพนักงาน และเปิดเผยความลับนั้นในประการที่น่าจะก่อให้เกิดความเสียหายแก่บุคคลอื่นหรือประชาชน ต้องระวางโทษจำคุกไม่เกินหนึ่งปี หรือปรับไม่เกินหนึ่งแสนบาท หรือทั้งจำทั้งปรับ
ความในวรรคหนึ่งมิให้ใช้บังคับกับการเปิดเผยตามกรณีในมาตรา 154 วรรคสอง",1605,200,1805,0.13934840000001714,3.558975799998734,3.6983241999987513,1,1,1.0,1.0,0.0,0.0,0.9462688565254211
171,sparse_rag,หากกรรมการ ผู้จัดการ หรือผู้มีอำนาจในการจัดการของสถาบันการเงินหรือผู้ชำนาญการเฉพาะด้านของสถาบันการเงิน เบียดบังเอาทรัพย์นั้นเป็นของตนหรือบุคคลที่สามโดยทุจริต นั้นเกิดจากการขู่เข็ญจากบุคคลที่สาม ถือว่าบุคคลที่ขู่เข็ญนั้นมีความผิดตามพระราชบัญญัติธุรกิจสถาบันการเงิน พ.ศ. 2551 หรือไม่,ไม่พบข้อมูลที่ตรงกับคำถามในฐานข้อมูลกฎหมายที่มีอยู่,มีความผิดตาม พระราชบัญญัติธุรกิจสถาบันการเงิน พ.ศ. 2551 มาตรา 149 เนื่องจากบทบัญญัติกฎหมายนั้นรวมถึงการกระทำที่เกิดจากการใช้ สั่ง ขู่เข็ญ จ้าง หรือด้วยวิธีอื่นใด,"มีความผิดตาม พระราชบัญญัติธุรกิจสถาบันการเงิน พ.ศ. 2551 มาตรา 149 เนื่องจากบทบัญญัติกฎหมายนั้นรวมถึงการกระทำที่เกิดจากการใช้ สั่ง ขู่เข็ญ จ้าง หรือด้วยวิธีอื่นใด

คำอธิบาย พระราชบัญญัติธุรกิจสถาบันการเงิน พ.ศ. 2551 มาตรา 149 ผู้ใดก่อให้กรรมการ ผู้จัดการ หรือผู้มีอำนาจในการจัดการของสถาบันการเงินหรือผู้ชำนาญการเฉพาะด้านของสถาบันการเงิน กระทำความผิดตามที่บัญญัติไว้ในมาตรา 140 มาตรา 141 มาตรา 142 มาตรา 143 มาตรา 144 มาตรา 145 มาตรา 146 หรือมาตรา 148 ไม่ว่าด้วยการใช้ สั่ง ขู่เข็ญ จ้าง หรือด้วยวิธีอื่นใด ต้องระวางโทษตามที่บัญญัติไว้สำหรับความผิดนั้น

พระราชบัญญัติธุรกิจสถาบันการเงิน พ.ศ. 2551 มาตรา 142 กรรมการ ผู้จัดการ หรือผู้มีอำนาจในการจัดการของสถาบันการเงินผู้ใดครอบครองทรัพย์ซึ่งเป็นของสถาบันการเงินหรือซึ่งสถาบันการเงินเป็นเจ้าของรวมอยู่ด้วย เบียดบังเอาทรัพย์นั้นเป็นของตนหรือบุคคลที่สามโดยทุจริต ต้องระวางโทษจำคุกตั้งแต่ห้าปีถึงสิบปี และปรับตั้งแต่ห้าแสนบาทถึงหนึ่งล้านบาท",1224,24,1248,0.19508029997814447,0.593126600026153,0.7882069000042975,1,0,0.1111111111111111,0.0,0.0,0.0,0.5774754285812378
172,sparse_rag,ในกรณีที่กำกับและตรวจสอบสถาบันการเงิน ระหว่างบริษัทแม่และบริษัทลูก แต่ดำเนินการเสทมือนเป็นคนละนิติบุคคล ถือว่า ถือว่ามีความผิดตามบทบัญญัติของพระราชบัญญัติธุรกิจสถาบันการเงิน พ.ศ. 2551 หรือไม่,ไม่ถือว่ามีความผิด เนื่องจากตามมาตรา 57 แห่งพระราชบัญญัติธุรกิจสถาบันการเงิน พ.ศ. 2551 ธนาคารแห่งประเทศไทยมีอำนาจกำกับและตรวจสอบสถาบันการเงิน บริษัทแม่ บริษัทลูก และบริษัทร่วมในลักษณะเหมือนเป็นนิติบุคคลเดียวกัน เพื่อประโยชน์ในการตรวจสอบความมั่นคงของกลุ่มธุรกิจทางการเงิน แม้จะดำเนินการแยกเป็นนิติบุคคลต่างกันก็ตาม,มีความผิดตาม ตามบทบัญญัติของพระราชบัญญัติธุรกิจสถาบันการเงิน พ.ศ. 2551 มาตรา 131 ประกอบมาตรา 57,มีความผิดตาม ตามบทบัญญัติของพระราชบัญญัติธุรกิจสถาบันการเงิน พ.ศ. 2551 มาตรา 131 ประกอบมาตรา 57 คำอธิบาย พระราชบัญญัติธุรกิจสถาบันการเงิน พ.ศ. 2551 มาตรา 131 ผู้ใดฝ่าฝืนหรือไม่ปฏิบัติตามมาตรา 104 หรือไม่ปฏิบัติตามคำสั่งคณะกรรมการควบคุมสถาบันการเงินหรือพนักงานควบคุมสถาบันการเงินตามมาตรา 114 ต้องระวางโทษจำคุกไม่เกินสามปี หรือปรับไม่เกินสามแสนบาท หรือทั้งจำทั้งปรับ และปรับอีกไม่เกินวันละสามพันบาทตลอดเวลาที่ยังฝ่าฝืนอยู่,1780,166,1946,0.060501799976918846,3.151308100030292,3.2118099000072107,1,0,0.3333333333333333,0.0,0.6666666666666666,0.3333333333333333,0.8191829919815063
173,sparse_rag,ผู้ถือหุ้นในธนาคารพาณิชย์ที่เป็นบริษัทลูกของธนาคารพาณิชย์ต่างประเทศในอัตราร้อย 15 จำเป็นต้องขายในอัตราที่เกินร้อยละ 10 หรือไม่,ตามพระราชบัญญัติธุรกิจสถาบันการเงิน พ.ศ. 2551 มาตรา 34 ห้ามมิให้สถาบันการเงินถือหุ้นในบริษัทเกินร้อยละ 10 ของจำนวนหุ้นที่จำหน่ายได้แล้วทั้งหมดของบริษัทนั้น แต่มาตรา 23 ระบุว่า ไม่ให้นำมาตรา 15 ถึงมาตรา 22 มาใช้บังคับกับธนาคารพาณิชย์ที่เป็นบริษัทลูกของธนาคารพาณิชย์ต่างประเทศ ซึ่งหมายความว่า ข้อจำกัดเรื่องสัดส่วนการถือหุ้นตามมาตรา 34 ไม่ใช้บังคับกับธนาคารพาณิชย์ที่เป็นบริษัทลูกของธนาคารพาณิชย์ต่างประเทศ ดังนั้น ผู้ถือหุ้นในธนาคารพาณิชย์ที่เป็นบริษัทลูกของธนาคารพาณิชย์ต่างประเทศในอัตราร้อยละ 15 จึง **ไม่จำเป็นต้องขายหุ้นออกให้เหลือไม่เกินร้อยละ 10**,ผู้ถือหุ้นไม่จำเป็นต้องขายหุ้นในส่วนที่เกินร้อยละ 10,"ผู้ถือหุ้นไม่จำเป็นต้องขายหุ้นในส่วนที่เกินร้อยละ 10 


คำอธิบาย : พรบ.ธุรกิจสถาบันการเงิน พ.ศ. 2551 มาตรา 23 มิให้นำมาตรา 15 ถึงมาตรา 22 มาใช้บังคับกับสาขาของธนาคารพาณิชย์ต่างประเทศที่จัดตั้งขึ้นในประเทศไทย และธนาคารพาณิชย์ที่เป็นบริษัทลูกของธนาคารพาณิชย์ต่างประเทศ 

พรบ.ธุรกิจสถาบันการเงิน พ.ศ. 2551 มาตรา 19 บุคคลใดได้มาซึ่งหุ้นของสถาบันการเงินแห่งใดแห่งหนึ่งจนเป็นเหตุให้จำนวนหุ้นที่ตนถืออยู่หรือมีไว้เป็นไปโดยฝ่าฝืนมาตรา 18 บุคคลนั้นจะต้องนำหุ้นในส่วนที่เกินออกจำหน่ายแก่บุคคลอื่นภายในเก้าสิบวันนับแต่วันที่ได้รับหุ้นนั้นมา เว้นแต่จะได้รับการผ่อนผันจากธนาคารแห่งประเทศไทยซึ่งจะผ่อนผันได้อีกไม่เกินเก้าสิบวัน",1473,329,1802,0.16119919996708632,6.360940200043842,6.5221394000109285,1,0,0.1111111111111111,0.5,1.0,1.0,0.9046703577041626
174,sparse_rag,ในกรณีใดที่ผู้สอบบัญชี หรือผู้ประเมินราคา หรือผู้ชำนาญการเฉพาะด้านปฏิบัติงานสอบบัญชีเพื่อแสดงความเห็นต่องบการเงินไม่เป็นไปตามข้อกำหนดของกฎหมายว่าด้วยผู้สอบบัญชีหรือข้อกำหนดเพิ่มเติมตามที่ธนาคารแห่งประเทศไทยประกาศกำหนด ถือว่ากระทำความผิดตามพระราชบัญญัติธุรกิจสถาบันการเงิน พ.ศ. 2551 หรือไม่,ใช่ ในกรณีที่ผู้สอบบัญชี หรือผู้ประเมินราคา หรือผู้ชำนาญการเฉพาะด้าน ปฏิบัติงานสอบบัญชีเพื่อแสดงความเห็นต่องบการเงินไม่เป็นไปตามข้อกำหนดของกฎหมายว่าด้วยผู้สอบบัญชีหรือข้อกำหนดเพิ่มเติมตามที่ธนาคารแห่งประเทศไทยประกาศกำหนด ถือว่ากระทำความผิดตามมาตรา 148 แห่งพระราชบัญญัติธุรกิจสถาบันการเงิน พ.ศ. 2551 และต้องระวางโทษจำคุกไม่เกินสามปี หรือปรับไม่เกินห้าแสนบาท หรือทั้งจำทั้งปรับ,มีความผิดตาม พระราชบัญญัติธุรกิจสถาบันการเงิน พ.ศ. 2551 มาตรา 148,มีความผิดตาม พระราชบัญญัติธุรกิจสถาบันการเงิน พ.ศ. 2551 มาตรา 148 คำอธิบาย ในกรณีใดที่ผู้สอบบัญชี หรือผู้ประเมินราคา หรือผู้ชำนาญการเฉพาะด้าน ถือว่ากระทำความผิดตามพระราชบัญญัติธุรกิจสถาบันการเงิน พ.ศ. 2551 หรือไม่,1399,195,1594,0.1925271999789402,4.5878759999759495,4.78040319995489,1,0,0.25,1.0,1.0,0.5,0.9090614318847656
175,sparse_rag,กิจการที่มีผลประโยชน์เกี่ยวข้อง ตามประมวลรัษฎากร มีความหมายว่าอย่างไร และ สถาบันการเงินไม่อาจให้สินเชื่อ ลงทุน ก่อภาระผูกพัน หรือทำธุรกรรมที่มีลักษณะคล้ายการให้สินเชื่อแก่แก่กิจการที่มีผลประโยชน์เกี่ยวข้องอย่างใดอย่างหนึ่งหรือรวมกันเมื่อสิ้นวันหนึ่ง ๆ ในอัตราเท่าใด,"ตามพระราชบัญญัติธุรกิจสถาบันการเงิน พ.ศ. 2551 มาตรา 49 คำว่า “กิจการที่มีผลประโยชน์เกี่ยวข้อง” หมายความว่า บริษัทที่สถาบันการเงิน กรรมการของสถาบันการเงิน ผู้มีอำนาจในการจัดการของสถาบันการเงิน หรือผู้ที่เกี่ยวข้องกับบุคคลเหล่านี้ ถือหุ้นรวมกันเกินร้อยละสิบของจำนวนหุ้นที่จำหน่ายได้แล้วทั้งหมดของบริษัทนั้น

สถาบันการเงินไม่อาจให้สินเชื่อ ลงทุน ก่อภาระผูกพัน หรือทำธุรกรรมที่มีลักษณะคล้ายการให้สินเชื่อแก่กิจการที่มีผลประโยชน์เกี่ยวข้องอย่างใดอย่างหนึ่งหรือรวมกันเมื่อสิ้นวันหนึ่ง ๆ เกินร้อยละห้าของเงินกองทุนชนิดหนึ่งชนิดใดของสถาบันการเงินนั้น หรือเกินร้อยละยี่สิบห้าของหนี้สินทั้งหมดของกิจการที่มีผลประโยชน์เกี่ยวข้องนั้น แล้วแต่จำนวนใดจะต่ำกว่า",กิจการที่มีผลประโยชน์เกี่ยวข้องตามวรรคหนึ่งและวรรคสอง หมายความว่า บริษัทที่สถาบันการเงิน กรรมการของสถาบันการเงิน ผู้มีอำนาจในการจัดการของสถาบันการเงิน หรือผู้ที่เกี่ยวข้องกับบุคคลเหล่านี้ ถือหุ้นรวมกันเกินร้อยละสิบของจำนวนหุ้นที่จำหน่ายได้แล้วทั้งหมดของบริษัทนั้น และสถาบันการเงินไม่อาจให้สินเชื่อ ลงทุน ก่อภาระผูกพัน หรือทำธุรกรรมที่มีลักษณะคล้ายการให้สินเชื่อแก่ผู้ถือหุ้นรายใหญ่หรือแก่กิจการที่มีผลประโยชน์เกี่ยวข้องเกินร้อยละห้าของเงินกองทุนหรือเกินร้อยละยี่สิบห้าของหนี้สินทั้งหมดของผู้ถือหุ้นรายใหญ่.,"กิจการที่มีผลประโยชน์เกี่ยวข้องตามวรรคหนึ่งและวรรคสอง หมายความว่า บริษัทที่สถาบันการเงิน กรรมการของสถาบันการเงิน

โดย ผู้มีอำนาจในการจัดการของสถาบันการเงิน หรือผู้ที่เกี่ยวข้องกับบุคคลเหล่านี้ ถือหุ้นรวมกันเกินร้อยละสิบของจำนวนหุ้นที่จำหน่ายได้แล้วทั้งหมดของบริษัทนั้น

คำอธิบาย พระราชบัญญัติธุรกิจสถาบันการเงิน พ.ศ. 2551 มาตรา 49 ...
ในกรณีที่มีเหตุอันสมควร ธนาคารแห่งประเทศไทยมีอำนาจกำหนดอัตราขั้นสูงในการให้สินเชื่อ ลงทุน ก่อภาระผูกพัน หรือทำธุรกรรมที่มีลักษณะคล้ายการให้สินเชื่อแก่ผู้ถือหุ้นรายใหญ่หรือแก่กิจการที่มีผลประโยชน์เกี่ยวข้องให้สูงกว่าอัตราที่กำหนดในวรรคหนึ่งได้ ทั้งนี้ ตามหลักเกณฑ์ที่ธนาคารแห่งประเทศไทยประกาศกำหนด
การให้สินเชื่อ ลงทุน ก่อภาระผูกพัน หรือทำธุรกรรมที่มีลักษณะคล้ายการให้สินเชื่อตามวรรคหนึ่ง ให้เป็นไปตามหลักเกณฑ์ที่ธนาคารแห่งประเทศไทยประกาศกำหนด
กิจการที่มีผลประโยชน์เกี่ยวข้องตามวรรคหนึ่งและวรรคสอง หมายความว่า บริษัทที่สถาบันการเงิน กรรมการของสถาบันการเงิน ผู้มีอำนาจในการจัดการของสถาบันการเงิน หรือผู้ที่เกี่ยวข้องกับบุคคลเหล่านี้ ถือหุ้นรวมกันเกินร้อยละสิบของจำนวนหุ้นที่จำหน่ายได้แล้วทั้งหมดของบริษัทนั้น",2739,365,3104,0.17420959996525198,7.3525803000084125,7.526789899973664,1,0,0.5,1.0,0.0,0.0,0.9255529642105103
176,sparse_rag,กรรมการสามารถรับเงินรางวัลตามผลงานเมื่อเงินในกองทุนเหลือตำกว่าเงินกองทุนที่ต้องดำรงไว้ ได้หรือไม่,ไม่ได้ เนื่องจากตามประมวลกฎหมายแพ่งและพาณิชย์ มาตรา 362 บุคคลที่ออกโฆษณาให้คำมั่นว่าจะให้รางวัลแก่ผู้กระทำตามคำมั่นนั้น ย่อมต้องให้รางวัลแก่ผู้กระทำตามคำมั่นนั้น แม้ไม่ได้กระทำเพราะเห็นแก่รางวัล แต่ในกรณีนี้ ไม่มีข้อบ่งชี้ว่ากรรมการได้รับคำมั่นให้รางวัลตามผลงาน และการที่เงินกองทุนต่ำกว่าที่ต้องดำรงไว้ตามพระราชบัญญัติธุรกิจสถาบันการเงิน พ.ศ. 2551 มาตรา 95 ถือเป็นสถานการณ์ที่ต้องเสนอโครงการแก้ไขฐานะ ไม่ใช่เหตุผลให้จ่ายรางวัลได้ ดังนั้น กรรมการไม่สามารถรับเงินรางวัลตามผลงานได้ในสถานการณ์ดังกล่าว,ไม่ได้ เพราะการจ่ายเงินรางวัลตามผลงานไม่ใช่ค่าจ้างปกติ,"ไม่ได้ เพราะการจ่ายเงินรางวัลตามผลงานไม่ใช่ค่าจ้างปกติ



คำอธิบาย :  พรบ.ธุรกิจสถาบันการเงิน พ.ศ. 2551มาตรา 94 ห้ามมิให้สถาบันการเงินจ่ายเงิน ทรัพย์สิน หรือค่าตอบแทนที่มีผลทำให้เงินกองทุนเหลือต่ำกว่าเงินกองทุนที่ต้องดำรงไว้ตามมาตรา 30 ในกรณีดังต่อไปนี้
(2) จ่ายค่าตอบแทนในการบริหารหรือผลประโยชน์อื่นใดซึ่งมิใช่ค่าจ้างตามปกติแก่กรรมการผู้จัดการ หรือผู้มีอำนาจในการจัดการสถาบันการเงิน",1466,284,1750,0.13494879996869713,6.174389599997085,6.309338399965782,0,0,0.0,0.0,0.0,0.0,0.8754969835281372
177,sparse_rag,ในกรณีที่บริษัทแม่มีจำนวนหุ้นที่มีบุคคลที่ถือสัญชาติไทยต่ำกว่าร้อยละ 75 ของจำนวนหุ้นที่มีสิทธิออกเสียงและจำหน่ายแล้วทั้งหมด ถือว่ามีความผิดตาม พระราชบัญญัติธุรกิจสถาบันการเงิน พ.ศ. 2551 หรือไม่,ใช่ ถือว่ามีความผิดตามมาตรา 16 แห่งพระราชบัญญัติธุรกิจสถาบันการเงิน พ.ศ. 2551 เนื่องจากสถาบันการเงินต้องมีจำนวนหุ้นที่บุคคลผู้มีสัญชาติไทยถืออยู่ไม่ต่ำกว่าร้อยละเจ็ดสิบห้าของจำนวนหุ้นที่มีสิทธิออกเสียงและจำหน่ายได้แล้วทั้งหมด,ถือว่ามีความผิดตาม พระราชบัญญัติธุรกิจสถาบันการเงิน พ.ศ. 2551 มาตรา 126 ประกอบมาตรา 55 และมาตรา 16,"""ถือว่ามีความผิดตาม พระราชบัญญัติธุรกิจสถาบันการเงิน พ.ศ. 2551 มาตรา 126 ประกอบมาตรา 55 และมาตรา 16 คำอธิบาย พระราชบัญญัติธุรกิจสถาบันการเงิน พ.ศ. 2551 มาตรา 126 ผู้ใดฝ่าฝืนหรือไม่ปฏิบัติตามมาตรา 14 มาตรา 54 หรือมาตรา 56 หรือบริษัทแม่ของสถาบันการเงินที่ปฏิบัติฝ่าฝืนมาตรา 55 ต้องระวางโทษจำคุกตั้งแต่หกเดือนถึงสามปี หรือปรับตั้งแต่หกหมื่นบาทถึงสามแสนบาท หรือทั้งจำทั้งปรับ และปรับอีกไม่เกินวันละสามพันบาทตลอดเวลาที่ยังฝ่าฝืนอยู่ แล้วแต่กรณี",1482,135,1617,0.16325520002283156,3.0437483999994583,3.20700360002229,0,0,0.0,0.0,0.5,0.25,0.8237855434417725
178,sparse_rag,เมื่อธนาคารแห่งประเทศไทยมีคำสั่งปิดกิจการของสถาบันการเงินแล้ว จะต้องมีบุคคลใดดำเนินการสิ่งใดต่อ พระราชบัญญัติธุรกิจสถาบันการเงิน พ.ศ. 2551,เมื่อธนาคารแห่งประเทศไทยมีคำสั่งปิดกิจการของสถาบันการเงินแล้ว ต้องเสนอรัฐมนตรีเพื่อเพิกถอนใบอนุญาตของสถาบันการเงินนั้น ตามมาตรา 111 และมาตรา 90 วรรคสอง แห่งพระราชบัญญัติธุรกิจสถาบันการเงิน พ.ศ. 2551,รัฐมนตรีสั่งเพิกถอนใบอนุญาต และให้สถาบันการเงินทำการชำระบัญชีสถาบันการเงิน,"รัฐมนตรีสั่งเพิกถอนใบอนุญาต และให้สถาบันการเงินทำการชำระบัญชีสถาบันการเงิน

คำอธิบาย พระราชบัญญัติธุรกิจสถาบันการเงิน พ.ศ. 2551 มาตรา 98 เมื่อธนาคารแห่งประเทศไทยมีคำสั่งปิดกิจการของสถาบันการเงินใดตามมาตรา 90 (5) มาตรา 93 มาตรา 95 หรือมาตรา 97 และรัฐมนตรีเพิกถอนใบอนุญาตแล้ว ให้ชำระบัญชีสถาบันการเงินนั้น",1848,111,1959,0.15819029998965561,2.481952700007241,2.640142999996897,1,0,0.2,0.0,0.0,0.0,0.916992723941803
179,sparse_rag,ผู้ที่ถือหุ้นบุริมสิทธิที่ไม่มีสิทธิออกเสียงที่เกินร้อยละ 5 จะต้องแจ้งต่อธนาคารแห่งประเทศไทยหรือไม่,ไม่ต้องแจ้งต่อธนาคารแห่งประเทศไทย เนื่องจากตามมาตรา 17 และมาตรา 18 แห่งพระราชบัญญัติธุรกิจสถาบันการเงิน พ.ศ. 2551 หุ้นที่ไม่รวมถึงหุ้นบุริมสิทธิที่ไม่มีสิทธิออกเสียง จึงไม่อยู่ในขอบเขตของการรายงานหรือการจำกัดสัดส่วนการถือหุ้น.,ผู้ที่ถือหุ้นบุริมสิทธิที่ไม่มีสิทธิออกเสียง แม้จะเกินร้อยละ 5 ก็ไม่ต้องแจ้งรายงานต่อธนาคารแห่งประเทศไทย,"ผู้ที่ถือหุ้นบุริมสิทธิที่ไม่มีสิทธิออกเสียง แม้จะเกินร้อยละ 5 ก็ไม่ต้องแจ้งรายงานต่อธนาคารแห่งประเทศไทย 



คำอธิบาย : พรบ.ธุรกิจสถาบันการเงิน พ.ศ. 2551 มาตรา17 บุคคลใดถือหุ้นหรือมีไว้ซึ่งหุ้นของสถาบันการเงินแห่งใดแห่งหนึ่งไม่ว่าโดยทางตรงหรือทางอ้อม ตั้งแต่ร้อยละห้าขึ้นไปของหุ้นที่จำหน่ายได้แล้วทั้งหมด บุคคลนั้นต้องรายงานการถือหุ้นหรือมีไว้ซึ่งหุ้นดังกล่าวให้ธนาคารแห่งประเทศไทยทราบตามหลักเกณฑ์ที่ธนาคารแห่งประเทศไทยประกาศกำหนด
 จำนวนหุ้นตามวรรคหนึ่ง ให้รวมถึงหุ้นของผู้ที่เกี่ยวข้องกับบุคคลตามวรรคหนึ่งถืออยู่หรือมีไว้ด้วย
 หุ้นตามวรรคหนึ่งไม่รวมถึงหุ้นบุริมสิทธิที่ไม่มีสิทธิออกเสียง",1316,125,1441,0.14519599999766797,2.842860600037966,2.988056600035634,1,0,0.5,0.5,0.0,0.0,0.8790125250816345
182,sparse_rag,หากบริษัทต้องการขายหุ้นในสถาบันการเงินที่ถืออยู่เกินอัตราส่วนในระหว่างระยะเวลาผ่อนผัน ต้องปฏิบัติอย่างไร,ตามพระราชบัญญัติธุรกิจสถาบันการเงิน พ.ศ. 2551 มาตรา 161 บริษัทที่ได้รับการผ่อนผันให้ถือหุ้นในสถาบันการเงินเกินอัตราที่กำหนด สามารถจำหน่ายหุ้นนั้นได้ แต่เมื่อจำหน่ายหุ้นไปแล้ว ต้องจำกัดสิทธิในการถือหุ้นเกินอัตราที่กำหนดไว้เท่าจำนวนหุ้นที่เหลืออยู่ ห้ามซื้อหุ้นเพิ่มภายหลังพ้นระยะเวลาผ่อนผัน.,สามารถขายหุ้นได้ตามปกติ แต่หลังจากขายหุ้นแล้ว จะสามารถถือหุ้นเกินอัตราส่วนได้เท่าจำนวนหุ้นที่เหลืออยู่หลังจากการขายหุ้น เท่านั้น และไม่สามารถซื้อหุ้นของสถาบันการเงินที่ตนถืออยู่เพิ่มเติมได้,"สามารถขายหุ้นได้ตามปกติ แต่หลังจากขายหุ้นแล้ว จะสามารถถือหุ้นเกินอัตราส่วนได้เท่าจำนวนหุ้นที่เหลืออยู่หลังจากการขายหุ้น เท่านั้น และไม่สามารถซื้อหุ้นของสถาบันการเงินที่ตนถืออยู่เพิ่มเติมได้

คำอธิบาย พระราชบัญญัติธุรกิจสถาบันการเงิน พ.ศ. 2551 มาตรา 161 บริษัทที่มิได้ประกอบธุรกิจทางการเงิน แต่ได้รับการผ่อนผันให้ถือหุ้นในสถาบันการเงินใดเกินอัตราที่กำหนดในมาตรา 18 อยู่ในวันก่อนวันที่พระราชบัญญัตินี้ใช้บังคับ ให้ถือหุ้นของสถาบันการเงินนั้นได้ต่อไป และอาจซื้อหุ้นเพิ่มทุนเพื่อรักษาสัดส่วนการถือหุ้นที่มีอยู่ก่อนวันที่พระราชบัญญัตินี้ใช้บังคับได้ แต่ถ้าได้จำหน่ายหุ้นนั้นไปเท่าใดให้คงมีสิทธิถือหุ้นเกินอัตราที่กำหนดได้เท่าจำนวนหุ้นที่เหลืออยู่นั้น
ห้ามมิให้บริษัทตามวรรคหนึ่งซื้อหุ้นของสถาบันการเงินที่ตนถืออยู่เพิ่ม เมื่อพ้นกำหนดระยะเวลาที่ได้รับการผ่อนผันตามวรรคหนึ่ง",1685,170,1855,0.1522834000061266,3.4381895000115037,3.5904729000176303,1,0,0.5,0.5,0.0,0.0,0.9163419008255005
183,sparse_rag,กรรมการที่ได้รับการแต่งตั้งจะต้องได้รับความเห็นชอบจากหน่วยงานใด,กรรมการที่ได้รับการแต่งตั้งจะต้องได้รับความเห็นชอบจากธนาคารแห่งประเทศไทย ตามมาตรา 25 แห่งพระราชบัญญัติธุรกิจสถาบันการเงิน พ.ศ. 2551,กรรมการที่ได้รับการแต่งตั้งจะต้องได้รับความเห็นชอบธนาคารแห่งประเทศไทย,"กรรมการที่ได้รับการแต่งตั้งจะต้องได้รับความเห็นชอบธนาคารแห่งประเทศไทย  

คำอธิบาย : พรบ.ธุรกิจสถาบันการเงิน พ.ศ. 2551 มาตรา 25 การแต่งตั้งกรรมการ ผู้จัดการ ผู้มีอำนาจในการจัดการ หรือที่ปรึกษาของสถาบันการเงิน จะต้องได้รับความเห็นชอบจากธนาคารแห่งประเทศไทยก่อน ไม่ว่าจะเป็นการแต่งตั้งบุคคลใหม่หรือแต่งตั้งบุคคลเดิมให้ดำรงตำแหน่งต่อไป
 ในการให้ความเห็นชอบตามวรรคหนึ่ง ให้ธนาคารแห่งประเทศไทยพิจารณาให้แล้วเสร็จภายในสิบห้าวันทำการนับแต่วันที่ธนาคารแห่งประเทศไทยได้รับคำขอและเอกสารที่เกี่ยวข้องครบถ้วนตามที่ธนาคารแห่งประเทศไทยกำหนด หากธนาคารแห่งประเทศไทยมิได้แจ้งผลการพิจารณาให้ความเห็นชอบภายในระยะเวลาดังกล่าว ให้ถือว่าธนาคารแห่งประเทศไทยให้ความเห็นชอบในการแต่งตั้งนั้นแล้ว",1298,69,1367,0.13199369999347255,1.3390287999645807,1.4710224999580532,1,0,0.5,1.0,0.0,0.0,0.87153160572052
184,sparse_rag,ในกรณีที่ผู้ให้ความช่วยเหลือหรือความสะดวกแก่กรรมการ ผู้จัดการ ผู้มีอำนาจในการจัดการของสถาบันการเงิน ผู้สอบบัญชี หรือผู้ชำนาญการเฉพาะด้านของสถาบันการเงิน นั้นช่วยเหลือภายหลังที่การกระทำความผิดของกรรมการ ผู้จัดการ ผู้มีอำนาจในการจัดการของสถาบันการเงิน ผู้สอบบัญชี หรือผู้ชำนาญการเฉพาะด้านของสถาบันการเงิน เสร็จสิ้นลงแล้ว ถือว่าบุคคลที่ให้ความช่วยเหลือมีความผิดตามพระราชบัญญัติธุรกิจสถาบันการเงิน พ.ศ. 2551 หรือไม่,"ไม่ถือว่าบุคคลที่ให้ความช่วยเหลือมีความผิดตามพระราชบัญญัติธุรกิจสถาบันการเงิน พ.ศ. 2551 มาตรา 150 เนื่องจากมาตราดังกล่าวกำหนดว่าการช่วยเหลือหรือให้ความสะดวกต้องเกิด ""ก่อนหรือขณะ"" กระทำความผิด จึงไม่ครอบคลุมกรณีที่ช่วยเหลือหลังจากความผิดเสร็จสิ้นแล้ว",มีความผิดตาม พระราชบัญญัติธุรกิจสถาบันการเงิน พ.ศ. 2551 มาตรา 150 เนื่องจากบทบัญญัติกฎหมายได้ระบุให้รับความผิดไม่ว่าเป็นการให้ความช่วยเหลือหรือความสะดวกสบายก่อนหรือขณะกระทำความผิด,"มีความผิดตาม พระราชบัญญัติธุรกิจสถาบันการเงิน พ.ศ. 2551 มาตรา 150 เนื่องจากบทบัญญัติกฎหมายได้ระบุให้รับความผิดไม่ว่าเป็นการให้ความช่วยเหลือหรือความสะดวกสบายก่อนหรือขณะกระทำความผิด

คำอธิบาย พระราชบัญญัติธุรกิจสถาบันการเงิน พ.ศ. 2551 มาตรา 150 ผู้ใดกระทำด้วยประการใด ๆ อันเป็นการช่วยเหลือหรือให้ความสะดวกในการที่กรรมการ ผู้จัดการ ผู้มีอำนาจในการจัดการของสถาบันการเงิน ผู้สอบบัญชี หรือผู้ชำนาญการเฉพาะด้านของสถาบันการเงิน กระทำความผิดตามที่บัญญัติไว้ในมาตรา 140 มาตรา 141 มาตรา 142 มาตรา 143 มาตรา 144 มาตรา 145 มาตรา 146 หรือมาตรา 148 ไม่ว่าก่อนหรือขณะกระทำความผิด ต้องระวางโทษตามที่บัญญัติไว้สำหรับความผิดนั้น ๆ เว้นแต่ผู้นั้นมิได้รู้ถึงการช่วยเหลือหรือให้ความสะดวกนั้น",1434,131,1565,0.1928312999662012,3.3478533000452444,3.5406846000114456,1,0,0.1111111111111111,1.0,1.0,1.0,0.8560900688171387
185,sparse_rag,เมื่อธนาคารแห่งประเทศไทยมีคำสั่งปิดกิจการของสถาบันการเงินใด เนื่องจากมีความเห็นว่าสถาบันการเงินที่ถูกควบคุมไม่อาจดำเนินกิจการต่อไปได้ และรัฐมนตรีได้เพิกถอนใบอนุญาตแล้ว บุคคลใดหรือองค์กรใดมีหน้าที่อย่างไร ตามพระราชบัญญัติธุรกิจสถาบันการเงิน พ.ศ. 2551,เมื่อธนาคารแห่งประเทศไทยมีคำสั่งปิดกิจการสถาบันการเงินและรัฐมนตรีได้เพิกถอนใบอนุญาตแล้ว ตามมาตรา 111 แห่งพระราชบัญญัติธุรกิจสถาบันการเงิน พ.ศ. 2551 ให้ธนาคารแห่งประเทศไทยเป็นผู้รับผิดชอบในการดำเนินการตามคำสั่งปิดกิจการ และต้องเสนอรัฐมนตรีเพื่อเพิกถอนใบอนุญาต ซึ่งหากได้เพิกถอนไปแล้ว หน้าที่ต่อไปคือการจัดการกระบวนการชำระบัญชีและการจัดการทรัพย์สินของสถาบันการเงินนั้นตามกฎหมายที่เกี่ยวข้อง,สถาบันการเงินที่ธนาคารแห่งประเทศไทยมีคำสั่งปิดกิจการต้องชำระบัญชีสถาบันการเงิน,"สถาบันการเงินที่ธนาคารแห่งประเทศไทยมีคำสั่งปิดกิจการต้องชำระบัญชีสถาบันการเงิน

คำอธิบาย พระราชบัญญัติธุรกิจสถาบันการเงิน พ.ศ. 2551 มาตรา 112 เมื่อธนาคารแห่งประเทศไทยมีคำสั่งปิดกิจการของสถาบันการเงินใดตามมาตรา 110 วรรคสาม หรือมาตรา 111 วรรคหนึ่ง และรัฐมนตรีเพิกถอนใบอนุญาตแล้วให้ชำระบัญชีสถาบันการเงินนั้น",1439,202,1641,0.17642450000857934,4.47624759998871,4.6526720999972895,1,0,0.6666666666666666,0.0,0.0,0.0,0.9180194139480591
186,sparse_rag,การออกใบอนุญาตให้ผู้ประกอบกิจการพลังงานที่ประกอบกิจการอยู่ก่อนวันที่พระราชบัญญัตินี้ใช้บังคับและเข้าข่ายเป็นผู้ประกอบกิจการพลังงานที่ต้องขออนุญาตตามพระราชบัญญัตินี้ ยกเว้นการไฟฟ้าฝ่ายผลิตแห่งประเทศไทย การไฟฟ้านครหลวง การไฟฟ้าส่วนภูมิภาค บริษัท ปตท. จำกัด (มหาชน) และหน่วยงานของรัฐแห่งอื่น จะต้องคำนึงถึงสิ่งใดบ้าง,การออกใบอนุญาตให้ผู้ประกอบกิจการพลังงานดังกล่าวต้องคำนึงถึงสิทธิและข้อผูกพันที่มีอยู่เดิม ประโยชน์ของผู้ใช้พลังงานที่ได้รับบริการอยู่เดิม รวมทั้งการพัฒนาเพื่อให้มีการบริการที่มีคุณภาพและประสิทธิภาพ เพื่อให้บรรลุวัตถุประสงค์แห่งพระราชบัญญัติการประกอบกิจการพลังงาน พ.ศ. 2550 มาตรา 154,1. สิทธิและข้อผูกพันที่มีอยู่เดิม ประโยชน์ของผู้ใช้พลังงานที่ได้รับบริการอยู่เดิม 2. การพัฒนาเพื่อให้มีการบริการที่มีคุณภาพและประสิทธิภาพเพื่อให้บรรลุวัตถุประสงค์แห่งพระราชบัญญัติการประกอบกิจการพลังงาน พ.ศ. 2550,"1. สิทธิและข้อผูกพันที่มีอยู่เดิม ประโยชน์ของผู้ใช้พลังงานที่ได้รับบริการอยู่เดิม 
2. การพัฒนาเพื่อให้มีการบริการที่มีคุณภาพและประสิทธิภาพเพื่อให้บรรลุวัตถุประสงค์แห่งพระราชบัญญัติการประกอบกิจการพลังงาน พ.ศ. 2550

คำอธิบาย พระราชบัญญัติการประกอบกิจการพลังงาน พ.ศ. 2550 มาตรา 154 ให้ผู้ประกอบกิจการพลังงานที่ประกอบกิจการอยู่ก่อนวันที่พระราชบัญญัตินี้ใช้บังคับและเข้าข่ายเป็นผู้ประกอบกิจการพลังงานที่ต้องขออนุญาตตามพระราชบัญญัตินี้ นอกจากการไฟฟ้าฝ่ายผลิตแห่งประเทศไทย การไฟฟ้านครหลวง การไฟฟ้าส่วนภูมิภาค บริษัท ปตท. จำกัด (มหาชน) และหน่วยงานของรัฐแห่งอื่นตามมาตรา 152 ประกอบกิจการพลังงานได้ต่อไปและให้มายื่นคำขอรับใบอนุญาตตามวรรคสอง
ให้ผู้ประกอบกิจการพลังงานตามวรรคหนึ่งยื่นขอรับใบอนุญาตตามพระราชบัญญัตินี้ภายในหกสิบวันนับแต่วันที่ระเบียบของคณะกรรมการตามมาตรา 50 มีผลใช้บังคับ และเมื่อยื่นคำขอรับใบอนุญาตแล้ว ให้ประกอบกิจการได้ต่อไปจนกว่าจะได้รับแจ้งคำสั่งไม่ออกใบอนุญาตจากคณะกรรมการ
ในกรณีที่ผู้ประกอบกิจการพลังงานดังกล่าวได้รับใบอนุญาตจากหน่วยงานอื่นของรัฐก่อนวันที่พระราชบัญญัตินี้มีผลใช้บังคับ ในการออกใบอนุญาตตามวรรคสองให้คณะกรรมการคำนึงถึงสิทธิและข้อผูกพันที่มีอยู่เดิม ประโยชน์ของผู้ใช้พลังงานที่ได้รับบริการอยู่เดิม รวมทั้งการพัฒนาเพื่อให้มีการบริการที่มีคุณภาพและประสิทธิภาพเพื่อให้บรรลุวัตถุประสงค์แห่งพระราชบัญญัตินี้
การประกอบกิจการพลังงานของผู้ประกอบกิจการพลังงานตามวรรคหนึ่ง และวรรคสองจะต้องปฏิบัติตามการอนุญาตใด ๆ ที่ได้ให้ไว้ตามประกาศของคณะปฏิวัติ ฉบับที่ 58 ลงวันที่ 26 มกราคม พ.ศ. 2515 กฎหมายว่าด้วยการพัฒนาและส่งเสริมพลังงาน กฎหมายว่าด้วยการไฟฟ้าฝ่ายผลิตแห่งประเทศไทย กฎหมายว่าด้วยโรงงาน หรือกฎหมายอื่นที่เกี่ยวข้องกับการประกอบกิจการพลังงาน จนกว่าจะได้รับใบอนุญาตตามวรรคสอง",1834,160,1994,0.17307540000183508,3.5123758999980055,3.6854512999998406,1,0,0.3333333333333333,1.0,0.3333333333333333,0.3333333333333333,0.8207130432128906
187,sparse_rag,การกระทำความผิดใดที่คณะกรรมการมีอำนาจเปรียบเทียบปรับได้,"การกระทำความผิดที่คณะกรรมการมีอำนาจเปรียบเทียบปรับได้ ได้แก่ ความผิดตามมาตรา 57, 58, 60, 61, 62, 63, 64, 67 และ 69 แห่งพระราชกำหนดการประกอบธุรกิจสินทรัพย์ดิจิทัล พ.ศ. 2561 และความผิดตามมาตรา 122, 124, 125, 128, 131/1, 132 วรรคสอง และ 139 แห่งพระราชบัญญัติธุรกิจสถาบันการเงิน พ.ศ. 2551",1. ผู้ที่ไม่อำนวยความสะดวกแก่พนักงานเจ้าหน้าที่ที่เข้าไปในอาคารหรือสถานประกอบกิจการพลังงานเพื่อตรวจสอบกิจการ หรือ ในการปฏิบัติหน้าที่ใดๆ 2. ผู้ใดให้ข้อมูลที่เป็นเท็จหรือบิดเบือนแก่คณะกรรมการ และสร้างความเสียหายให้แก่ผู้ใช้พลังงาน ผู้รับใบอนุญาต หรือบุคคลอื่น 3. ผู้ใดไม่ปฏิบัติตามคำสั่งของคณะกรรมการที่สั่งการตามมาตรา 127 อันเนื่องมาจากการฝ่าฝืน มาตรา 96 วรรคหนึ่ง 4. ผู้ที่ทอดสมอเรือ หรือเกาสมอ หรือลากแห อวน หรือเครื่องจับสัตว์น้ําอย่างใด ๆ ในเขตระบบโครงข่ายพลังงานและในบริเวณป้องกันระบบโครงข่ายพลังงาน,"1. ผู้ที่ไม่อำนวยความสะดวกแก่พนักงานเจ้าหน้าที่ที่เข้าไปในอาคารหรือสถานประกอบกิจการพลังงานเพื่อตรวจสอบกิจการ หรือ ในการปฏิบัติหน้าที่ใดๆ 
2. ผู้ใดให้ข้อมูลที่เป็นเท็จหรือบิดเบือนแก่คณะกรรมการ และสร้างความเสียหายให้แก่ผู้ใช้พลังงาน ผู้รับใบอนุญาต หรือบุคคลอื่น
3. ผู้ใดไม่ปฏิบัติตามคำสั่งของคณะกรรมการที่สั่งการตามมาตรา 127 อันเนื่องมาจากการฝ่าฝืน มาตรา 96 วรรคหนึ่ง
4. ผู้ที่ทอดสมอเรือ หรือเกาสมอ หรือลากแห อวน หรือเครื่องจับสัตว์น้ําอย่างใด ๆ ในเขตระบบโครงข่ายพลังงานและในบริเวณป้องกันระบบโครงข่ายพลังงาน

คำอธิบาย : พระราชบัญญัติการประกอบกิจการพลังงาน พ.ศ. 2550 มาตรา 140 บรรดาความผิดตามมาตรา 131 มาตรา 132 มาตรา 134 หรือมาตรา 138 วรรคหนึ่ง ให้คณะกรรมการมีอำนาจเปรียบเทียบได้ และในการนี้คณะกรรมการอาจแต่งตั้งคณะอนุกรรมการเพื่อดำเนินการเปรียบเทียบแทนได้ โดยจะกำหนดหลักเกณฑ์ในการเปรียบเทียบหรือกำหนดเงื่อนไขประการใดในการปฏิบัติหน้าที่ของคณะอนุกรรมการก็ได้",1204,183,1387,0.09045610000612214,4.613340599986259,4.703796699992381,0,0,0.0,0.0,0.16666666666666666,0.16666666666666666,0.7440452575683594
188,sparse_rag,นโยบายในการกำกับดูแลกิจการพลังงานจะมีผลบังคับใช้เมื่อใด,นโยบายในการกำกับดูแลกิจการพลังงานตามพระราชบัญญัติการประกอบกิจการพลังงาน พ.ศ. 2550 จะมีผลบังคับใช้เมื่อรัฐมนตรีได้ประกาศในราชกิจจานุเบกษาแล้ว ตามมาตรา 9 วรรคสอง แห่งพระราชบัญญัติดังกล่าว,เมื่อได้ประกาศลงประราชกิจจานุเบกษา,"เมื่อได้ประกาศลงประราชกิจจานุเบกษา

คำอธิบาย : พระราชบัญญัติการประกอบกิจการพลังงาน พ.ศ. 2550 มาตรา 9 เพื่อประโยชน์ในการกำกับดูแลการประกอบกิจการพลังงานตามพระราชบัญญัตินี้ให้รัฐมนตรีมีอำนาจหน้าที่ ดังต่อไปนี้.....
บรรดาระเบียบ ข้อบังคับ ประกาศ หรือข้อกำหนดใด ๆ ที่ใช้บังคับเป็นการทั่วไป เมื่อได้ประกาศในราชกิจจานุเบกษาแล้วให้ใช้บังคับได้",1512,100,1612,0.1561690000235103,2.2932072000112385,2.4493762000347488,1,0,0.5,1.0,0.0,0.0,0.9145660400390625
189,sparse_rag,การระงับข้อพิพาทตามระเบียบของคณะกรรมการจะใช้เมื่อใด,การระงับข้อพิพาทตามระเบียบของคณะกรรมการจะใช้เมื่อมีข้อพิพาทเกิดขึ้นระหว่างผู้รับใบอนุญาตด้วยกัน ตามมาตรา 120 แห่งพระราชบัญญัติการประกอบกิจการพลังงาน พ.ศ. 2550,การระงับข้อพิพาทตามระเบียบของคณะกรรมการจะเกิดขึ้นในกรณีที่เกิดข้อพิพาทระหว่างผู้รับใบอนุญาตด้วยกัน,"การระงับข้อพิพาทตามระเบียบของคณะกรรมการจะเกิดขึ้นในกรณีที่เกิดข้อพิพาทระหว่างผู้รับใบอนุญาตด้วยกัน

คำอธิบาย : เมื่อเกิดข้อพิพาทขึ้นระหว่างผู้ใช้พลังงานและผู้รับใบอนุญาต หรือผู้รับใบอนุญาตด้วยกัน ให้พิจารณาวินิจฉัยข้อพิพาทหรือยุติข้อโต้แย้งด้วยวิธีการ ดังต่อไปนี้
(1) กรณีที่เป็นข้อพิพาทระหว่างผู้ใช้พลังงานกับผู้รับใบอนุญาต ให้ดำเนินการระงับข้อพิพาทตามมาตรา 100
(2) กรณีที่เป็นข้อพิพาทระหว่างผู้รับใบอนุญาตด้วยกัน ให้ดำเนินการระงับข้อพิพาทตามระเบียบที่คณะกรรมการประกาศกำหนด",1274,89,1363,0.15425379999214783,2.004548500000965,2.1588022999931127,1,0,0.5,1.0,0.0,0.0,0.9176472425460815
190,sparse_rag,การให้กรรมการออกจากตำแหน่งโดยการจับฉลากจะสามารถเกิดขึ้นได้เมื่อใด,การให้กรรมการออกจากตำแหน่งโดยการจับฉลากเกิดขึ้นได้เมื่อกรรมการมีวาระการดำรงตำแหน่งหกปีตามมาตรา 17 แห่งพระราชบัญญัติการประกอบกิจการพลังงาน พ.ศ. 2550 และเมื่อครบกำหนดสามปี ให้กรรมการออกจากตำแหน่งจำนวนสามคนโดยวิธีจับสลาก ซึ่งถือเป็นการพ้นจากตำแหน่งตามวาระ.,เกิดขึ้นในวาระเริ่มแรก โดยเมื่อครบ3 ปีจะให้จับฉลาก จำนวน 3 คน โดยผู้ที่จับฉลากได้นั้นจะถือว่าเป็นการพ้นจากตำแหน่งตามวาระ แต่กรรมการนั้นจะต้องอยู่ปฏิบัติหน้าที่จนกว่าจะได้กรรมใหม่,"เกิดขึ้นในวาระเริ่มแรก โดยเมื่อครบ3 ปีจะให้จับฉลาก จำนวน 3 คน โดยผู้ที่จับฉลากได้นั้นจะถือว่าเป็นการพ้นจากตำแหน่งตามวาระ แต่กรรมการนั้นจะต้องอยู่ปฏิบัติหน้าที่จนกว่าจะได้กรรมใหม่

คำอธิบาย : พระราชบัญญัติการประกอบกิจการพลังงาน พ.ศ. 2550 มาตรา 17 กรรมการมีวาระการดำรงตำแหน่งหกปีนับแต่วันที่พระมหากษัตริย์ทรงแต่งตั้งและให้ดำรงตำแหน่งได้เพียงวาระเดียว
ในวาระเริ่มแรก เมื่อครบกำหนดสามปี ให้กรรมการออกจากตำแหน่งจำนวนสามคนโดยวิธีจับสลาก และให้ถือว่าการออกจากตำแหน่งโดยการจับสลากดังกล่าวเป็นการพ้นจากตำแหน่งตามวาระ
ให้กรรมการซึ่งพ้นจากตำแหน่งตามวาระหรือโดยการจับสลากออกอยู่ในตำแหน่งเพื่อปฏิบัติหน้าที่ต่อไปจนกว่าจะได้มีการแต่งตั้งกรรมการขึ้นใหม่
เพื่อให้ได้มาซึ่งกรรมการชุดใหม่เข้ามาปฏิบัติหน้าที่เมื่อสิ้นสุดวาระของกรรมการชุดเดิมให้ดำเนินการคัดเลือกกรรมการชุดใหม่ตามมาตรา 15 เป็นการล่วงหน้าตามสมควรและให้นายกรัฐมนตรีนำความกราบบังคมทูลเพื่อทรงแต่งตั้ง",1162,126,1288,0.15691949997562915,2.4356389000313357,2.592558400006965,1,0,0.5,0.5,0.0,0.0,0.8945991396903992
191,sparse_rag,การแยกบัญชีของกองทุนพัฒนาไฟฟ้าต้องทำอย่างไร,การแยกบัญชีของกองทุนพัฒนาไฟฟ้าต้องจัดทำแยกตามกิจการที่กำหนดไว้ในมาตรา 97 (1) (2) (3) (4) และ (5) อย่างชัดเจน โดยคำนึงถึงผลกระทบต่อผู้ใช้ไฟฟ้าที่จะต้องรับภาระจากการนำส่งเงินเข้ากองทุนด้วย ตามพระราชบัญญัติการประกอบกิจการพลังงาน พ.ศ. 2550 มาตรา 96.,ต้องแยกบัญชีให้ชัดเจนสำหรับกิจการดังต่อไปนี้ ตามหลักเกณฑ์และเงื่อนไขที่คณะกรรมการกำหนด 1. เพื่อการชดเชยและอุดหนุนผู้ประกอบกิจการไฟฟ้าที่ให้บริการแก่ผู้ใช้ไฟฟ้าที่ด้อยโอกาส หรือเพื่อให้มีการให้บริการไฟฟ้าอย่างทั่วถึง หรือเพื่อส่งเสริมนโยบายในการกระจายความเจริญไปสู่ภูมิภาค 2. เพื่อการชดเชยผู้ใช้ไฟฟ้าซึ่งต้องจ่ายอัตราค่าไฟฟ้าแพงขึ้นจากการที่ผู้รับใบอนุญาตที่มีศูนย์ควบคุมระบบไฟฟ้ากระทำการเลือกปฏิบัติหรือไม่เป็นธรรม 3. เพื่อการพัฒนาหรือฟื้นฟูท้องถิ่นที่ได้รับผลกระทบจากการดำเนินงานของโรงไฟฟ้า 4. เพื่อการส่งเสริมการใช้พลังงานหมุนเวียน และเทคโนโลยีที่ใช้ในการประกอบกิจการไฟฟ้าที่มีผลกระทบต่อสิ่งแวดล้อมน้อย 5. เพื่อการส่งเสริมสังคมและประชาชนให้มีความรู้ ความตระหนัก และมีส่วนร่วมทางด้านไฟฟ้า,"ต้องแยกบัญชีให้ชัดเจนสำหรับกิจการดังต่อไปนี้ ตามหลักเกณฑ์และเงื่อนไขที่คณะกรรมการกำหนด
1. เพื่อการชดเชยและอุดหนุนผู้ประกอบกิจการไฟฟ้าที่ให้บริการแก่ผู้ใช้ไฟฟ้าที่ด้อยโอกาส หรือเพื่อให้มีการให้บริการไฟฟ้าอย่างทั่วถึง หรือเพื่อส่งเสริมนโยบายในการกระจายความเจริญไปสู่ภูมิภาค
2. เพื่อการชดเชยผู้ใช้ไฟฟ้าซึ่งต้องจ่ายอัตราค่าไฟฟ้าแพงขึ้นจากการที่ผู้รับใบอนุญาตที่มีศูนย์ควบคุมระบบไฟฟ้ากระทำการเลือกปฏิบัติหรือไม่เป็นธรรม
3. เพื่อการพัฒนาหรือฟื้นฟูท้องถิ่นที่ได้รับผลกระทบจากการดำเนินงานของโรงไฟฟ้า
4. เพื่อการส่งเสริมการใช้พลังงานหมุนเวียน และเทคโนโลยีที่ใช้ในการประกอบกิจการไฟฟ้าที่มีผลกระทบต่อสิ่งแวดล้อมน้อย
5. เพื่อการส่งเสริมสังคมและประชาชนให้มีความรู้ ความตระหนัก และมีส่วนร่วมทางด้านไฟฟ้า

คำอธิบาย : พระราชบัญญัติการประกอบกิจการพลังงาน พ.ศ. 2550 มาตรา 97 เงินกองทุนให้ใช้จ่ายเพื่อกิจการ ดังต่อไปนี้
(1) เพื่อการชดเชยและอุดหนุนผู้รับใบอนุญาตประกอบกิจการไฟฟ้าซึ่งได้ให้บริการแก่ผู้ใช้ไฟฟ้าที่ด้อยโอกาส หรือเพื่อให้มีการให้บริการไฟฟ้าอย่างทั่วถึง หรือเพื่อส่งเสริมนโยบายในการกระจายความเจริญไปสู่ภูมิภาค
(2) เพื่อการชดเชยผู้ใช้ไฟฟ้าซึ่งต้องจ่ายอัตราค่าไฟฟ้าแพงขึ้นจากการที่ผู้รับใบอนุญาตที่มีศูนย์ควบคุมระบบไฟฟ้ากระทำการฝ่าฝืนมาตรา 87 วรรคสอง
(3) เพื่อการพัฒนาหรือฟื้นฟูท้องถิ่นที่ได้รับผลกระทบจากการดำเนินงานของโรงไฟฟ้า
(4) เพื่อการส่งเสริมการใช้พลังงานหมุนเวียน และเทคโนโลยีที่ใช้ในการประกอบกิจการไฟฟ้าที่มีผลกระทบต่อสิ่งแวดล้อมน้อย
(5) เพื่อการส่งเสริมสังคมและประชาชนให้มีความรู้ ความตระหนัก และมีส่วนร่วมทางด้านไฟฟ้า
(6) เป็นค่าใช้จ่ายในการบริหารกองทุน
การใช้จ่ายเงินกองทุนตาม (1) (2) (3) (4) และ (5) ให้เป็นไปตามระเบียบที่คณะกรรมการกำหนดภายใต้กรอบนโยบายของคณะกรรมการนโยบายพลังงานแห่งชาติตามมาตรา 11 (10) และต้องจัดให้มีการแยกบัญชีตามกิจการที่ใช้จ่ายอย่างชัดเจน",1230,138,1368,0.13177320000249892,3.251195800025016,3.382969000027515,0,0,0.0,0.0,1.0,1.0,0.783348023891449
192,sparse_rag,ใครเป็นผู้กำหนดคุณสมบัติของผู้ขอรับใบอนุญาต หลักเกณฑ์ วิธีการ และเงื่อนไขการขอรับใบอนุญาตและการออกใบอนุญาต รวมทั้งอัตราค่าธรรมเนียมใบอนุญาต และอัตราค่าธรรมเนียมการประกอบกิจการพลังงาน,คุณสมบัติของผู้ขอรับใบอนุญาต หลักเกณฑ์ วิธีการ และเงื่อนไขการขอรับใบอนุญาตและการออกใบอนุญาต รวมทั้งอัตราค่าธรรมเนียมใบอนุญาต และอัตราค่าธรรมเนียมการประกอบกิจการพลังงาน ให้เป็นไปตามระเบียบที่คณะกรรมการประกาศกำหนด ตามมาตรา 50 แห่งพระราชบัญญัติการประกอบกิจการพลังงาน พ.ศ. 2550,คณะกรรมการกำกับกิจการพลังงาน,"คณะกรรมการกำกับกิจการพลังงาน

คำอธิบาย : พระราชบัญญัติการประกอบกิจการพลังงาน พ.ศ. 2550 มาตรา 50 คุณสมบัติของผู้ขอรับใบอนุญาต หลักเกณฑ์ วิธีการ และเงื่อนไขการขอรับใบอนุญาตและการออกใบอนุญาต รวมทั้งอัตราค่าธรรมเนียมใบอนุญาต และอัตราค่าธรรมเนียมการประกอบกิจการพลังงาน ให้เป็นไปตามระเบียบที่คณะกรรมการประกาศกำหนด ซึ่งต้องสอดคล้องกับแผนตามมาตรา 9 (3) หรือนโยบายด้านพลังงานที่คณะรัฐมนตรีพิจารณาอนุมัติ",1155,141,1296,0.14550489996327087,3.126821900019422,3.272326799982693,1,0,0.5,1.0,0.0,0.0,0.9370310306549072
193,sparse_rag,เลขาธิการคณะกรรมการกำกับกิจการพลังงานสามารถพ้นจากตำแหน่งก่อนวาระได้หรือไม่ อย่างไร,"เลขาธิการคณะกรรมการกำกับกิจการพลังงานสามารถพ้นจากตำแหน่งก่อนวาระได้ตามมาตรา 37 แห่งพระราชบัญญัติการประกอบกิจการพลังงาน พ.ศ. 2550 ในกรณีดังต่อไปนี้: ตาย, ลาออก, ขาดคุณสมบัติหรือมีลักษณะต้องห้ามตามมาตรา 13 หรือมาตรา 16 วรรคหนึ่ง, หรือคณะกรรมการมีมติด้วยคะแนนเสียงไม่น้อยกว่าสองในสามให้ออก เนื่องจากมีความประพฤติเสื่อมเสียอย่างร้ายแรง บกพร่องในหน้าที่อย่างร้ายแรง หรือไม่สามารถปฏิบัติหน้าที่ได้.",ได้ โดยจะพ้นจากตำแหน่งเมื่อ 1. ตาย 2. อายุครบ 60 บริบูรณ์ 3. ขาดคุณสมบัติหรือมีลักษณะต้องห้ามตามที่กฎหมายกำหนด 4. คณะกรรมการให้ออกเพราะมีความประพฤติเสื่อมเสียอย่างร้ายแรง หรือบกพร่องในหน้าที่ หรือไม่สามารถปฏิบัติหน้าที่ได้,"ได้ โดยจะพ้นจากตำแหน่งเมื่อ
1. ตาย
2. อายุครบ 60 บริบูรณ์
3. ขาดคุณสมบัติหรือมีลักษณะต้องห้ามตามที่กฎหมายกำหนด
4. คณะกรรมการให้ออกเพราะมีความประพฤติเสื่อมเสียอย่างร้ายแรง หรือบกพร่องในหน้าที่ หรือไม่สามารถปฏิบัติหน้าที่ได้

คำอธิบาย : พระราชบัญญัติการประกอบกิจการพลังงาน พ.ศ. 2550 มาตรา 37 นอกจากการพ้นจากตำแหน่งตามวาระตามมาตรา 36 หรือตามสัญญาจ้างเลขาธิการพ้นจากตำแหน่งเมื่อ
(1) ตาย
(2) มีอายุครบหกสิบปีบริบูรณ์
(3) ลาออก
(4) ขาดคุณสมบัติหรือมีลักษณะต้องห้ามตามมาตรา 13 หรือมาตรา 16 วรรคหนึ่ง
(5) คณะกรรมการมีมติด้วยคะแนนเสียงไม่น้อยกว่าสองในสามของจำนวนกรรมการที่มีอยู่ให้ออก เพราะมีความประพฤติเสื่อมเสียอย่างร้ายแรง บกพร่องในหน้าที่อย่างร้ายแรง หรือไม่สามารถปฏิบัติหน้าที่ได้",1126,208,1334,0.1328242000308819,3.975987699988764,4.108811900019646,1,0,0.25,1.0,0.0,0.0,0.9121487140655518
194,sparse_rag,ผู้รับใบอนุญาตจะต้องทำอย่างไรเพื่อให้ระบบโครงข่ายพลังงานและอุปกรณ์ทำงานได้ตามมาตรฐานและมีประสิทธิภาพ,ผู้รับใบอนุญาตต้องบำรุงรักษา ซ่อมแซม และแก้ไขปรับปรุงระบบโครงข่ายพลังงาน อุปกรณ์ หรือเครื่องมือที่ใช้ในการประกอบกิจการพลังงานให้ใช้งานได้อย่างมีประสิทธิภาพและมีมาตรฐานตามระเบียบที่ออกตามมาตรา 72 วรรคหนึ่ง ตามพระราชบัญญัติการประกอบกิจการพลังงาน พ.ศ. 2550 มาตรา 74 และต้องปฏิบัติตามมาตรฐานของอุปกรณ์ที่ใช้เชื่อมต่อกับระบบโครงข่ายพลังงาน รวมถึงการตรวจสอบและรับรองผลการตรวจสอบตามระเบียบที่คณะกรรมการประกาศกำหนด ตามมาตรา 73,ผู้รับใบอนุญาตจำเป็นที่จะต้องบำรุงรักษา ซ่อมแซม และแก้ไขปรับปรุงระบบให้มีมาตรฐานและมีประสิทธิภาพเสมอ,"ผู้รับใบอนุญาตจำเป็นที่จะต้องบำรุงรักษา ซ่อมแซม และแก้ไขปรับปรุงระบบให้มีมาตรฐานและมีประสิทธิภาพเสมอ

คำอธิบาย : พระราชบัญญัติการประกอบกิจการพลังงาน พ.ศ. 2550 มาตรา 74 ผู้รับใบอนุญาตต้องบำรุงรักษา ซ่อมแซม และแก้ไขปรับปรุงระบบโครงข่ายพลังงานอุปกรณ์ หรือเครื่องมือต่าง ๆ ที่ใช้ในการประกอบกิจการพลังงานให้ใช้งานได้อย่างมีประสิทธิภาพและมีมาตรฐานตามระเบียบที่ออกตามมาตรา 72 วรรคหนึ่ง ในกรณีที่เกิดความชำรุดเสียหายจะต้องดำเนินการแก้ไขให้สามารถใช้งานได้โดยเร็ว",1102,200,1302,0.15413169999374077,4.531853299995419,4.685984999989159,1,0,0.5,1.0,0.0,0.0,0.9517962336540222
195,sparse_rag,หน่วยงานรัฐใดที่ประกอบกิจการพลังงาน แต่ไม่เข้าตามหลักเกณฑ์ของมาตรา 152 แห่งพระราชบัญญัติการประกอบกิจการพลังงาน พ.ศ. 2550,หน่วยงานของรัฐที่ประกอบกิจการพลังงานแต่ไม่เข้าตามหลักเกณฑ์ของมาตรา 152 แห่งพระราชบัญญัติการประกอบกิจการพลังงาน พ.ศ. 2550 ได้แก่ การไฟฟ้าฝ่ายผลิตแห่งประเทศไทย การไฟฟ้านครหลวง การไฟฟ้าส่วนภูมิภาค และบริษัท ปตท. จำกัด (มหาชน) เนื่องจากมาตรา 152 ระบุว่าให้นำบทบัญญัติมาตรา 146 และมาตรา 150 มาใช้บังคับโดยอนุโลมเฉพาะหน่วยงานของรัฐอื่นนอกจากหน่วยงานทั้งสี่นี้.,การไฟฟ้าฝ่ายผลิตแห่งประเทศไทย การไฟฟ้านครหลวง การไฟฟ้าส่วนภูมิภาค และบริษัท ปตท.จำกัด (มหาชน),"การไฟฟ้าฝ่ายผลิตแห่งประเทศไทย การไฟฟ้านครหลวง การไฟฟ้าส่วนภูมิภาค และบริษัท ปตท.จำกัด (มหาชน) 

คำอธิบาย พระราชบัญญัติการประกอบกิจการพลังงาน พ.ศ. 2550 มาตรา 152 สำหรับการประกอบกิจการพลังงานของหน่วยงานของรัฐแห่งอื่นนอกจากการไฟฟ้าฝ่ายผลิตแห่งประเทศไทย การไฟฟ้านครหลวง การไฟฟ้าส่วนภูมิภาค และบริษัท ปตท.จำกัด (มหาชน) ให้นำบทบัญญัติในมาตรา 146 และมาตรา 150 มาใช้บังคับโดยอนุโลม",1566,192,1758,0.1498509999946691,3.9994743000133894,4.1493253000080585,1,0,0.3333333333333333,1.0,0.0,0.0,0.9417895078659058
196,sparse_rag,การทำให้ทรัพย์สินหรือทรัพยากรของสถานประกอบกิจการพลังงานเสื่อมค่าหรือไร้ประโยชน์ถือว่ามีความผิดตามกฎหมายหรือไม่,ใช่ การทำให้ทรัพย์สินหรือทรัพยากรของสถานประกอบกิจการพลังงานเสื่อมค่าหรือไร้ประโยชน์ถือเป็นความผิดตามมาตรา 117 แห่งพระราชบัญญัติการประกอบกิจการพลังงาน พ.ศ. 2550 ซึ่งห้ามมิให้ผู้ใดกระทำการใด ๆ ที่อาจเป็นอันตรายแก่สถานประกอบกิจการพลังงาน รวมถึงการทำให้ทรัพย์สินเสื่อมค่าหรือไร้ประโยชน์,มีความผิด ต้องระวางโทษจำคุกไม่เกินสิบปี หรือปรับไม่เกินสิบล้านบาท หรือทั้งจำทั้งปรับ,"มีความผิด ต้องระวางโทษจำคุกไม่เกินสิบปี หรือปรับไม่เกินสิบล้านบาท หรือทั้งจำทั้งปรับ

คำอธิบาย : พระราชบัญญัติการประกอบกิจการพลังงาน พ.ศ. 2550 มาตรา 137 ผู้ใดฝ่าฝืนมาตรา 116 วรรคสอง หรือมาตรา 117 ต้องระวางโทษจำคุกไม่เกินสิบปี หรือปรับไม่เกินสิบล้านบาท หรือทั้งจำทั้งปรับ",1095,150,1245,0.1597427999950014,3.2137415999895893,3.3734843999845907,1,0,0.3333333333333333,0.0,0.0,0.0,0.8067933320999146
197,sparse_rag,ในการออกระเบียบข้อบังคับ ข้อกำหนด ประกาศ หรือคำสั่งที่มีผลกระทบต่อสาธารณชนจะต้องทำอย่างไร,ตามมาตรา 28 แห่งพระราชบัญญัติการประกอบกิจการพลังงาน พ.ศ. 2550 ในการออกระเบียบ ข้อบังคับ ประกาศ ข้อกำหนด หรือคำสั่งที่มีผลกระทบต่อสาธารณชน ต้องชี้แจงเหตุผลในการดำเนินการดังกล่าวในระบบเครือข่ายคอมพิวเตอร์ของสำนักงานด้วย,คณะกรรมการต้องชี้แจงเหตุผลในการออกระเบียบข้อบังคับที่มีผลกระทบต่อบุคคล หรือกลุ่มบุคคล หรือผู้ได้รับใบอนุญาต เป็นหนังสือภายใน 60 วันหากมีการร้องขอ และชี้แจงเหตุผลการดำเนินการในระบบเครือข่ายคอมพิวเตอร์ของสำนักงานหากการดำเนินการนั้นมีผลกระทบต่อสาธารณชน.,"คณะกรรมการต้องชี้แจงเหตุผลในการออกระเบียบข้อบังคับที่มีผลกระทบต่อบุคคล หรือกลุ่มบุคคล หรือผู้ได้รับใบอนุญาต เป็นหนังสือภายใน 60 วันหากมีการร้องขอ และชี้แจงเหตุผลการดำเนินการในระบบเครือข่ายคอมพิวเตอร์ของสำนักงานหากการดำเนินการนั้นมีผลกระทบต่อสาธารณชน

คำอธิบาย : พระราชบัญญัติการประกอบกิจการพลังงาน พ.ศ. 2550 มาตรา 28 ในการออกระเบียบ ข้อบังคับ ประกาศ ข้อกำหนด หรือคำสั่งใดของคณะกรรมการ ให้มีการบันทึกมติที่ประชุม พร้อมข้อเท็จจริงและเหตุผลซึ่งประกอบด้วยรายละเอียดเกี่ยวกับระเบียบ ข้อบังคับ ประกาศ ข้อกำหนด หรือคำสั่งนั้นไว้ในรายงานการประชุมของคณะกรรมการ
ให้สำนักงานสรุปรายงานการประชุมของคณะกรรมการไว้ในรายงานประจำปีของสำนักงานซึ่งต้องมีรายละเอียดเกี่ยวกับจำนวนครั้งที่กรรมการเข้าประชุมและขาดประชุม และต้องมีการตีพิมพ์ เพื่อเผยแพร่แก่ผู้สนใจหรือลงในระบบเครือข่ายคอมพิวเตอร์ของสำนักงานด้วย
ให้คณะกรรมการชี้แจงเหตุผลในการออกระเบียบ ข้อบังคับ ประกาศ ข้อกำหนด หรือคำสั่งใดที่มีผลกระทบต่อบุคคล กลุ่มบุคคล หรือผู้รับใบอนุญาตเป็นหนังสือภายในหกสิบวัน หากบุคคล กลุ่มบุคคล หรือผู้รับใบอนุญาตที่ได้รับผลกระทบนั้นร้องขอ และหากการดำ เนินการของคณะกรรมการดังกล่าวมีผลกระทบต่อสาธารณชนให้ชี้แจงเหตุผลในการดำเนินการดังกล่าวในระบบเครือข่ายคอมพิวเตอร์ของสำนักงานด้วย",1359,112,1471,0.13575560000026599,2.693803200032562,2.829558800032828,1,0,0.5,0.5,0.0,0.0,0.8253029584884644
198,sparse_rag,หากไม่สามารถตกลงกันได้เกี่ยวกับการดำเนินการเพื่อขจัดการรบกวนหรืออุปสรรค หรือหากไม่สามารถดำเนินการตามข้อตกลงได้ ผู้รับใบอนุญาตและเจ้าของหรือผู้ทรงสิทธิอื่นจะต้องดำเนินการอย่างไร,หากไม่สามารถตกลงกันได้หรือไม่สามารถดำเนินการตามข้อตกลงได้ ผู้รับใบอนุญาต เจ้าของ ผู้มีสิทธิครอบครอง หรือผู้ทรงสิทธิอื่น ต้องยื่นคำร้องขอต่อคณะกรรมการเพื่อวินิจฉัยชี้ขาด โดยตามมาตรา 111 แห่งพระราชบัญญัติการประกอบกิจการพลังงาน พ.ศ. 2550,ผู้รับใบอนุญาตและเจ้าของหรือผู้ทรงสิทธิอื่นต้องยื่นคำร้องขอต่อคณะกรรมการเพื่อวินิจฉัยชี้ขาด,"ผู้รับใบอนุญาตและเจ้าของหรือผู้ทรงสิทธิอื่นต้องยื่นคำร้องขอต่อคณะกรรมการเพื่อวินิจฉัยชี้ขาด เมื่อคณะกรรมการได้รับคำร้องขอ จะต้องส่งสำเนาคำร้องขอให้ผู้รับใบอนุญาตและเจ้าของหรือผู้ทรงสิทธิอื่นทราบภายในสามสิบวันนับแต่วันที่ได้รับคำร้องขอ ผู้รับสำเนาคำร้องขอสามารถแสดงความเห็นเป็นหนังสือต่อคณะกรรมการภายในสิบห้าวันนับแต่วันได้รับสำเนาคำร้องขอ หลังจากนั้น คณะกรรมการจะชี้ขาดและแจ้งคำวินิจฉัยชี้ขาดให้ทราบโดยไม่ชักช้า โดยระบุการดำเนินการเพื่อขจัดการรบกวนหรืออุปสรรค, กำหนดเวลาที่ต้องดำเนินการ, ผู้รับผิดชอบค่าใช้จ่าย และวิธีการชำระค่าใช้จ่ายนั้น โดยที่คำวินิจฉัยของคณะกรรมการสามารถอุทธรณ์ได้ภายในหกสิบวันนับแต่วันที่ทราบคำวินิจฉัย และหากคณะกรรมการวินิจฉัยชี้ขาดแล้ว ผู้รับใบอนุญาตหรือผู้มีส่วนได้เสียสามารถอุทธรณ์คำวินิจฉัยต่อคณะกรรมการได้ภายใน หกสิบวันนับแต่วันที่ทราบ โดยคำวินิจฉัยอุทธรณ์ถือเป็นที่สุด

คำอธิบาย : พระราชบัญญัติการประกอบกิจการพลังงาน พ.ศ. 2550 มาตรา 111 ในกรณีที่ระบบโครงข่ายพลังงานตามมาตรา 107 หรืออุปกรณ์ที่ใช้ในการประกอบกิจการระบบโครงข่ายพลังงานก่อให้เกิดการรบกวนหรือเป็นอุปสรรคอย่างร้ายแรงต่อการใช้ประโยชน์จากอสังหาริมทรัพย์ของเจ้าของ ผู้มีสิทธิครอบครอง หรือผู้ทรงสิทธิอื่น อันเนื่องมาจากการเปลี่ยนแปลงในวัตถุประสงค์ หรือวิธีการใช้ประโยชน์จากอสังหาริมทรัพย์นั้น เมื่อเจ้าของ ผู้มีสิทธิครอบครอง หรือผู้ทรงสิทธิอื่นร้องขอ ผู้รับใบอนุญาตต้องดำเนินการเพื่อขจัดการรบกวนหรืออุปสรรคดังกล่าว เว้นแต่การดำเนินการนั้นจะกระทบกระเทือนอย่างร้ายแรงต่อการดำเนินการของผู้รับใบอนุญาตหรือดำเนินการได้อย่างยากยิ่งทางวิศวกรรม ในกรณีนี้ให้ผู้รับใบอนุญาตและเจ้าของผู้มีสิทธิครอบครอง หรือผู้ทรงสิทธิอื่น ทำการตกลงกันเกี่ยวกับการดำเนินการเพื่อขจัดการรบกวนหรืออุปสรรคดังกล่าว โดยกำหนดเวลาซึ่งต้องดำเนินการ ผู้รับผิดชอบค่าใช้จ่ายในการดำเนินการ และวิธีการชำระค่าใช้จ่ายนั้น
ในกรณีที่ไม่สามารถตกลงกันได้หรือในกรณีที่ได้ตกลงกันแล้วแต่ไม่สามารถดำเนินการตามข้อตกลงได้ ให้ผู้รับใบอนุญาต เจ้าของ ผู้มีสิทธิครอบครอง หรือผู้ทรงสิทธิอื่น ยื่นคำร้องขอต่อคณะกรรมการเพื่อวินิจฉัยชี้ขาด
เมื่อคณะกรรมการได้รับคำร้องขอ ให้ส่งสำเนาคำร้องขอดังกล่าวให้ผู้รับใบอนุญาตและเจ้าของ ผู้มีสิทธิครอบครอง หรือผู้ทรงสิทธิอื่นนั้น แล้วแต่กรณี ทราบภายในสามสิบวันนับแต่วันที่ได้รับคำร้องขอ ผู้รับสำเนาคำร้องขออาจแสดงความเห็นเป็นหนังสือต่อคณะกรรมการภายในสิบห้าวันนับแต่วันได้รับสำเนาคำร้องขอ เมื่อพ้นระยะเวลาดังกล่าวให้คณะกรรมการชี้ขาดและแจ้งคำวินิจฉัยชี้ขาดให้ผู้รับใบอนุญาตและเจ้าของ ผู้มีสิทธิครอบครอง หรือผู้ทรงสิทธิอื่นทราบโดยไม่ชักช้า คำวินิจฉัยต้องระบุการดำเนินการเพื่อขจัดการรบกวนหรืออุปสรรคดังกล่าว กำหนดเวลาซึ่งต้องดำเนินการ ผู้รับผิดชอบค่าใช้จ่ายในการดำเนินการ และวิธีการชำระค่าใช้จ่ายนั้น
เมื่อคณะกรรมการมีคำวินิจฉัยชี้ขาดแล้ว ให้ผู้รับใบอนุญาตหรือผู้มีส่วนได้เสียมีสิทธิอุทธรณ์คำวินิจฉัยชี้ขาดต่อคณะกรรมการภายในหกสิบวันนับแต่วันที่ทราบคำวินิจฉัยชี้ขาด
คำวินิจฉัยอุทธรณ์ของคณะกรรมการให้เป็นที่สุด
หลักเกณฑ์ วิธีการ และเงื่อนไขการอุทธรณ์และการพิจารณาอุทธรณ์ ให้เป็นไปตามระเบียบที่คณะกรรมการประกาศกำหนด",2351,128,2479,0.16690970002673566,2.9853358999826014,3.152245600009337,1,0,0.5,1.0,0.0,0.0,0.7378455996513367
199,sparse_rag,หากเลขาธิการหรือพนักงานถือหุ้นโดยการซื้อในตลาดหลักทรัพย์สามารถทำได้หรือไม่,"ตามพระราชบัญญัติหลักทรัพย์และตลาดหลักทรัพย์ พ.ศ. 2535 มาตรา 21 (5) ห้ามเลขาธิการดำรงตำแหน่งหรือมีผลประโยชน์เกี่ยวข้องในบริษัทหลักทรัพย์ ซึ่งรวมถึงการถือหุ้นในบริษัทที่จดทะเบียนในตลาดหลักทรัพย์ด้วย ดังนั้น เลขาธิการไม่สามารถถือหุ้นโดยการซื้อในตลาดหลักทรัพย์ได้ หากเป็นหุ้นของบริษัทหลักทรัพย์ หรือมีผลประโยชน์เกี่ยวข้องกับบริษัทนั้น

สำหรับพนักงาน แม้ไม่มีข้อห้ามโดยตรงในมาตราที่ระบุ แต่เนื่องจากพนักงานอยู่ภายใต้การบังคับบัญชาของเลขาธิการ (มาตรา 23) และต้องปฏิบัติตามนโยบายของสำนักงาน ก.ล.ต. ซึ่งมีวัตถุประสงค์เพื่อรักษาความโปร่งใสและความน่าเชื่อถือของตลาดหลักทรัพย์ การถือหุ้นอาจถือเป็นการมีผลประโยชน์ทับซ้อนได้ จึงควรตรวจสอบนโยบายภายในของสำนักงาน ก.ล.ต. เพิ่มเติม แต่หากเป็นการถือหุ้นในบริษัทที่ไม่เกี่ยวข้องกับหน้าที่งาน อาจไม่ผิดกฎหมายโดยตรง แต่ต้องไม่ขัดต่อจรรยาบรรณวิชาชีพและข้อบังคับของสำนักงาน",ทำได้ แต่ต้องมีจำนวนตามที่คณะกรรมการป้องกันและปราบปรามการทุจริตแห่งชาติกำหนด,"ทำได้ แต่ต้องมีจำนวนตามที่คณะกรรมการป้องกันและปราบปรามการทุจริตแห่งชาติกำหนด

คำอธิบาย : พระราชบัญญัติการประกอบกิจการพลังงาน พ.ศ. 2550 มาตรา 38 ให้นำบทบัญญัติในมาตรา 20 และมาตรา 21 มาใช้บังคับกับเลขาธิการและพนักงานในตำแหน่งที่คณะกรรมการกำหนดด้วย",1213,457,1670,0.13557699997909367,9.080984100000933,9.216561099980026,0,0,0.0,0.0,0.0,0.0,0.796907901763916
200,sparse_rag,เงิน สินทรัพย์ หรือรายได้ของกองทุนพัฒนาไฟฟ้ามาจากที่ใด,"เงิน สินทรัพย์ หรือรายได้ของกองทุนพัฒนาไฟฟ้ามาจากการได้รับเงินตามมาตรา 96, เงินค่าปรับจากผู้รับใบอนุญาตประกอบกิจการไฟฟ้าตามมาตรา 128 และมาตรา 140, เงินหรือทรัพย์สินที่มีผู้บริจาคให้, และดอกผลหรือผลประโยชน์ใด ๆ ที่เกิดจากเงินหรือทรัพย์สินของกองทุน ตามพระราชบัญญัติการประกอบกิจการพลังงาน พ.ศ. 2550 มาตรา 94","1. เงินที่ได้หักจากอัตราค่าบริการไฟฟ้าตามที่กฎหมายกำหนด
2. เงินค่าปรับจากผู้ประกอบกิจการไฟฟ้า
3. เงินหรือทรัพย์สินที่มีผู้บริจาคให้
4. ดอกผลหรือประโยชน์ใดๆที่เกิดจากเงินหรือทรัพย์สินของกองทุน","1. เงินที่ได้หักจากอัตราค่าบริการไฟฟ้าตามที่กฎหมายกำหนด
2. เงินค่าปรับจากผู้ประกอบกิจการไฟฟ้า
3. เงินหรือทรัพย์สินที่มีผู้บริจาคให้
4. ดอกผลหรือประโยชน์ใดๆที่เกิดจากเงินหรือทรัพย์สินของกองทุน

คำอธิบาย : พระราชบัญญัติการประกอบกิจการพลังงาน พ.ศ. 2550 มาตรา 94 กองทุนประกอบด้วย
(1) เงินที่ได้รับตามมาตรา 96
(2) เงินค่าปรับจากผู้รับใบอนุญาตประกอบกิจการไฟฟ้าตามมาตรา 128 และมาตรา 140
(3) เงินหรือทรัพย์สินที่มีผู้บริจาคให้
(4) ดอกผลหรือผลประโยชน์ใด ๆ ที่เกิดจากเงินหรือทรัพย์สินของกองทุน
เงินและทรัพย์สินที่เป็นของกองทุนไม่ต้องนำส่งคลังเป็นรายได้แผ่นดินตามกฎหมายว่าด้วยเงินคงคลังและกฎหมายว่าด้วยวิธีการงบประมาณ",1165,172,1337,0.14764590002596378,3.0942159999976866,3.2418619000236504,1,0,0.25,0.5,0.0,0.0,0.8890218734741211
201,sparse_rag,หากพนักงานเจ้าหน้าที่ขอเอกสารตอนเข้าตรวจสถานที่ พนักงานไม่ให้เอกสารได้หรือไม่,ไม่ได้ พนักงานเจ้าหน้าที่มีอำนาจสั่งให้บุคคลที่เกี่ยวข้องมาให้ถ้อยคำหรือส่งสำเนาหรือแสดงสมุดบัญชี เอกสาร หลักฐาน หรือวัตถุใดที่เกี่ยวข้องหรือจำเป็นแก่การปฏิบัติหน้าที่ได้ตามมาตรา 30 วรรค (4) และ (5) แห่งพระราชกำหนดนิติบุคคลเฉพาะกิจเพื่อการแปลงสินทรัพย์เป็นหลักทรัพย์ พ.ศ. 2540 หากพนักงานไม่ให้เอกสารตามคำสั่ง อาจถือว่าฝ่าฝืนกฎหมายและอาจมีความผิดตามบทบัญญัติของกฎหมายนั้นได้,ไม่ได้ หากพนักงานไม่ให้เอกสารหรืออำนวยความสะดวกให้แก่พนักงานเจ้าหน้าที่จะมีความผิด ต้องระวางโทษจำคุกไม่เกินหกเดือน หรือปรับไม่เกินหนึ่งหมื่นบาท หรือทั้งจำทั้งปรับ,"ไม่ได้ หากพนักงานไม่ให้เอกสารหรืออำนวยความสะดวกให้แก่พนักงานเจ้าหน้าที่จะมีความผิด ต้องระวางโทษจำคุกไม่เกินหกเดือน หรือปรับไม่เกินหนึ่งหมื่นบาท หรือทั้งจำทั้งปรับ

คำอธิบาย : พระราชบัญญัติการประกอบกิจการพลังงาน พ.ศ. 2550 มาตรา 131 ผู้ใดไม่อำนวยความสะดวกแก่พนักงานเจ้าหน้าที่ตามมาตรา 122 หรือมาตรา 123 ต้องระวางโทษจำคุกไม่เกินหกเดือน หรือปรับไม่เกินหนึ่งหมื่นบาท หรือทั้งจำทั้งปรับ",1870,214,2084,0.13421719998586923,4.389842000033241,4.52405920001911,0,0,0.0,0.0,0.0,0.0,0.8248347640037537
202,sparse_rag,หากได้คณะกรรมการกำกับกิจการพลังงานไม่ครบต้องทำอย่างไร,ตามมาตรา 10 แห่งพระราชบัญญัติการประกอบกิจการพลังงาน พ.ศ. 2550 คณะกรรมการกำกับกิจการพลังงานประกอบด้วยประธานกรรมการหนึ่งคนและกรรมการอีกหกคน ซึ่งพระมหากษัตริย์ทรงแต่งตั้ง ดังนั้น หากคณะกรรมการไม่ครบองค์ประชุม ต้องดำเนินการแต่งตั้งกรรมการให้ครบตามจำนวนที่กฎหมายกำหนดก่อนจึงจะสามารถดำเนินการตามอำนาจหน้าที่ได้,หากไม่ครบตามจำนวน ให้คณะกรรมการสรรหาทำการคัดเลือกจากตามคุณลักษณะและคุณสมบัติที่กำหนดเพิ่มให้ครบจำนวน เพื่อเสนอรัฐมนตรีให้นำเสนอต่คณะรัฐมนตรีเพื่อพิจารณาอนุมัติต่อไป,"หากไม่ครบตามจำนวน ให้คณะกรรมการสรรหาทำการคัดเลือกจากตามคุณลักษณะและคุณสมบัติที่กำหนดเพิ่มให้ครบจำนวน เพื่อเสนอรัฐมนตรีให้นำเสนอต่คณะรัฐมนตรีเพื่อพิจารณาอนุมัติต่อไป

คำอธิบาย : พระราชบัญญัติการประกอบกิจการพลังงาน พ.ศ. 2550 มาตรา 15 การคัดเลือกและแต่งตั้งกรรมการให้ดำเนินการ ดังต่อไปนี้
(1) ให้คณะกรรมการสรรหาพิจารณาคัดเลือกบุคคลผู้มีความรู้ความเข้าใจ และมีความเชี่ยวชาญหรือมีประสบการณ์ตามมาตรา 12 รวมทั้งมีคุณสมบัติและไม่มีลักษณะต้องห้ามตามมาตรา 13 จำนวนเจ็ดคนเสนอต่อรัฐมนตรี พร้อมทั้งรายละเอียดของบุคคลดังกล่าวซึ่งต้องระบุชัดเจนหรือมีหลักฐานแสดงให้เห็นได้ว่าเป็นบุคคลที่มีความเหมาะสมในด้านหนึ่งด้านใดตามมาตรา 12 และความยินยอมเป็นหนังสือของผู้ได้รับการเสนอชื่อนั้น รวมทั้งต้องเปิดเผยข้อมูลรายละเอียดของบุคคลที่ได้รับการเสนอชื่อต่อสาธารณชน
(2) ให้รัฐมนตรีเสนอชื่อผู้ได้รับคัดเลือกพร้อมทั้งรายละเอียดตาม (1) ต่อคณะรัฐมนตรีเพื่อพิจารณาอนุมัติ
(3) ในกรณีที่มีผู้ได้รับอนุมัติไม่ครบจำนวนกรรมการที่จะได้รับแต่งตั้ง ให้คณะกรรมการสรรหาพิจารณาคัดเลือกบุคคลตาม (1) เสนอรัฐมนตรีเพื่อนำเสนอคณะรัฐมนตรีพิจารณาอนุมัติต่อไป
(4) ในการแต่งตั้งกรรมการครั้งแรก เมื่อคณะรัฐมนตรีได้อนุมัติบุคคลเป็นกรรมการครบจำนวนแล้ว ให้บุคคลดังกล่าวประชุมร่วมกันเพื่อเลือกกันเองให้คนหนึ่งเป็นประธานกรรมการแล้วแจ้งให้นายกรัฐมนตรีทราบเพื่อนำความกราบบังคมทูลเพื่อทรงแต่งตั้งเป็นประธานกรรมการและกรรมการ
ในการปฏิบัติหน้าที่ตามมาตรานี้ ให้กรรมการสรรหาเป็นเจ้าพนักงานตามประมวลกฎหมายอาญา
กำหนดระยะเวลา หลักเกณฑ์ วิธีการ และเงื่อนไขการคัดเลือกกรรมการให้เป็นไปตามที่รัฐมนตรีประกาศกำหนด",895,147,1042,0.1348310000030324,3.30077450000681,3.435605500009842,0,0,0.0,0.0,0.0,0.0,0.7714062929153442
203,sparse_rag,สิ่งที่ต้องคำนึงถึงในการออกหลักเกณฑ์เงื่อนไขการขอรับใบอนุญาตคืออะไร,ต้องคำนึงถึงความแตกต่างของประเภท ขนาด และลักษณะของกิจการพลังงาน ไม่ให้เกิดภาระเกินสมควรแก่ผู้รับใบอนุญาต ไม่เป็นผลให้เกิดการจำกัดการแข่งขัน และต้องให้มีการปฏิบัติอย่างเท่าเทียมกันระหว่างผู้รับใบอนุญาตที่ประกอบกิจการในประเภท ขนาด และลักษณะเดียวกัน ตามมาตรา 51 แห่งพระราชบัญญัติการประกอบกิจการพลังงาน พ.ศ. 2550,ความแตกต่างของประเภท ขนาด และลักษณะของกิจการ ไม่ทำให้เกิดภาระเกินสมควรแก่ผู้ประกอบการ ไม่เกิดการจำกัดการแข่งขัน และผู้ประกอบการจะต้องได้รับการปฏิบัติอย่างเท่าเทียมกัน,"ความแตกต่างของประเภท ขนาด และลักษณะของกิจการ ไม่ทำให้เกิดภาระเกินสมควรแก่ผู้ประกอบการ ไม่เกิดการจำกัดการแข่งขัน และผู้ประกอบการจะต้องได้รับการปฏิบัติอย่างเท่าเทียมกัน

คำอธิบาย : พระราชบัญญัติการประกอบกิจการพลังงาน พ.ศ. 2550 มาตรา 51 หลักเกณฑ์ วิธีการ และเงื่อนไขการออกใบอนุญาตที่คณะกรรมการกำหนดตามมาตรา 50 ต้องคำนึงถึงความแตกต่างของประเภท ขนาด และลักษณะของกิจการพลังงาน และต้องไม่ทำให้เกิดภาระเกินสมควรแก่การประกอบกิจการพลังงานของผู้รับใบอนุญาต และไม่เป็นผลให้เกิดการจำกัดการแข่งขัน รวมทั้งต้องให้มีการปฏิบัติอย่างเท่าเทียมกันในระหว่างผู้รับใบอนุญาตที่ประกอบกิจการพลังงานในประเภท ขนาด และลักษณะเดียวกัน",1542,157,1699,0.14798299997346476,2.7265170000027865,2.8744999999762513,1,1,1.0,1.0,0.0,0.0,0.9390137791633606
204,sparse_rag,บุคคลปฏิเสธการเรียกตัวมาให้ถ้อยคำถือว่ามีความผิดหรือไม่,ตามมาตรา 190 แห่งพระราชบัญญัติบริษัทมหาชนจำกัด พ.ศ. 2535 พนักงานเจ้าหน้าที่มีอำนาจเรียกบุคคลซึ่งเกี่ยวข้องมาให้ถ้อยคำได้ และบุคคลดังกล่าวมีหน้าที่ช่วยเหลือและอำนวยความสะดวกตามสมควร ดังนั้น หากบุคคลปฏิเสธการเรียกตัวมาให้ถ้อยคำ โดยไม่มีเหตุอันชอบธรรม ถือว่ามีความผิดตามกฎหมาย และอาจถูกดำเนินคดีตามประมวลกฎหมายอาญา ซึ่งอาจมีโทษจำคุกไม่เกินสองปี หรือปรับไม่เกินสี่หมื่นบาท หรือทั้งจำทั้งปรับ,การปฏิเสธไม่เข้ามาให้ถ้อยคำถือว่าเป็นการไม่ปฏิบัติตามคำสั่งของพนักงานเจ้าหน้าที่ จึงถือว่ามีความผิด ต้องระวางโทษจำคุกไม่เกินหนึ่งปี หรือปรับไม่เกินหนึ่งล้านบาท หรือทั้งจำทั้งปรับ,"การปฏิเสธไม่เข้ามาให้ถ้อยคำถือว่าเป็นการไม่ปฏิบัติตามคำสั่งของพนักงานเจ้าหน้าที่ จึงถือว่ามีความผิด ต้องระวางโทษจำคุกไม่เกินหนึ่งปี หรือปรับไม่เกินหนึ่งล้านบาท หรือทั้งจำทั้งปรับ

คำอธิบาย : พระราชบัญญัติการประกอบกิจการพลังงาน พ.ศ. 2550 มาตรา 130 ผู้ใดขัดขวางหรือไม่ปฏิบัติตามคำสั่งของคณะกรรมการ คณะอนุกรรมการ หรือบุคคลซึ่งคณะกรรมการแต่งตั้งตามมาตรา 24 ที่สั่งการตามมาตรา 25 หรือของพนักงานเจ้าหน้าที่ที่สั่งการตามมาตรา 122 ต้องระวางโทษจำคุกไม่เกินหนึ่งปี หรือปรับไม่เกินหนึ่งล้านบาท หรือทั้งจำทั้งปรับ",1103,212,1315,0.1332679000333883,4.308616499998607,4.441884400031995,0,0,0.0,0.0,0.0,0.0,0.8630297183990479
205,sparse_rag,บุคคลที่ทำหน้าที่แทนคณะกรรมการเป็นเจ้าหน้าที่รัฐหรือไม่,บุคคลที่ทำหน้าที่แทนคณะกรรมการในหอการค้าไม่ถือว่าเป็นเจ้าหน้าที่รัฐ เนื่องจากหอการค้าเป็นองค์กรเอกชนตามพระราชบัญญัติหอการค้า พ.ศ. 2509 มาตรา 25 ซึ่งบุคคลที่ทำหน้าที่แทนคณะกรรมการเป็นผู้แทนขององค์กรในกิจการภายนอก แต่ไม่ได้มีสถานะเป็นเจ้าหน้าที่รัฐตามกฎหมาย,ไม่เป็น เป็นเพียงเจ้าพนักงานตามประมวลกฎหมายอาญา,"ไม่เป็น เป็นเพียงเจ้าพนักงานตามประมวลกฎหมายอาญา

คำอธิบาย : พระราชบัญญัติการประกอบกิจการพลังงาน พ.ศ. 2550 มาตรา 25 ในการปฏิบัติหน้าที่ ให้คณะกรรมการ คณะอนุกรรมการ และบุคคลซึ่งคณะกรรมการแต่งตั้งตามมาตรา 24 มีอำนาจขอให้หน่วยงานของรัฐหรือบุคคลใดมีหนังสือชี้แจงข้อเท็จจริง มาให้ถ้อยคำ หรือส่งเอกสารหลักฐานที่เกี่ยวข้องเพื่อประกอบการพิจารณาได้
ในการปฏิบัติหน้าที่ตามวรรคหนึ่ง ให้ประธานกรรมการ กรรมการ อนุกรรมการและบุคคลซึ่งคณะกรรมการแต่งตั้งตามมาตรา 24 เป็นเจ้าพนักงานตามประมวลกฎหมายอาญา",1287,141,1428,0.1337604000000283,3.0084123999695294,3.1421727999695577,0,0,0.0,0.0,0.0,0.0,0.762546181678772
206,sparse_rag,หากไม่ปฏิบัติตามหมายเรียกหรือคำสั่งของเจ้าพนักงานประเมินเพื่อมาให้ถ้อยคำ ถือว่ามีความผิดตามพระราชบัญญัติภาษีเงินได้ปิโตรเลียม พ.ศ. 2514 มาตรา 75 หรือไม่,ใช่ หากไม่ปฏิบัติตามหมายเรียกหรือคำสั่งของเจ้าพนักงานประเมินเพื่อมาให้ถ้อยคำ โดยไม่มีเหตุอันสมควร ถือว่ามีความผิดตามมาตรา 75 แห่งพระราชบัญญัติภาษีเงินได้ปิโตรเลียม พ.ศ. 2514 ซึ่งกำหนดให้ต้องระวางโทษจำคุกไม่เกินหนึ่งเดือน หรือปรับไม่เกินหนึ่งพันบาท หรือทั้งจำทั้งปรับ,มีความผิดตาม พระราชบัญญัติภาษีเงินได้ปิโตรเลียม พ.ศ. 2514 มาตรา 75,มีความผิดตาม พระราชบัญญัติภาษีเงินได้ปิโตรเลียม พ.ศ. 2514 มาตรา 75 คำอธิบาย พระราชบัญญัติภาษีเงินได้ปิโตรเลียม พ.ศ. 2514 มาตรา 75 ผู้ใดโดยไม่มีเหตุอันสมควรไม่ปฏิบัติตามหมายเรียกหรือคำสั่งของเจ้าพนักงานประเมินที่ออกตามมาตรา 58 หรือไม่ยอมตอบคำถามของเจ้าพนักงานซึ่งมีอำนาจไต่สวน ต้องระวางโทษจำคุกไม่เกินหนึ่งเดือน หรือปรับไม่เกินหนึ่งพันบาท หรือทั้งจำทั้งปรับ พระราชบัญญัติภาษีเงินได้ปิโตรเลียม พ.ศ. 2514 มาตรา 58 ในการดำเนินการตามมาตรา 56 หรือมาตรา 57 เจ้าพนักงานประเมินมีอำนาจ (1) ออกหมายเรียกผู้มีหน้าที่ยื่นแบบแสดงรายการเงินได้หรือแบบแสดงรายการหักภาษี ณ ที่จ่ายและออกหมายเรียกพยานมาให้ถ้อยคำ (2) ออกคำสั่งให้ผู้มีหน้าที่ยื่นแบบแสดงรายการเงินได้หรือแบบแสดงรายการหักภาษี ณ ที่จ่ายและออกคำสั่งให้พยานตอบคำถามเป็นหนังสือ หรือส่งบัญชีหลักฐาน รายงานหรือเอกสารอื่นอันควรแก่กรณีมาตรวจสอบไต่สวน ทั้งนี้ ต้องให้เวลาแก่ผู้รับหมายเรียกหรือคำสั่งไม่น้อยกว่าเจ็ดวันนับแต่วันได้รับหมายเรียกหรือคำสั่งนั้น,1179,157,1336,0.15673180000158027,3.1296350000193343,3.2863668000209145,1,1,1.0,1.0,1.0,0.5,0.8652994632720947
207,sparse_rag,ในกรณีใดที่เจ้าพนักงานโดยหน้าที่ราชการได้รู้เรื่องกิจการของผู้เสียภาษี หรือของผู้อื่นที่เกี่ยวข้อง และนำข้อมูลดังกล่าวไปบอกกล่าวกับบุคคลภายนอก ไม่ถือว่ามีความผิดตามพระราชบัญญัติภาษีเงินได้ปิโตรเลียม พ.ศ. 2514,เจ้าพนักงานผู้ใดที่ได้รู้เรื่องกิจการของผู้เสียภาษีหรือของผู้อื่นที่เกี่ยวข้อง สามารถแจ้งหรือทำให้เป็นที่รู้แก่ผู้อื่นได้โดยไม่ถือว่ามีความผิด ตามมาตรา 11 แห่งพระราชบัญญัติภาษีเงินได้ปิโตรเลียม พ.ศ. 2514 เว้นแต่จะมีอำนาจที่จะทำได้โดยชอบด้วยกฎหมาย,กรณีที่เจ้าพนักงานโดยหน้าที่ราชการได้รู้เรื่องกิจการของผู้เสียภาษี หรือของผู้อื่นที่เกี่ยวข้องมีอำนาจที่จะทำได้โดยชอบด้วยกฎหมาย,กรณีที่เจ้าพนักงานโดยหน้าที่ราชการได้รู้เรื่องกิจการของผู้เสียภาษี หรือของผู้อื่นที่เกี่ยวข้องมีอำนาจที่จะทำได้โดยชอบด้วยกฎหมาย คำอธิบาย พระราชบัญญัติภาษีเงินได้ปิโตรเลียม พ.ศ. 2514 มาตรา 11 เจ้าพนักงานผู้ใดโดยหน้าที่ราชการได้รู้เรื่องกิจการของผู้เสียภาษี หรือของผู้อื่นที่เกี่ยวข้อง ห้ามมิให้นำออกแจ้งแก่ผู้ใดหรือทำให้เป็นที่ล่วงรู้แก่ผู้อื่นโดยวิธีใด ๆ เว้นแต่จะมีอำนาจที่จะทำได้โดยชอบด้วยกฎหมาย,1016,140,1156,0.1503044000128284,3.3861351999803446,3.536439599993173,1,0,0.5,0.0,0.0,0.0,0.9242214560508728
209,sparse_rag,การคำนวณรายได้ รายจ่าย และกำไรสุทธิของบริษัทต้องดำเนินการอย่างไรในแต่ละรอบระยะเวลาบัญชีและตามข้อกำหนดของกฎหมาย,"การคำนวณรายได้ รายจ่าย และกำไรสุทธิของบริษัทต้องดำเนินการเป็นรายรอบระยะเวลาบัญชี ซึ่งรอบระยะเวลาบัญชีแรกเริ่มนับตั้งแต่วันที่บริษัทขายหรือจำหน่ายปิโตรเลียมที่ต้องเสียค่าภาคหลวงเป็นครั้งแรก โดยอาจเริ่มนับตั้งแต่วันใดวันหนึ่งของเดือนก่อนหน้าได้หากได้รับอนุมัติจากอธิบดี สำหรับรอบต่อไปให้เริ่มนับตั้งแต่วันสิ้นสุดรอบก่อนหน้า และรอบระยะเวลาบัญชีมีกำหนดสิบสองเดือน เว้นแต่ในกรณีที่บริษัทเลิกกิจการ หรือได้รับอนุมัติเปลี่ยนวันสิ้นสุดรอบบัญชี หรือโอนสิทธิในสัมปทาน ซึ่งอาจทำให้รอบบัญชีสั้นกว่าสิบสองเดือนได้ (ตามมาตรา 26 แห่งพระราชบัญญัติภาษีเงินได้ปิโตรเลียม พ.ศ. 2514)  
การคำนวณรายได้ รายจ่าย และกำไรสุทธิให้เป็นไปตามวิธีการ หลักเกณฑ์ และการปฏิบัติทางบัญชีที่เหมาะสมซึ่งใช้อยู่เป็นปกติในอุตสาหกรรมปิโตรเลียม (มาตรา 26 (2) และมาตรา 65 อัฏฐ (2))",1. กำไรสุทธิต้องคำนวณเป็นรายรอบระยะเวลาบัญชี โดยเริ่มนับจากวันที่บริษัทขายหรือจำหน่ายปิโตรเลียมที่ต้องเสียค่าภาคหลวงเป็นครั้งแรก 2. วิธีการ หลักเกณฑ์และการปฏิบัติทางบัญชีต้องเป็นไปตามที่เหมาะสมในอุตสาหกรรมปิโตรเลียม 3. ยอดเงินได้จากการขายปิโตรเลียมต้องถือตามราคาที่ได้รับ 4. มูลค่าของปิโตรเลียมต้องคำนวณตามราคาตลาด 5. มูลค่าของปิโตรเลียมตามกฎหมายว่าด้วยปิโตรเลียมต้องคำนวณตามบทบัญญัติที่เกี่ยวข้อง 6. ค่าใช้จ่ายในการสำรวจหรือพัฒนาจะไม่ถือเป็นเงินได้ของบริษัทอื่น 7. ค่าชดเชยรายจ่ายที่เป็นทุนให้หักได้ตามประเภท อัตรา และเงื่อนไขที่กำหนด 8. ค่าแรงงานและค่าบริการที่ใช้ในการเจาะหรือผลิตปิโตรเลียมถือเป็นรายจ่ายที่เป็นทุน 9. ราคาทรัพย์สินอื่นนอกจากสินค้าให้ถือตามราคาทุน 10. ราคาสินค้าคงเหลือในวันสุดท้ายของรอบระยะเวลาบัญชีจะคำนวณตามราคาทุนหรือราคาตลาด 11. เงินตราหนี้สินหรือสิทธิเรียกร้องที่มีมูลค่าเป็นเงินตราต่างประเทศให้คำนวณมูลค่าเป็นเงินตราไทยตามอัตราแลกเปลี่ยน 12. การจำหน่ายหนี้สูญจากบัญชีลูกหนี้จะกระทำได้ตามหลักเกณฑ์ที่กำหนด 13. เงินสมทบกองทุนสำรองเลี้ยงชีพหรือกองทุนบำเหน็จบำนาญจะถือเป็นรายจ่ายได้ไม่เกินร้อยละ 10 ของเงินเดือนหรือค่าจ้างที่ลูกจ้างได้รับ.,1. กำไรสุทธิต้องคำนวณเป็นรายรอบระยะเวลาบัญชี รอบระยะเวลาบัญชีแรกให้เริ่มนับแต่วันที่บริษัทขายหรือจำหน่ายปิโตรเลียมที่ต้องเสียค่าภาคหลวงเป็นครั้งแรกแต่ถ้าอธิบดีอนุมัติให้บริษัทเลือกนับแต่วันใดวันหนึ่งของเดือนเดียวกันก่อนวันที่บริษัทขายหรือจำหน่ายปิโตรเลียมนั้นเป็นครั้งแรกก็ให้เริ่มนับแต่วันที่บริษัทเลือก ส่วนรอบระยะเวลาบัญชีต่อ ๆ ไป ให้เริ่มนับแต่วันสิ้นสุดรอบระยะเวลาบัญชีก่อน รอบระยะเวลาบัญชีให้มีกำหนดสิบสองเดือนเว้นแต่ในกรณีต่อไปนี้จะมีกำหนดน้อยกว่าสิบสองเดือนก็ได้ 1.1 บริษัทถือเอาวันใดวันหนึ่งเป็นวันสิ้นสุดของรอบระยะเวลาบัญชีแรก 1.2ในกรณีที่บริษัทเลิกกิจการปิโตรเลียม ให้ถือวันเลิกกิจการปิโตรเลียมเป็นวันสิ้นสุดรอบระยะเวลาบัญชี 1.3 บริษัทได้รับอนุมัติจากอธิบดีให้เปลี่ยนวันสิ้นสุดรอบระยะเวลาบัญชี ในกรณีที่บริษัทโอนสิทธิใด ๆตามสัมปทานก่อนวันเริ่มรอบระยะเวลาบัญชีแรกตามวรรคสองเพื่อประโยชน์ในการคำนวณกำไรสุทธิเนื่องจากการโอนสิทธิเช่นว่านั้น ให้ถือวันโอนเป็นวันแรกและวันสิ้นสุดของรอบระยะเวลาบัญชีและในระยะเวลาตั้งแต่วันสิ้นสุดรอบระยะเวลาบัญชีดังกล่าวจนถึงวันเริ่มรอบระยะเวลาบัญชีแรกตามวรรคสองให้ถือว่าไม่มีรอบระยะเวลาบัญชี 2.ภายใต้บังคับบทบัญญัติ วิธีการ หลักเกณฑ์และการปฏิบัติทางบัญชีเพื่อคำนวณรายได้ รายจ่ายและกำไรสุทธิของบริษัท ให้เป็นไปตามวิธีการหลักเกณฑ์และการปฏิบัติทางบัญชีที่เหมาะสมซึ่งใช้อยู่เป็นปกติในอุตสาหกรรมปิโตรเลียม 3.ยอดเงินได้จากการขายปิโตรเลียมห้ถือตามราคาที่ได้รับหรือมีสิทธิได้รับจากการขายปิโตรเลียมหรือผลิตภัณฑ์ที่ได้จากปิโตรเลียมนั้น 4. มูลค่าของปิโตรเลียมให้คำนวณตามราคาตลาด ในกรณีที่มีการส่งปิโตรเลียมไปยังโรงกลั่นน้ำมันหรือสถานที่เก็บรักษาเพื่อการกลั่นน้ำมันของบริษัทให้กำหนดมูลค่าของปิโตรเลียมตามวรรคหนึ่งในวันที่มีการขายหรือส่งออกนอกราชอาณาจักรซึ่งผลิตภัณฑ์ที่ได้จากการกลั่นปิโตรเลียมนั้นและรวมเป็นเงินได้ในรอบระยะเวลาบัญชีที่มีการขายหรือส่งออกนอกราชอาณาจักรซึ่งผลิตภัณฑ์ที่ได้จากการกลั่นปิโตรเลียมนั้นในกรณีที่มีการจำหน่ายปิโตรเลียมโดยประการอื่น ให้กำหนดมูลค่าของปิโตรเลียมตามวรรคหนึ่งในเวลาที่มีการจำหน่ายและรวมเป็นเงินได้ในปีที่มีการจำหน่ายนั้น การกำหนดราคาตลาดและปริมาณของปิโตรเลียมที่จะต้องนำมูลค่ามารวมเป็นเงินได้ตามวรรคสองให้เฉลี่ยเงินได้ทั้งหมดที่ได้จากการขายผลิตภัณฑ์ที่ได้จากการกลั่นปิโตรเลียมหรือมูลค่าตามราคาตลาดของผลิตภัณฑ์ที่ได้จากการกลั่นปิโตรเลียมที่ส่งออกนอกราชอาณาจักรทั้งหมดแล้วแต่กรณี เป็นมูลค่าของปิโตรเลียมนั้น ทั้งนี้ตามวิธีการ หลักเกณฑ์และการปฏิบัติทางบัญชีที่เหมาะสมซึ่งใช้อยู่เป็นปกติในอุตสาหกรรมปิโตรเลียมแต่มิให้ถือว่ามีการขายหรือส่งออกนอกราชอาณาจักรซึ่งผลิตภัณฑ์ที่ได้จากการกลั่นปิโตรเลียมดังกล่าวในรอบระยะเวลาบัญชีใดๆ หลังจากรอบระยะเวลาบัญชีที่ส่งปิโตรเลียมนั้นไปยังโรงกลั่นเว้นแต่บริษัทพิสูจน์ได้ว่ายังมิได้มีการขายหรือส่งออกซึ่งผลิตภัณฑ์ที่ได้จากการกลั่นปิโตรเลียมนั้น 5. มูลค่าของปิโตรเลียมให้คำนวณตามบทบัญญัติแห่งกฎหมายว่าด้วยปิโตรเลียมที่เกี่ยวกับการคำนวณมูลค่าปิโตรเลียมที่ส่งชำระเป็นค่าภาคหลวง 6. ถ้าบริษัทหนึ่งที่มีส่วนได้เสียร่วมกันในสัมปทานต้องเสียค่าใช้จ่ายในการสำรวจปิโตรเลียมหรือการพัฒนาแหล่งปิโตรเลียมเพื่อให้ได้มาซึ่งส่วนได้เสียนั้นแต่ค่าใช้จ่ายนั้นมิได้เสียให้แก่บริษัทอื่นที่มีส่วนได้เสียร่วมกันในสัมปทานค่าใช้จ่ายดังกล่าวมิให้ถือเป็นเงินได้ของบริษัทอื่นนั้น 7. ค่าชดเชยรายจ่ายที่เป็นทุนให้หักได้เฉพาะตามประเภท อัตรา และเงื่อนไขที่กำหนดโดยพระราชกฤษฎีกา 8. ค่าแรงงาน ค่าบริการค่าวัสดุสิ้นเปลืองและรายจ่ายทำนองเดียวกันอย่างอื่นที่ใช้ในการเจาะเพื่อสำรวจหรือเพื่อผลิตปิโตรเลียมบริษัทจะถือเป็นรายจ่ายที่เป็นทุนในรอบระยะเวลาบัญชีที่มีรายจ่ายนั้นก็ได้ 9. ค่ารับรองให้หักเป็นรายจ่ายได้ตามเงื่อนไขที่กำหนดโดยกฎกระทรวง 10. ราคาทรัพย์สินอื่นนอกจากสินค้าให้ถือตามราคาทุน ถ้าราคาทุนเป็นเงินตราต่างประเทศให้คำนวณเป็นเงินตราไทยเช่นเดียวกับวิธีการตามข้อ 12 ราคาทุนดังกล่าวอาจลดลงได้โดยการหักค่าชดเชยรายจ่ายที่เป็นทุนตาม ข้อ 7 แต่ห้ามมิให้ตีราคาลดลง ส่วนการตีราคาเพิ่มขึ้นให้กระทำได้เท่าที่บัญญัติไว้ในประมวลรัษฎากร 11. ราคาสินค้าคงเหลือในวันสุดท้ายของรอบระยะเวลาบัญชีจะคำนวณตามราคาทุนก็ได้หรือจะคำนวณตามราคาทุนหรือราคาตลาด แล้วแต่อย่างใดจะน้อยกว่าก็ได้และให้ถือราคานี้เป็นราคาสินค้าคงเหลือยกมาสำหรับรอบระยะเวลาบัญชีใหม่ การคำนวณราคาทุนตามวรรคหนึ่งนั้นเมื่อได้คำนวณตามหลักเกณฑ์ใดตามวิชาการบัญชีแล้ว ให้ใช้หลักเกณฑ์นั้นตลอดไปเว้นแต่จะได้รับอนุมัติจากอธิบดีจึงจะเปลี่ยนหลักเกณฑ์ได้ 12. เงินตรา หนี้สินหรือสิทธิเรียกร้องที่มีมูลค่าเป็นเงินตราต่างประเทศที่รับมาหรือจ่ายไปในระหว่างรอบระยะเวลาบัญชีให้คำนวณมูลค่าเป็นเงินตราไทยตามอัตราที่ได้ซื้อขายเงินตราต่างประเทศนั้น ในกรณีที่มิได้มีการซื้อขายเงินตราต่างประเทศให้คำนวณเงินตราต่างประเทศ หนี้สินหรือสิทธิเรียกร้องนั้นตามอัตราแลกเปลี่ยนถัวเฉลี่ยในรอบระยะเวลาหนึ่งเดือนก่อนเดือนที่ได้รับมาหรือจ่ายไปโดยคิดจากอัตราแลกเปลี่ยนถัวเฉลี่ยรายวันที่ธนาคารพาณิชย์รับซื้อหรือขายเงินตราต่างประเทศซึ่งธนาคารแห่งประเทศไทยได้คำนวณไว้เว้นแต่ในกรณีที่บริษัทร้องขอ อธิบดีอาจอนุมัติให้คำนวณโดยคิดจากอัตราแลกเปลี่ยนอื่นซึ่งสอดคล้องกับหลักเกณฑ์ตามวิชาการบัญชีได้ ทั้งนี้ ตามหลักเกณฑ์ วิธีการและเงื่อนไขที่รัฐมนตรีประกาศกำหนดในราชกิจจานุเบกษา ในกรณีที่อธิบดีอนุมัติให้บริษัทใช้อัตราแลกเปลี่ยนตามที่บริษัทร้องขอแล้วให้บริษัทถือปฏิบัติตั้งแต่รอบระยะเวลาบัญชีที่อธิบดีกำหนดเป็นต้นไป 13. เงินตราหนี้สิน หรือสิทธิเรียกร้องที่มีมูลค่าเป็นเงินตราต่างประเทศเหลืออยู่ในวันสิ้นสุดรอบระยะเวลาบัญชีให้คำนวณมูลค่าเป็นเงินตราไทยตามอัตราแลกเปลี่ยนถัวเฉลี่ยที่ธนาคารพาณิชย์รับซื้อหรือขายในวันทำการสุดท้ายของรอบระยะเวลาบัญชีแล้วแต่กรณี ซึ่งธนาคารแห่งประเทศไทยได้คำนวณไว้ เว้นแต่ในกรณีที่บริษัทร้องขออธิบดีอาจอนุมัติให้คำนวณโดยคิดจากอัตราแลกเปลี่ยนอื่นซึ่งสอดคล้องกับหลักเกณฑ์ตามวิชาการบัญชีได้ ทั้งนี้ ตามหลักเกณฑ์ วิธีการและเงื่อนไขที่รัฐมนตรีประกาศกำหนดในราชกิจจานุเบกษา ในกรณีที่อธิบดีอนุมัติให้บริษัทใช้อัตราแลกเปลี่ยนตามที่บริษัทร้องขอแล้วให้บริษัทถือปฏิบัติตั้งแต่รอบระยะเวลาบัญชีที่อธิบดีกำหนดเป็นต้นไป 14. การจำหน่ายหนี้สูญจากบัญชีลูกหนี้จะกระทำได้ต่อเมื่อเป็นไปตามหลักเกณฑ์ วิธีการ และเงื่อนไขที่กำหนดในกฎกระทรวงแต่ถ้าได้รับชำระหนี้ในรอบระยะเวลาบัญชีใดให้นำมาคำนวณเป็นรายได้ในรอบระยะเวลาบัญชีนั้น หนี้สูญรายใดได้นำมาคำนวณเป็นรายได้แล้วหากได้รับชำระในภายหลังก็มิให้นำมาคำนวณเป็นรายได้อีก 15. เงินสมทบกองทุนสำรองเลี้ยงชีพหรือกองทุนบำเหน็จบำนาญจะถือเป็นรายจ่ายได้ไม่เกินร้อยละ 10 ของเงินเดือนหรือค่าจ้างที่ลูกจ้างได้รับในรอบระยะเวลาบัญชีและต้องอยู่ภายใต้เงื่อนไขต่อไปนี้ (ก)กองทุนได้ตั้งไว้เพื่อประโยชน์แก่ลูกจ้างโดยเฉพาะ (ข)เงินกองทุนต้องแยกไว้ต่างหากให้พ้นจากการครอบครองของบริษัท (ค)เงินกองทุนจะนำไปใช้เพื่อประโยชน์อย่างอื่นไม่ได้นอกจากเพื่อประโยชน์แก่กองทุนโดยเฉพาะ (ง)เงินสมทบกองทุนต้องไม่กลับคืนมาเป็นของบริษัทอีก และ (จ)เงินสมทบกองทุนต้องจ่ายตามข้อผูกพันที่มีระเบียบว่าด้วยกองทุนกำหนดไว้เป็นหนังสือ คำอธิบาย : พระราชบัญญัติภาษีเงินได้ปิโตรเลียม พ.ศ. 2514 มาตรา 65 อัฏฐ การคำนวณรายได้ รายจ่าย และกำไรสุทธิตามหมวดนี้ ให้เป็นไปดังต่อไปนี้ (1)กำไรสุทธิต้องคำนวณเป็นรายรอบระยะเวลาบัญชี รอบระยะเวลาบัญชีแรกให้เริ่มนับแต่วันที่บริษัทขายหรือจำหน่ายปิโตรเลียมที่ต้องเสียค่าภาคหลวงเป็นครั้งแรกแต่ถ้าอธิบดีอนุมัติให้บริษัทเลือกนับแต่วันใดวันหนึ่งของเดือนเดียวกันก่อนวันที่บริษัทขายหรือจำหน่ายปิโตรเลียมนั้นเป็นครั้งแรกก็ให้เริ่มนับแต่วันที่บริษัทเลือก ส่วนรอบระยะเวลาบัญชีต่อ ๆ ไป ให้เริ่มนับแต่วันสิ้นสุดรอบระยะเวลาบัญชีก่อน รอบระยะเวลาบัญชีให้มีกำหนดสิบสองเดือนเว้นแต่ในกรณีต่อไปนี้จะมีกำหนดน้อยกว่าสิบสองเดือนก็ได้ (ก)บริษัทถือเอาวันใดวันหนึ่งเป็นวันสิ้นสุดของรอบระยะเวลาบัญชีแรก (ข)ในกรณีที่บริษัทเลิกกิจการปิโตรเลียม ให้ถือวันเลิกกิจการปิโตรเลียมเป็นวันสิ้นสุดรอบระยะเวลาบัญชี (ค)บริษัทได้รับอนุมัติจากอธิบดีให้เปลี่ยนวันสิ้นสุดรอบระยะเวลาบัญชี ในกรณีที่บริษัทโอนสิทธิใด ๆตามสัมปทานก่อนวันเริ่มรอบระยะเวลาบัญชีแรกตามวรรคสองเพื่อประโยชน์ในการคำนวณกำไรสุทธิเนื่องจากการโอนสิทธิเช่นว่านั้น ให้ถือวันโอนเป็นวันแรกและวันสิ้นสุดของรอบระยะเวลาบัญชีและในระยะเวลาตั้งแต่วันสิ้นสุดรอบระยะเวลาบัญชีดังกล่าวจนถึงวันเริ่มรอบระยะเวลาบัญชีแรกตามวรรคสองให้ถือว่าไม่มีรอบระยะเวลาบัญชี (2)ภายใต้บังคับบทบัญญัติแห่งหมวด 2 และหมวดนี้ วิธีการ หลักเกณฑ์และการปฏิบัติทางบัญชีเพื่อคำนวณรายได้ รายจ่ายและกำไรสุทธิของบริษัท ให้เป็นไปตามวิธีการหลักเกณฑ์และการปฏิบัติทางบัญชีที่เหมาะสมซึ่งใช้อยู่เป็นปกติในอุตสาหกรรมปิโตรเลียม (3)ยอดเงินได้จากการขายปิโตรเลียมตามมาตรา 22 (1)ให้ถือตามราคาที่ได้รับหรือมีสิทธิได้รับจากการขายปิโตรเลียมหรือผลิตภัณฑ์ที่ได้จากปิโตรเลียมนั้น (4) มูลค่าของปิโตรเลียมตามมาตรา22 (2) ให้คำนวณตามราคาตลาด ในกรณีที่มีการส่งปิโตรเลียมไปยังโรงกลั่นน้ำมันหรือสถานที่เก็บรักษาเพื่อการกลั่นน้ำมันของบริษัทให้กำหนดมูลค่าของปิโตรเลียมตามวรรคหนึ่งในวันที่มีการขายหรือส่งออกนอกราชอาณาจักรซึ่งผลิตภัณฑ์ที่ได้จากการกลั่นปิโตรเลียมนั้นและรวมเป็นเงินได้ในรอบระยะเวลาบัญชีที่มีการขายหรือส่งออกนอกราชอาณาจักรซึ่งผลิตภัณฑ์ที่ได้จากการกลั่นปิโตรเลียมนั้นในกรณีที่มีการจำหน่ายปิโตรเลียมโดยประการอื่น ให้กำหนดมูลค่าของปิโตรเลียมตามวรรคหนึ่งในเวลาที่มีการจำหน่ายและรวมเป็นเงินได้ในปีที่มีการจำหน่ายนั้น การกำหนดราคาตลาดและปริมาณของปิโตรเลียมที่จะต้องนำมูลค่ามารวมเป็นเงินได้ตามวรรคสองให้เฉลี่ยเงินได้ทั้งหมดที่ได้จากการขายผลิตภัณฑ์ที่ได้จากการกลั่นปิโตรเลียมหรือมูลค่าตามราคาตลาดของผลิตภัณฑ์ที่ได้จากการกลั่นปิโตรเลียมที่ส่งออกนอกราชอาณาจักรทั้งหมดแล้วแต่กรณี เป็นมูลค่าของปิโตรเลียมนั้น ทั้งนี้ตามวิธีการ หลักเกณฑ์และการปฏิบัติทางบัญชีที่เหมาะสมซึ่งใช้อยู่เป็นปกติในอุตสาหกรรมปิโตรเลียมแต่มิให้ถือว่ามีการขายหรือส่งออกนอกราชอาณาจักรซึ่งผลิตภัณฑ์ที่ได้จากการกลั่นปิโตรเลียมดังกล่าวในรอบระยะเวลาบัญชีใดๆ หลังจากรอบระยะเวลาบัญชีที่ส่งปิโตรเลียมนั้นไปยังโรงกลั่นเว้นแต่บริษัทพิสูจน์ได้ว่ายังมิได้มีการขายหรือส่งออกซึ่งผลิตภัณฑ์ที่ได้จากการกลั่นปิโตรเลียมนั้น (5) มูลค่าของปิโตรเลียมตามมาตรา22 (3)ให้คำนวณตามบทบัญญัติแห่งกฎหมายว่าด้วยปิโตรเลียมที่เกี่ยวกับการคำนวณมูลค่าปิโตรเลียมที่ส่งชำระเป็นค่าภาคหลวง (6)ถ้าบริษัทหนึ่งที่มีส่วนได้เสียร่วมกันในสัมปทานต้องเสียค่าใช้จ่ายในการสำรวจปิโตรเลียมหรือการพัฒนาแหล่งปิโตรเลียมเพื่อให้ได้มาซึ่งส่วนได้เสียนั้นแต่ค่าใช้จ่ายนั้นมิได้เสียให้แก่บริษัทอื่นที่มีส่วนได้เสียร่วมกันในสัมปทานค่าใช้จ่ายดังกล่าวมิให้ถือเป็นเงินได้ของบริษัทอื่นนั้น (7) ค่าชดเชยรายจ่ายที่เป็นทุนให้หักได้เฉพาะตามประเภท อัตรา และเงื่อนไขที่กำหนดโดยพระราชกฤษฎีกา (8) ค่าแรงงาน ค่าบริการค่าวัสดุสิ้นเปลืองและรายจ่ายทำนองเดียวกันอย่างอื่นที่ใช้ในการเจาะเพื่อสำรวจหรือเพื่อผลิตปิโตรเลียมบริษัทจะถือเป็นรายจ่ายที่เป็นทุนในรอบระยะเวลาบัญชีที่มีรายจ่ายนั้นก็ได้ (9) ค่ารับรองให้หักเป็นรายจ่ายได้ตามเงื่อนไขที่กำหนดโดยกฎกระทรวง (10) ราคาทรัพย์สินอื่นนอกจากสินค้าให้ถือตามราคาทุน ถ้าราคาทุนเป็นเงินตราต่างประเทศให้คำนวณเป็นเงินตราไทยเช่นเดียวกับวิธีการตาม (12)ราคาทุนดังกล่าวอาจลดลงได้โดยการหักค่าชดเชยรายจ่ายที่เป็นทุนตาม (7)แต่ห้ามมิให้ตีราคาลดลง ส่วนการตีราคาเพิ่มขึ้นให้กระทำได้เท่าที่บัญญัติไว้ในประมวลรัษฎากร (11)ราคาสินค้าคงเหลือในวันสุดท้ายของรอบระยะเวลาบัญชีจะคำนวณตามราคาทุนก็ได้หรือจะคำนวณตามราคาทุนหรือราคาตลาด แล้วแต่อย่างใดจะน้อยกว่าก็ได้และให้ถือราคานี้เป็นราคาสินค้าคงเหลือยกมาสำหรับรอบระยะเวลาบัญชีใหม่ การคำนวณราคาทุนตามวรรคหนึ่งนั้นเมื่อได้คำนวณตามหลักเกณฑ์ใดตามวิชาการบัญชีแล้ว ให้ใช้หลักเกณฑ์นั้นตลอดไปเว้นแต่จะได้รับอนุมัติจากอธิบดีจึงจะเปลี่ยนหลักเกณฑ์ได้ (12) เงินตรา หนี้สินหรือสิทธิเรียกร้องที่มีมูลค่าเป็นเงินตราต่างประเทศที่รับมาหรือจ่ายไปในระหว่างรอบระยะเวลาบัญชีให้คำนวณมูลค่าเป็นเงินตราไทยตามอัตราที่ได้ซื้อขายเงินตราต่างประเทศนั้น ในกรณีที่มิได้มีการซื้อขายเงินตราต่างประเทศให้คำนวณเงินตราต่างประเทศ หนี้สินหรือสิทธิเรียกร้องนั้นตามอัตราแลกเปลี่ยนถัวเฉลี่ยในรอบระยะเวลาหนึ่งเดือนก่อนเดือนที่ได้รับมาหรือจ่ายไปโดยคิดจากอัตราแลกเปลี่ยนถัวเฉลี่ยรายวันที่ธนาคารพาณิชย์รับซื้อหรือขายเงินตราต่างประเทศซึ่งธนาคารแห่งประเทศไทยได้คำนวณไว้เว้นแต่ในกรณีที่บริษัทร้องขอ อธิบดีอาจอนุมัติให้คำนวณโดยคิดจากอัตราแลกเปลี่ยนอื่นซึ่งสอดคล้องกับหลักเกณฑ์ตามวิชาการบัญชีได้ ทั้งนี้ ตามหลักเกณฑ์ วิธีการและเงื่อนไขที่รัฐมนตรีประกาศกำหนดในราชกิจจานุเบกษา ในกรณีที่อธิบดีอนุมัติให้บริษัทใช้อัตราแลกเปลี่ยนตามที่บริษัทร้องขอแล้วให้บริษัทถือปฏิบัติตั้งแต่รอบระยะเวลาบัญชีที่อธิบดีกำหนดเป็นต้นไป (13) เงินตราหนี้สิน หรือสิทธิเรียกร้องที่มีมูลค่าเป็นเงินตราต่างประเทศเหลืออยู่ในวันสิ้นสุดรอบระยะเวลาบัญชีให้คำนวณมูลค่าเป็นเงินตราไทยตามอัตราแลกเปลี่ยนถัวเฉลี่ยที่ธนาคารพาณิชย์รับซื้อหรือขายในวันทำการสุดท้ายของรอบระยะเวลาบัญชีแล้วแต่กรณี ซึ่งธนาคารแห่งประเทศไทยได้คำนวณไว้ เว้นแต่ในกรณีที่บริษัทร้องขออธิบดีอาจอนุมัติให้คำนวณโดยคิดจากอัตราแลกเปลี่ยนอื่นซึ่งสอดคล้องกับหลักเกณฑ์ตามวิชาการบัญชีได้ ทั้งนี้ ตามหลักเกณฑ์ วิธีการและเงื่อนไขที่รัฐมนตรีประกาศกำหนดในราชกิจจานุเบกษา ในกรณีที่อธิบดีอนุมัติให้บริษัทใช้อัตราแลกเปลี่ยนตามที่บริษัทร้องขอแล้วให้บริษัทถือปฏิบัติตั้งแต่รอบระยะเวลาบัญชีที่อธิบดีกำหนดเป็นต้นไป (14) การจำหน่ายหนี้สูญจากบัญชีลูกหนี้จะกระทำได้ต่อเมื่อเป็นไปตามหลักเกณฑ์ วิธีการ และเงื่อนไขที่กำหนดในกฎกระทรวงแต่ถ้าได้รับชำระหนี้ในรอบระยะเวลาบัญชีใดให้นำมาคำนวณเป็นรายได้ในรอบระยะเวลาบัญชีนั้น หนี้สูญรายใดได้นำมาคำนวณเป็นรายได้แล้วหากได้รับชำระในภายหลังก็มิให้นำมาคำนวณเป็นรายได้อีก (15)เงินสมทบกองทุนสำรองเลี้ยงชีพหรือกองทุนบำเหน็จบำนาญจะถือเป็นรายจ่ายได้ไม่เกินร้อยละ 10ของเงินเดือนหรือค่าจ้างที่ลูกจ้างได้รับในรอบระยะเวลาบัญชีและต้องอยู่ภายใต้เงื่อนไขต่อไปนี้ (ก)กองทุนได้ตั้งไว้เพื่อประโยชน์แก่ลูกจ้างโดยเฉพาะ (ข)เงินกองทุนต้องแยกไว้ต่างหากให้พ้นจากการครอบครองของบริษัท (ค)เงินกองทุนจะนำไปใช้เพื่อประโยชน์อย่างอื่นไม่ได้นอกจากเพื่อประโยชน์แก่กองทุนโดยเฉพาะ (ง)เงินสมทบกองทุนต้องไม่กลับคืนมาเป็นของบริษัทอีก และ (จ)เงินสมทบกองทุนต้องจ่ายตามข้อผูกพันที่มีระเบียบว่าด้วยกองทุนกำหนดไว้เป็นหนังสือ,8062,426,8488,0.1379383000312373,7.680197999987286,7.818136300018523,1,0,0.5,0.5,0.07142857142857142,0.07142857142857142,0.8625277876853943
210,sparse_rag,รายได้ (1) ยอดเงินได้จากการขายปิโตรเลียม (2) มูลค่าของปิโตรเลียมที่จำหน่าย (3) มูลค่าของปิโตรเลียมที่ส่งชำระเป็นค่าภาคหลวง (4) ยอดเงินได้เนื่องจากการโอนทรัพย์สินหรือสิทธิใด ๆ อันเกี่ยวกับกิจการปิโตรเลียมซึ่งอาจกำหนดจำนวนทั้งสิ้นได้แน่นอน (5) ยอดเงินได้อื่นใดที่ได้รับเนื่องจากการประกอบกิจการปิโตรเลียม สามารถหักรายจ่ายตามปกติและจำเป็นได้หรือไม่,รายได้ตามมาตรา 22 แห่งพระราชบัญัติภาษีเงินได้ปิโตรเลียม พ.ศ. 2514 ทั้ง 5 รายการ ถือเป็นรายได้ที่ต้องเสียภาษี และสามารถหักรายจ่ายที่เป็นปกติและจำเป็นได้ตามมาตรา 26 แห่งพระราชบัญญัติเดียวกัน ซึ่งกำหนดให้รายจ่ายที่เกิดขึ้นเพื่อประกอบกิจการปิโตรเลียม เช่น ค่าแรงงาน ค่าวัสดุ สินค้าคงเหลือ ค่าเช่าทรัพย์สิน ค่าใช้จ่ายสำนักงานใหญ่ที่จัดสรรได้ รวมถึงค่าชดเชยรายจ่ายที่เป็นทุนตามที่กฎหมายกำหนด สามารถหักเป็นรายจ่ายได้ตามหลักเกณฑ์ วิธีการ และเงื่อนไขที่กำหนดในกฎกระทรวงหรือพระราชกฤษฎีกา,สามารถหักรายจ่ายตามปกติและจำเป็นได้,สามารถหักรายจ่ายตามปกติและจำเป็นได้ คำอธิบาย พระราชบัญญัติภาษีเงินได้ปิโตรเลียม พ.ศ. 2514 มาตรา 23 รายได้ตามมาตรา 22 ให้หักรายจ่ายตามปกติและจำเป็นได้ พระราชบัญญัติภาษีเงินได้ปิโตรเลียม พ.ศ. 2514 มาตรา 22 การคำนวณกำไรสุทธิ ให้นำเอาจำนวนดังต่อไปนี้มารวมเป็นรายได้ (1) ยอดเงินได้จากการขายปิโตรเลียม (2) มูลค่าของปิโตรเลียมที่จำหน่าย (3) มูลค่าของปิโตรเลียมที่ส่งชำระเป็นค่าภาคหลวง (4) ยอดเงินได้เนื่องจากการโอนทรัพย์สินหรือสิทธิใด ๆ อันเกี่ยวกับกิจการปิโตรเลียมซึ่งอาจกำหนดจำนวนทั้งสิ้นได้แน่นอน (5) ยอดเงินได้อื่นใดที่ได้รับเนื่องจากการประกอบกิจการปิโตรเลียม ในกรณีการโอนสัมปทานตามมาตรา 48 แห่งพระราชบัญญัติปิโตรเลียม พ.ศ. 2514 ยอดเงินได้เนื่องจากการโอนทรัพย์สินหรือสิทธิใด ๆ ตาม (4) ให้ถือมูลค่าตามบัญชีครั้งสุดท้ายของบริษัทผู้โอนในวันที่โอน,4901,259,5160,0.21453199995448813,4.582520900003146,4.7970528999576345,1,0,0.5,0.0,0.0,0.0,0.8732548952102661
211,sparse_rag,หากบริษัทแสดงจำนวนรายได้หรือภาษีที่ต้องนำส่งขาดไปเกินร้อยละ 25 ของจำนวนที่ต้องนำส่งในการยื่นแบบแสดงรายการ การประเมินของเจ้าพนักงานประเมินต้องดำเนินการภายในระยะเวลาเท่าใด,ตามมาตรา 61 แห่งพระราชบัญญัติภาษีเงินได้ปิโตรเลียม พ.ศ. 2514 กรณีบริษัทยื่นแบบแสดงรายการโดยแสดงจำนวนรายได้หรือภาษีที่ต้องนำส่งขาดไปเกินร้อยละ 25 ของการยื่นแบบแสดงรายการ การประเมินของเจ้าพนักงานประเมินต้องดำเนินการภายในสิบปีนับแต่วันสุดท้ายแห่งกำหนดเวลายื่นแบบแสดงรายการ.,10 ปีนับแต่วันสุดท้ายแห่งกำหนดเวลายื่นแบบแสดงรายการเงินได้หรือแบบแสดงรายการหักภาษี ณ ที่จ่าย,10 ปีนับแต่วันสุดท้ายแห่งกำหนดเวลายื่นแบบแสดงรายการเงินได้หรือแบบแสดงรายการหักภาษี ณ ที่จ่าย คำอธิบาย : พระราชบัญญัติภาษีเงินได้ปิโตรเลียม พ.ศ. 2514 มาตรา 61 การประเมินของเจ้าพนักงานประเมินให้กระทำได้ภายในกำหนดเวลาดังต่อไปนี้ (1) ห้าปีนับแต่วันสุดท้ายแห่งกำหนดเวลายื่นแบบแสดงรายการเงินได้ตามมาตรา 41 วรรคหนึ่ง วันสุดท้ายแห่งกำหนดเวลายื่นแบบแสดงรายการหักภาษี ณ ที่จ่ายตามมาตรา 51 วรรคหนึ่ง หรือวันสุดท้ายแห่งกำหนดเวลาที่อธิบดีขยายหรือเลื่อนออกไปตามมาตรา 5 แล้วแต่กรณี ทั้งนี้ เฉพาะในกรณีที่บริษัทได้ยื่นแบบแสดงรายการภายในกำหนดเวลาดังกล่าว (2) ห้าปีนับแต่วันที่บริษัทยื่นแบบแสดงรายการเงินได้หรือแบบแสดงรายการหักภาษี ณ ที่จ่าย ทั้งนี้ เฉพาะในกรณีที่บริษัทยื่นแบบแสดงรายการภายหลังวันสุดท้ายแห่งกำหนดเวลาดังกล่าวใน (1) แต่ต้องไม่เกินสิบปีนับแต่วันสุดท้ายแห่งกำหนดเวลายื่นแบบแสดงรายการ (3) สิบปีนับแต่วันสุดท้ายแห่งกำหนดเวลายื่นแบบแสดงรายการเงินได้หรือแบบแสดงรายการหักภาษี ณ ที่จ่าย ในกรณีที่บริษัทมิได้ยื่นแบบแสดงรายการหรือยื่นแบบแสดงรายการเท็จเพื่อหลีกเลี่ยงหรือพยายามหลีกเลี่ยงการเสียภาษีหรือการนำส่งภาษี หรือยื่นแบบแสดงรายการโดยแสดงจำนวนรายได้หรือภาษีที่ต้องนำส่งขาดไปเกินร้อยละ 25 ของจำนวนรายได้หรือภาษีที่ต้องนำส่งในแบบแสดงรายการ,2056,130,2186,0.15684799995506182,2.3529647000250407,2.5098126999801025,1,0,0.25,1.0,0.0,0.0,0.8537375330924988
212,sparse_rag,ในกรณีที่บริษัทที่เป็นผู้ได้รับสัมปทานสำหรับแปลงสำรวจหลายแปลงจะต้องยื่นแบบแสดงรายการเงินอย่างไร,บริษัทที่เป็นผู้ได้รับสัมปทานสำหรับแปลงสำรวจหลายแปลงตามมาตรา 26 (16) ของพระราชบัญญัติภาษีเงินได้ปิโตรเลียม พ.ศ. 2514 มีหน้าที่ต้องยื่นแบบแสดงรายการเงินได้ทุกครึ่งรอบระยะเวลาบัญชี และทุกรอบระยะเวลาบัญชี เสมือนหนึ่งเป็นบริษัทแยกต่างหากจากกัน ตามมาตรา 34 วรรคสองแห่งพระราชบัญญัติฉบับเดียวกัน,ต้องยื่น (1)ยื่นแบบแสดงรายการเงินได้ทุกครึ่งรอบระยะเวลาบัญชี (2)ยื่นแบบแสดงรายการเงินได้ทุกรอบระยะเวลาบัญชี พร้อมทั้งจัดทำประมาณการกำไรสุทธิหรือขาดทุนสุทธิที่จะพึงมีสำหรับระยะเวลาบัญชีนั้นหากมีรอบระยะบัญชีสุดท้ายมากกว่าหรือเท่ากับ 12 เดือน เสมือนหนึ่งเป็นบริษัทแยกต่างหากจากกัน หรืออีกนัยหนึ่งคือแยกแปลงเอกสารที่ต้องยื่นสำหรับแต่ละแปลง.,ต้องยื่น (1)ยื่นแบบแสดงรายการเงินได้ทุกครึ่งรอบระยะเวลาบัญชี (2)ยื่นแบบแสดงรายการเงินได้ทุกรอบระยะเวลาบัญชี พร้อมทั้งจัดทำประมาณการกำไรสุทธิหรือขาดทุนสุทธิที่จะพึงมีสำหรับระยะเวลาบัญชีนั้นหากมีรอบระยะบัญชีสุดท้ายมากกว่าหรือเท่ากับ 12 เดือน เสมือนหนึ่งเป็นบริษัทแยกต่างหากจากกัน หรืออีกนัยหนึ่งคือแยกแปลงเอกสารที่ต้องยื่นสำหรับแต่ละแปลง คำอธิบาย พระราชบัญญัติภาษีเงินได้ปิโตรเลียม พ.ศ. 2514 มาตรา 34 บริษัทมีหน้าที่ยื่นแบบแสดงรายการเงินได้ดังต่อไปนี้ (1)ยื่นแบบแสดงรายการเงินได้ทุกครึ่งรอบระยะเวลาบัญชี (2)ยื่นแบบแสดงรายการเงินได้ทุกรอบระยะเวลาบัญชี การยื่นแบบแสดงรายการเงินได้ตาม(1)ให้บริษัทมีหน้าที่จัดทำประมาณการกำไรสุทธิหรือขาดทุนสุทธิที่จะพึงมีสำหรับระยะเวลาบัญชีนั้น ความในวรรคสองมิให้ใช้บังคับแก่บริษัทซึ่งมีรอบระยะเวลาบัญชีแรกหรือรอบระยะเวลาบัญชีสุดท้ายน้อยกว่าสิบสองเดือน บริษัทที่มีส่วนได้เสียร่วมกันในสัมปทานแต่ละบริษัทมีหน้าที่ยื่นแบบแสดงรายการเงินได้เฉพาะส่วนที่เกี่ยวกับรายได้ซึ่งเป็นส่วนของบริษัทเอง บริษัทที่เป็นผู้ได้รับสัมปทานสำหรับแปลงสำรวจหลายแปลงตามมาตรา26 (16) มีหน้าที่ต้องยื่นแบบแสดงรายการเงินได้ตาม (1) และ (2)เสมือนหนึ่งเป็นบริษัทแยกต่างหากจากกัน,1613,159,1772,0.13764420000370592,3.309586899995338,3.447231099999044,1,0,0.5,1.0,0.0,0.0,0.8666991591453552
213,sparse_rag,การหักต้นทุนจากเงินได้ที่เกิดจากการโอนกิจการปิโตรเลียม สามารถหักเกิดผลขาดทุนประจำปีคงเหลือไม่เกิน 10รอบระยะเวลาบัญชีได้หรือไม่,การหักต้นทุนจากเงินได้ตามมาตรา 21 ของพระราชบัญญัติภาษีเงินได้ปิโตรเลียม พ.ศ. 2514 ให้หักได้เพียงเท่ากับผลขาดทุนประจำปีคงเหลือของบริษัทผู้โอนกิจการปิโตรเลียม ตามมาตรา 28 (1) เท่านั้น และต้องเป็นไปตามหลักเกณฑ์ วิธีการ และเงื่อนไขที่กำหนดในกฎกระทรวง ซึ่งไม่ได้ระบุว่าจำกัดจำนวนรอบระยะเวลาบัญชีไว้ที่ 10 รอบ ดังนั้น ไม่สามารถสรุปได้ว่าหักได้ไม่เกิน 10 รอบระยะเวลาบัญชีตามที่กล่าวมา,ไม่สามารถหักได้ เนื่องจากตามบทบัญญัติของกฎหมายกำหนดให้สามารถหักได้เพียงเท่าผลขาดทุนประจำปีคงเหลือไม่เกิน 10 รอบระยะเวลาบัญชีเท่านั้น.,ไม่สามารถหักได้ เนื่องจากตามบทบัญญัติของกฎหมายกำหนดให้สามารถหักได้เพียงเท่าผลขาดทุนประจำปีคงเหลือไม่เกิน 10 รอบระยะเวลาบัญชีเท่านั้น คำอธิบาย พระราชบัญญัติภาษีเงินได้ปิโตรเลียม พ.ศ. 2514 มาตรา 33 การหักต้นทุนจากเงินได้ตามมาตรา 21 ให้หักได้เพียงเท่าผลขาดทุนประจำปีคงเหลือตามมาตรา 28 (1) ของบริษัทผู้โอนกิจการปิโตรเลียม ทั้งนี้ ต้องเป็นไปตามหลักเกณฑ์ วิธีการ และเงื่อนไขที่กำหนดในกฎกระทรวง พระราชบัญญัติภาษีเงินได้ปิโตรเลียม พ.ศ. 2514 มาตรา 21 ในกรณีที่มีการโอนกิจการปิโตรเลียม ถ้าบริษัทผู้รับโอนจ่ายเงินได้ที่เป็นเงินค่าสิทธิ เงินปี หรือเงินได้ประจำเนื่องจากการโอนนั้น โดยเงินดังกล่าวไม่อาจกำหนดจำนวนทั้งสิ้นได้แน่นอน ให้บุคคลซึ่งได้รับเงินได้นั้นมีหน้าที่เสียภาษีเงินได้ในอัตราที่กำหนดโดยพระราชกฤษฎีกาซึ่งต้องไม่น้อยกว่าร้อยละ 50 แต่ไม่เกินร้อยละ 60 ของเงินได้หลังจากหักต้นทุนตามมาตรา 33 แล้ว พระราชบัญญัติภาษีเงินได้ปิโตรเลียม พ.ศ. 2514 มาตรา 28 ในกรณีที่มีผลกำไรประจำปี ให้หักลดหย่อนได้ ดังต่อไปนี้ (1) ผลขาดทุนประจำปีของรอบระยะเวลาบัญชีใด ๆ ในสิบรอบระยะเวลาบัญชี ก่อนรอบระยะเวลาบัญชีปัจจุบัน ผลขาดทุนประจำปี เมื่อได้นำไปหักลดหย่อนในรอบระยะเวลาบัญชีใดแล้ว หากยังมีผลขาดทุนประจำปีคงเหลือเป็นจำนวนเท่าใด ให้นำไปหักลดหย่อนในรอบระยะเวลาบัญชีต่อไปได้เพียงเท่าจำนวนที่เหลือนั้น แต่ทั้งนี้ ต้องไม่เกินสิบรอบระยะเวลาบัญชี,1042,212,1254,0.1443804000155069,4.676507099997252,4.820887500012759,1,0,0.3333333333333333,1.0,1.0,1.0,0.8725928068161011
214,sparse_rag,สำหรับกรณีของบริษัทที่อยู่ในราชอาณาจักรในส่วนที่เกี่ยวกับเงินได้ มีหน้าที่ยื่นแทนบริษัทที่ตั้งขึ้นตามกฎหมายต่างประเทศที่มีหน้าที่หักภาษี ณ ที่จ่าย แต่ไม่มีกรรมการผู้มีอำนาจทำการแทนบริษัทอยู่ในราชอาณาจักร บุคคลใดมีหน้าที่ในการยื่นแบบแสดงรายการหักภาษี ณ ที่จ่าย,"ตามมาตรา 46 แห่งพระราชบัญญัติภาษีเงินได้ปิโตรเลียม พ.ศ. 2514 ผู้ที่มีหน้าที่ยื่นแบบแสดงรายการหักภาษี ณ ที่จ่ายแทนบริษัทต่างประเทศดังกล่าว คือ ""ผู้ทำกิจการแทนบริษัทที่อยู่ในราชอาณาจักรในส่วนที่เกี่ยวกับเงินได้ที่จ่ายตามมาตรา 21""",ผู้ทำกิจการแทนบริษัทที่อยู่ในราชอาณาจักรในส่วนที่เกี่ยวกับเงินได้,ผู้ทำกิจการแทนบริษัทที่อยู่ในราชอาณาจักรในส่วนที่เกี่ยวกับเงินได้ คำอธิบาย พระราชบัญญัติภาษีเงินได้ปิโตรเลียม พ.ศ. 2514 มาตรา 46 การยื่นแบบแสดงรายการหักภาษี ณ ที่จ่ายตามหมวดนี้ ให้กรรมการผู้มีอำนาจทำการแทนบริษัทมีหน้าที่ยื่นแทนบริษัท ในกรณีที่บริษัทที่ตั้งขึ้นตามกฎหมายต่างประเทศมีหน้าที่หักภาษี ณ ที่จ่าย ไม่มีกรรมการผู้มีอำนาจทำการแทนบริษัทอยู่ในราชอาณาจักร ให้ผู้ทำกิจการแทนบริษัทที่อยู่ในราชอาณาจักรในส่วนที่เกี่ยวกับเงินได้ที่จ่ายตามมาตรา 21 มีหน้าที่ยื่นแทนบริษัท,1227,132,1359,0.1512164999730885,3.1897264000144787,3.340942899987567,1,0,0.5,1.0,0.0,0.0,0.936591386795044
215,sparse_rag,เงินใดที่ผู้มีหน้าที่หักภาษี ณ​ที่จ่ายไม่ดำเนินการถือว่ามีความผิดตามพระราชบัญญัติภาษีเงินได้ปิโตรเลียม พ.ศ. 2514,เงินที่ผู้มีหน้าที่หักภาษี ณ ที่จ่ายไม่ดำเนินการ คือ เงินภาษีที่ได้หักไว้แล้วแต่ละเลยไม่นำส่งตามมาตรา 5 แห่งพระราชบัญญัติภาษีเงินได้ปิโตรเลียม พ.ศ. 2514 ซึ่งถือว่ามีความผิดตามมาตรา 74 แห่งกฎหมายดังกล่าว,เงินค่าสิทธิ เงินปี หรือเงินได้ประจำเนื่องจากการโอนกิจการปิโตรเลียม,เงินค่าสิทธิ เงินปี หรือเงินได้ประจำเนื่องจากการโอนกิจการปิโตรเลียม คำอธิบาย พระราชบัญญัติภาษีเงินได้ปิโตรเลียม พ.ศ. 2514 มาตรา 73 ผู้ใดไม่หักภาษี ณ ที่จ่าย ซึ่งตนมีหน้าที่หักตามมาตรา 45 ต้องระวางโทษปรับไม่เกินสองพันบาท พระราชบัญญัติภาษีเงินได้ปิโตรเลียม พ.ศ. 2514 มาตรา 45 ให้บริษัทซึ่งเป็นผู้จ่ายเงินได้ตามมาตรา 21 มีหน้าที่ (1) หักภาษีไว้ ณ ที่จ่ายทุกคราวที่จ่ายเงินได้นั้นในอัตราตามมาตรา 21 (2) ยื่นแบบแสดงรายการหักภาษี ณ ที่จ่าย (3) นำส่งภาษีที่ต้องหักตาม (1) การหักภาษีตาม (1) ให้คำนวณหักตามหลักเกณฑ์ วิธีการ และเงื่อนไขที่กำหนดในกฎกระทรวง พระราชบัญญัติภาษีเงินได้ปิโตรเลียม พ.ศ. 2514 มาตรา 21 ในกรณีที่มีการโอนกิจการปิโตรเลียม ถ้าบริษัทผู้รับโอนจ่ายเงินได้ที่เป็นเงินค่าสิทธิ เงินปี หรือเงินได้ประจำเนื่องจากการโอนนั้น โดยเงินดังกล่าวไม่อาจกำหนดจำนวนทั้งสิ้นได้แน่นอน ให้บุคคลซึ่งได้รับเงินได้นั้นมีหน้าที่เสียภาษีเงินได้ในอัตราที่กำหนดโดยพระราชกฤษฎีกาซึ่งต้องไม่น้อยกว่าร้อยละ 50 แต่ไม่เกินร้อยละ 60 ของเงินได้หลังจากหักต้นทุนตามมาตรา 33 แล้ว,1139,120,1259,0.16748579998966306,2.6374528000014834,2.8049385999911465,0,0,0.0,0.0,0.0,0.0,0.8068782091140747
216,sparse_rag,บริษัทที่ได้รับหนังสือจากอธิบดีให้นำญชี หลักฐาน รายงาน หรือแจ้งข้อความใด ๆ ซึ่งเกี่ยวกับ หรือซึ่งอธิบดีมีเหตุอันควรเชื่อว่าเกี่ยวกับกิจการปิโตรเลียมของบริษัท มาแสดง แต่นำมาภายหลังกรอบระยะเวลาที่อธิบดีกำหนด ถือว่ามีความผิดตามพระราชบัญญัติภาษีเงินได้ปิโตรเลียม พ.ศ. 2514 หรือไม่,ใช่ บริษัทถือว่ามีความผิดตามมาตรา 7 แห่งพระราชบัญญัติภาษีเงินได้ปิโตรเลียม พ.ศ. 2514 เนื่องจากมีหน้าที่ต้องนำบัญชี หลักฐาน รายงาน หรือข้อมูลที่เกี่ยวข้องกับกิจการปิโตรเลียมมาแสดงตามคำสั่งของอธิบดีภายในกรอบระยะเวลาที่กำหนด หากนำมานำเสนอภายหลังกำหนด ถือว่าฝ่าฝืนคำสั่งดังกล่าว และอาจถูกดำเนินคดีตามกฎหมายได้,มีความผิดตามพระราชบัญญัติภาษีเงินได้ปิโตรเลียม พ.ศ. 2514 มาตรา 69,มีความผิดตามพระราชบัญญัติภาษีเงินได้ปิโตรเลียม พ.ศ. 2514 มาตรา 69 คำอธิบาย พระราชบัญญัติภาษีเงินได้ปิโตรเลียม พ.ศ. 2514 มาตรา 69 ผู้ใดไม่ปฏิบัติตามคำสั่งของอธิบดีตามมาตรา 7 ต้องระวางโทษจำคุกไม่เกินหกเดือน หรือปรับไม่เกินหกพันบาท หรือทั้งจำทั้งปรับ พระราชบัญญัติภาษีเงินได้ปิโตรเลียม พ.ศ. 2514 มาตรา 7 ในกรณีจำเป็นเพื่อประโยชน์ในการจัดเก็บภาษี อธิบดีมีอำนาจออกคำสั่งเป็นหนังสือให้บริษัทแสดงบัญชี หลักฐาน รายงาน หรือแจ้งข้อความใด ๆ ซึ่งเกี่ยวกับ หรือซึ่งอธิบดีมีเหตุอันควรเชื่อว่าเกี่ยวกับกิจการปิโตรเลียมของบริษัท คำสั่งตามวรรคหนึ่งจะให้ปฏิบัติก่อนรอบระยะเวลาบัญชีแรกของบริษัทก็ได้,1331,166,1497,0.1707202999969013,3.8906214999733493,4.061341799970251,1,0,0.5,0.0,0.5,0.5,0.8884061574935913
217,sparse_rag,ผลขาดทุนประจำปีที่นำไปหักลดหย่อนในรอบระยะเวลาบัญชีใดแล้ว แต่ยังคงเหลืออยู่ บริษัทผู้รับโอนสามารถนำไปหักลดหย่อนในรอบระยะเวลาบัญชีต่อไปได้หรือไม่,ได้ ตามมาตรา 28 (1) แห่งพระราชบัญญัติภาษีเงินได้ปิโตรเลียม พ.ศ. 2514 ผลขาดทุนประจำปีที่ยังคงเหลือ สามารถนำมายอดหักลดหย่อนในรอบระยะเวลาบัญชีต่อไปได้เพียงเท่าจำนวนที่เหลือ แต่ต้องไม่เกินสิบรอบระยะเวลาบัญชี,สามารถนำไปลดหย่อนได้ โดยหากยังมีผลขาดทุนประจำปีคงเหลือเป็นจำนวนเท่าใด ให้นำไปหักลดหย่อนในรอบระยะเวลาบัญชีต่อไปได้เพียงเท่าจำนวนที่เหลือนั้น แต่ทั้งนี้ ต้องไม่เกินสิบรอบระยะเวลาบัญชีนับแต่รอบระยะเวลาบัญชีที่มีการโอนเป็นต้นไป,สามารถนำไปลดหย่อนได้ โดยหากยังมีผลขาดทุนประจำปีคงเหลือเป็นจำนวนเท่าใด ให้นำไปหักลดหย่อนในรอบระยะเวลาบัญชีต่อไปได้เพียงเท่าจำนวนที่เหลือนั้น แต่ทั้งนี้ ต้องไม่เกินสิบรอบระยะเวลาบัญชีนับแต่รอบระยะเวลาบัญชีที่มีการโอนเป็นต้นไป คำอธิบาย : พระราชบัญญัติภาษีเงินได้ปิโตรเลียม พ.ศ. 2514 มาตรา 29 ในกรณีที่มีการโอนกิจการปิโตรเลียมให้บริษัทผู้รับโอนถือเอาผลขาดทุนประจำปีคงเหลือของบริษัทผู้โอนเพื่อประโยชน์ในการหักลดหย่อนตามมาตรา28 (1)นับแต่รอบระยะเวลาบัญชีที่มีการโอนเป็นต้นไปได้เสมือนหนึ่งว่ามิได้มีการโอนกิจการปิโตรเลียมทั้งนี้ ตามหลักเกณฑ์ วิธีการและเงื่อนไขที่กำหนดในกฎกระทรวง,1318,110,1428,0.14554850000422448,2.6304134000092745,2.775961900013499,1,1,1.0,1.0,0.0,0.0,0.8897501230239868
219,sparse_rag,ในกรณีที่บริษัทได้รับอนุมัติให้ใช่เงินตราสกุลต่างประเทศในการดำเนินงาน จะสามารถคำนวณภาษีเงินได้และกำไรสุทธิได้อย่างๆร,ในกรณีที่บริษัทได้รับอนุมัติให้ใช้เงินตราสกุลต่างประเทศในการดำเนินงาน บริษัทนั้นจะต้องคำนวณกำไรสุทธิเพื่อเสียภาษีเงินได้โดยใช้เงินตราสกุลนั้น และให้นำบทบัญญัติในหมวด 2 แห่งพระราชบัญญัติภาษีเงินได้ปิโตรเลียม พ.ศ. 2514 เว้นแต่มาตรา 26 (10) (12) และ (13) มาใช้บังคับโดยอนุโลม ตามมาตรา 33/1 แห่งพระราชบัญญัติดังกล่าว,ให้คำนวณด้วยหลักเกณฑ์และวิธีการเหมือนการดำเนินงานด้วยเงินตราไทย ยกเว้นจำนวนเงินที่เกี่ยวข้องกับ 1. ราคาทรัพย์สินที่ถืออยู่ นอกจากสินค้า 2. เงินตรา หนี้สิน หรือสิทธิเรียกร้องที่รับมาหรือจ่ายไปในรอบระยะเวลาบัญชี 3. เงินตรา หนี้สิน หรือสิทธิเรียกร้องเหลืออยู่ในวันสิ้นรอบบัญชี.,ให้คำนวณด้วยหลักเกณฑ์และวิธีการเหมือนการดำเนินงานด้วยเงินตราไทย ยกเว้นจำนวนเงินที่เกี่ยวข้องกับ 1. ราคาทรัพย์สินที่ถืออยู่ นอกจากสินค้า 2. เงินตรา หนี้สิน หรือสิทธิเรียกร้องที่รับมาหรือจ่ายไปในรอบระยะเวลาบัญชี 3. เงินตรา หนี้สิน หรือสิทธิเรียกร้องเหลืออยู่ในวันสิ้นรอบบัญชี เนื่องจากเงินประเภทดังกล่าวนั้นมีการคำนวนเป็นเป็นสกุลเงินไทยอยู่ก่อนแล้วก่อนขออธิบดีอนุมัติดังนั้นจึงไม่ต้องเปลี่ยนวิธีการคำนวนอัตราค่าแลกเปลี่ยนสกุลเงินแล้วเหมือนวงเล็บอื่นในมาตรานั้น ไม่ต้องนำมาคำนวณใหม่ คำอธิบาย พระราชบัญญัติภาษีเงินได้ปิโตรเลียม พ.ศ. 2514 มาตรา 33/1 บริษัทที่ได้รับอนุมัติให้ใช้เงินตราสกุลที่ใช้ในการดำเนินงานซึ่งมิใช่เงินตราไทยตามมาตรา8 ให้คำนวณกำไรสุทธิเพื่อเสียภาษีเงินได้โดยใช้เงินตราสกุลที่ใช้ในการดำเนินงานนั้น และให้นำบทบัญญัติในหมวด 2ภาษีเงินได้และการคำนวณกำไรสุทธิ เว้นแต่มาตรา 26 (10) (12) และ (13)มาใช้บังคับโดยอนุโลม พระราชบัญญัติภาษีเงินได้ปิโตรเลียม พ.ศ. 2514 มาตรา 26 การคำนวณรายได้ รายจ่ายและกำไรสุทธิตามหมวดนี้ให้เป็นไปดังต่อไปนี้ (10)ราคาทรัพย์สินอื่นนอกจากสินค้า ให้ถือตามราคาทุน ถ้าราคาทุนเป็นเงินตราต่างประเทศให้คำนวณเป็นเงินตราไทยเช่นเดียวกับวิธีการตาม (12)ราคาทุนดังกล่าวอาจลดลงได้โดยการหักค่าชดเชยรายจ่ายที่เป็นทุนตาม (7)แต่ห้ามมิให้ตีราคาลดลงส่วนการตีราคาเพิ่มขึ้นให้กระทำได้เท่าที่บัญญัติไว้ในประมวลรัษฎากร (12) เงินตรา หนี้สินหรือสิทธิเรียกร้องที่มีมูลค่าเป็นเงินตราต่างประเทศที่รับมาหรือจ่ายไปในระหว่างรอบระยะเวลาบัญชีให้คำนวณมูลค่าเป็นเงินตราไทยตามอัตราที่ได้ซื้อขายเงินตราต่างประเทศนั้น ในกรณีที่มิได้มีการซื้อขายเงินตราต่างประเทศให้คำนวณเงินตราต่างประเทศ หนี้สินหรือสิทธิเรียกร้องนั้นตามอัตราแลกเปลี่ยนถัวเฉลี่ยในรอบระยะเวลาหนึ่งเดือนก่อนเดือนที่ได้รับมาหรือจ่ายไปโดยคิดจากอัตราแลกเปลี่ยนถัวเฉลี่ยรายวันที่ธนาคารพาณิชย์รับซื้อหรือขายเงินตราต่างประเทศซึ่งธนาคารแห่งประเทศไทยได้คำนวณไว้เว้นแต่ในกรณีที่บริษัทร้องขอ อธิบดีอาจอนุมัติให้คำนวณโดยคิดจากอัตราแลกเปลี่ยนอื่นซึ่งสอดคล้องกับหลักเกณฑ์ตามวิชาการบัญชีได้ ทั้งนี้ ตามหลักเกณฑ์ วิธีการและเงื่อนไขที่รัฐมนตรีประกาศกำหนดในราชกิจจานุเบกษา ในกรณีที่อธิบดีอนุมัติให้บริษัทใช้อัตราแลกเปลี่ยนตามที่บริษัทร้องขอแล้วให้บริษัทถือปฏิบัติตั้งแต่รอบระยะเวลาบัญชีที่อธิบดีกำหนดเป็นต้นไป (13) เงินตราหนี้สิน หรือสิทธิเรียกร้องที่มีมูลค่าเป็นเงินตราต่างประเทศเหลืออยู่ในวันสิ้นสุดรอบระยะเวลาบัญชีให้คำนวณมูลค่าเป็นเงินตราไทยตามอัตราแลกเปลี่ยนถัวเฉลี่ยที่ธนาคารพาณิชย์รับซื้อหรือขายในวันทำการสุดท้ายของรอบระยะเวลาบัญชีแล้วแต่กรณี ซึ่งธนาคารแห่งประเทศไทยได้คำนวณไว้เว้นแต่ในกรณีที่บริษัทร้องขอ อธิบดีอาจอนุมัติให้คำนวณโดยคิดจากอัตราแลกเปลี่ยนอื่นซึ่งสอดคล้องกับหลักเกณฑ์ตามวิชาการบัญชีได้ ทั้งนี้ ตามหลักเกณฑ์ วิธีการและเงื่อนไขที่รัฐมนตรีประกาศกำหนดในราชกิจจานุเบกษา ในกรณีที่อธิบดีอนุมัติให้บริษัทใช้อัตราแลกเปลี่ยนตามที่บริษัทร้องขอแล้วให้บริษัทถือปฏิบัติตั้งแต่รอบระยะเวลาบัญชีที่อธิบดีกำหนดเป็นต้นไป,1216,187,1403,0.1463095999788493,4.379356999997981,4.52566659997683,1,0,0.3333333333333333,1.0,0.6666666666666666,0.3333333333333333,0.7827921509742737
220,sparse_rag,นอกจากการดำเนินการประเมินภาษี เบี้ยปรับ และเงินเพิ่ม เจ้าพนักงานประเมินมีอำนาจในการออกหมายหรือคำสั่งหรือไม่,เจ้าพนักงานประเมินมีอำนาจในการออกหมายเรียกหรือคำสั่งเพื่อการตรวจสอบไต่สวนได้ ทั้งนี้ ตามมาตรา 58 แห่งพระราชบัญญัติภาษีเงินได้ปิโตรเลียม พ.ศ. 2514 และมาตรา 88/4 แห่งประมวลรัษฎากร ซึ่งกำหนดให้เจ้าพนักงานประเมินมีอำนาจออกหมายเรียกผู้มีหน้าที่ยื่นแบบแสดงรายการหรือพยาน และออกคำสั่งให้ส่งเอกสาร บัญชี หรือตอบคำถามเป็นหนังสือ เพื่อประโยชน์ในการดำเนินการประเมินภาษี แม้จะอยู่นอกเหนือจากการดำเนินการประเมินภาษี เบี้ยปรับ และเงินเพิ่มก็ตาม,มี พนักงานประเมินมีอำนาจ 1. ออกหมายเรียกผู้มีหน้าที่ยื่นแบบแสดงรายการเงินได้หรือแบบแสดงรายการหักภาษี ณ ที่จ่ายและออกหมายเรียกพยานมาให้ถ้อยคำ 2. ออกคำสั่งให้ผู้มีหน้าที่ยื่นแบบแสดงรายการเงินได้หรือแบบแสดงรายการหักภาษี ณ ที่จ่ายและออกคำสั่งให้พยานตอบคำถามเป็นหนังสือ หรือส่งบัญชีหลักฐาน รายงานหรือเอกสารอื่นอันควรแก่กรณีมาตรวจสอบไต่สวน,มี พนักงานประเมินมีอำนาจ 1. ออกหมายเรียกผู้มีหน้าที่ยื่นแบบแสดงรายการเงินได้หรือแบบแสดงรายการหักภาษี ณ ที่จ่ายและออกหมายเรียกพยานมาให้ถ้อยคำ 2. ออกคำสั่งให้ผู้มีหน้าที่ยื่นแบบแสดงรายการเงินได้หรือแบบแสดงรายการหักภาษี ณ ที่จ่ายและออกคำสั่งให้พยานตอบคำถามเป็นหนังสือ หรือส่งบัญชีหลักฐาน รายงานหรือเอกสารอื่นอันควรแก่กรณีมาตรวจสอบไต่สวน คำอธิบาย : พระราชบัญญัติภาษีเงินได้ปิโตรเลียม พ.ศ. 2514 มาตรา 58 ในการดำเนินการตามมาตรา 56 หรือมาตรา 57 เจ้าพนักงานประเมินมีอำนาจ (1) ออกหมายเรียกผู้มีหน้าที่ยื่นแบบแสดงรายการเงินได้หรือแบบแสดงรายการหักภาษี ณ ที่จ่ายและออกหมายเรียกพยานมาให้ถ้อยคำ (2) ออกคำสั่งให้ผู้มีหน้าที่ยื่นแบบแสดงรายการเงินได้หรือแบบแสดงรายการหักภาษี ณ ที่จ่ายและออกคำสั่งให้พยานตอบคำถามเป็นหนังสือ หรือส่งบัญชีหลักฐาน รายงานหรือเอกสารอื่นอันควรแก่กรณีมาตรวจสอบไต่สวน ทั้งนี้ ต้องให้เวลาแก่ผู้รับหมายเรียกหรือคำสั่งไม่น้อยกว่าเจ็ดวันนับแต่วันได้รับหมายเรียกหรือคำสั่งนั้น,1155,216,1371,0.1355471999850124,4.518422499997541,4.653969699982554,1,0,0.3333333333333333,1.0,0.0,0.0,0.8988986015319824
221,sparse_rag,ในกรณีที่บริษัทมีรายจ่ายซึ่งเป็นทั้งของกิจการอื่นและกิจการปิโตรเลียมรวมกันให้แบ่งเฉลี่ยรายจ่ายตามส่วนระหว่างกิจการอื่นและกิจการปิโตรเลียม ให้ปฏิบัติอย่างไร,ตามมาตรา 65 เตรส แห่งพระราชบัญญัติภาษีเงินได้ปิโตรเลียม พ.ศ. 2514 บริษัทต้องแบ่งเฉลี่ยรายจ่ายที่เป็นทั้งของกิจการอื่นและกิจการปิโตรเลียมตามส่วนระหว่างกิจการต่าง ๆ โดยต้องปฏิบัติตามระเบียบการจัดแบ่งเฉลี่ยรายจ่ายระหว่างกิจการต่าง ๆ ที่อธิบดีได้พิจารณาและให้ความเห็นชอบแล้ว,ให้บริษัทปฏิบัติตามระเบียบการจัดแบ่งเฉลี่ยรายจ่ายระหว่างกิจการต่างๆ ตามที่อธิบดีได้พิจารณาและให้ความเห็นชอบแล้ว,ให้บริษัทปฏิบัติตามระเบียบการจัดแบ่งเฉลี่ยรายจ่ายระหว่างกิจการต่างๆ ตามที่อธิบดีได้พิจารณาและให้ความเห็นชอบแล้ว มูลค่าของปิโตรเลียมตามมาตรา 22(2) ซึ่งบริษัทนำไปใช้ในกิจการอื่นนอกจากกิจการปิโตรเลียมในรอบระยะเวลาบัญชีใดให้หักเป็นรายจ่ายในการคำนวณกำไรสุทธิและขาดทุนสุทธิตามประมวลรัษฎากรสำหรับเงินได้จากกิจการอื่นนอกจากกิจการปิโตรเลียมในรอบระยะเวลาบัญชีนั้นได้ คำอธิบาย พระราชบัญญัติภาษีเงินได้ปิโตรเลียม พ.ศ. 2514 มาตรา 65 เตรส ... ในกรณีที่บริษัทมีรายจ่ายซึ่งเป็นทั้งของกิจการอื่นและกิจการปิโตรเลียมรวมกันให้แบ่งเฉลี่ยรายจ่ายตามส่วนระหว่างกิจการอื่นและกิจการปิโตรเลียม ให้บริษัทปฏิบัติตามระเบียบการจัดแบ่งเฉลี่ยรายจ่ายระหว่างกิจการต่างๆ ตามที่อธิบดีได้พิจารณาและให้ความเห็นชอบแล้ว มูลค่าของปิโตรเลียมตามมาตรา 22(2) ซึ่งบริษัทนำไปใช้ในกิจการอื่นนอกจากกิจการปิโตรเลียมในรอบระยะเวลาบัญชีใดให้หักเป็นรายจ่ายในการคำนวณกำไรสุทธิและขาดทุนสุทธิตามประมวลรัษฎากรสำหรับเงินได้จากกิจการอื่นนอกจากกิจการปิโตรเลียมในรอบระยะเวลาบัญชีนั้นได้,4952,157,5109,0.16624579997733235,3.8805309000308625,4.046776700008195,1,0,0.5,1.0,0.0,0.0,0.8671540021896362
222,sparse_rag,ภาษีเงินได้ที่บริษัทจะต้องชำระ มีอัตราเท่าใด,อัตราภาษีเงินได้ของบริษัทหรือห้างหุ้นส่วนนิติบุคคลในประเทศไทย กำหนดไว้ตาม **ประมวลรัษฎากร มาตรา 65** ซึ่งระบุว่า บริษัทหรือห้างหุ้นส่วนนิติบุคคลต้องเสียภาษีเงินได้ในอัตราร้อยละ 20 ของกำไรสุทธิที่ได้รับในแต่ละปีภาษี ทั้งนี้ กรณีที่บริษัทเป็นบริษัทจดทะเบียน อาจมีอัตราเฉพาะตามมาตรา 65 ทวิ หรือตามกฎหมายอื่นที่เกี่ยวข้อง เช่น พระราชบัญญัติภาษีเงินได้ปิโตรเลียม พ.ศ. 2514 แต่โดยทั่วไปอัตราภาษีเงินได้ของบริษัทคือ **ร้อยละ 20**.,อัตราในการชำระนั้น ขึ้นอยู่กับที่พระราชกฤษฎีกาได้กำหนดไว้ แต่มีมาตรฐานว่าต้องไม่น้อยกว่าร้อยละ 50 แต่ไม่เกินร้อยละ 60 ของกำไรสุทธิที่ได้จากกิจการปิโตรเลียม,อัตราในการชำระนั้น ขึ้นอยู่กับที่พระราชกฤษฎีกาได้กำหนดไว้ แต่มีมาตรฐานว่าต้องไม่น้อยกว่าร้อยละ 50 แต่ไม่เกินร้อยละ 60 ของกำไรสุทธิที่ได้จากกิจการปิโตรเลียม คำอธิบาย พระราชบัญญัติภาษีเงินได้ปิโตรเลียม พ.ศ. 2514 มาตรา 20 ภายใต้บังคับมาตรา 43 ทวิ บริษัทมีหน้าที่เสียภาษีเงินได้เป็นรายรอบระยะเวลาบัญชี ในอัตราที่กำหนดโดยพระราชกฤษฎีกา ซึ่งต้องไม่น้อยกว่าร้อยละ 50 แต่ไม่เกินร้อยละ 60 ของกำไรสุทธิที่ได้จากกิจการปิโตรเลียม,2724,256,2980,0.15549879998434335,5.873836300044786,6.0293351000291295,0,0,0.0,0.0,0.0,0.0,0.868651270866394
223,sparse_rag,ในกรณีที่บริษัทได้ควบกันในรอบระยะเวลาบัญชีไม่ถึง 12 เดือน และบริษัทเดิมยังไม่ได้นำส่งแบบแสดงรายการเงินได้ตามรอบระยะเวลาบัญชี รวมถึงประมาณการกำไรสุทธิหรือขาดทุนสุทธิสำหรับระยะเวลาบัญชีนั้นจะต้องดำเนินการอย่างไร,ตามพระราชบัญญัติภาษีเงินได้ปิโตรเลียม พ.ศ. 2514 มาตรา 34 วรรคสอง บริษัทที่มีรอบระยะเวลาบัญชีแรกหรือรอบระยะเวลาบัญชีสุดท้ายน้อยกว่าสิบสองเดือน ไม่ต้องจัดทำประมาณการกำไรสุทธิหรือขาดทุนสุทธิสำหรับระยะเวลาบัญชีดังกล่าว ดังนั้น บริษัทที่ควบรวมกิจการในรอบระยะเวลาบัญชีไม่ถึง 12 เดือน จึงไม่จำเป็นต้องยื่นแบบแสดงรายการเงินได้ตามมาตรา 34 (1) หรือจัดทำประมาณการกำไรสุทธิ/ขาดทุนสุทธิสำหรับระยะเวลาบัญชีนั้น,ให้บริษัทที่ตั้งขึ้นใหม่โดยการควบเข้ากันมีหน้าที่ยื่นแบบแสดงรายการเงินได้แทนบริษัทเดิม แต่ไม่ต้องนำส่งประมาณการกำไรสุทธิหรือขาดทุนสุทธิสำหรับระยะเวลาบัญชี เนื่องจากรอบระยะเวลาบัญชีล่าสุดไม่ถึง 12 เดือน,ให้บริษัทที่ตั้งขึ้นใหม่โดยการควบเข้ากันมีหน้าที่ยื่นแบบแสดงรายการเงินได้แทนบริษัทเดิม แต่ไม่ต้องนำส่งประมาณการกำไรสุทธิหรือขาดทุนสุทธิสำหรับระยะเวลาบัญชี เนื่องจากรอบระยะเวลาบัญชีล่าสุดไม่ถึง 12 เดือน คำอธิบาย พระราชบัญญัติภาษีเงินได้ปิโตรเลียม พ.ศ. 2514 มาตรา 36 ในกรณีที่บริษัทควบเข้ากัน ถ้าบริษัทเดิมยังมิได้ยื่นแบบแสดงรายการเงินได้ตามมาตรา 34 ให้บริษัทที่ตั้งขึ้นใหม่โดยการควบเข้ากันมีหน้าที่ยื่นแบบแสดงรายการเงินได้แทนบริษัทเดิม พระราชบัญญัติภาษีเงินได้ปิโตรเลียม พ.ศ. 2514 มาตรา 34 บริษัทมีหน้าที่ยื่นแบบแสดงรายการเงินได้ดังต่อไปนี้ (1)ยื่นแบบแสดงรายการเงินได้ทุกครึ่งรอบระยะเวลาบัญชี (2)ยื่นแบบแสดงรายการเงินได้ทุกรอบระยะเวลาบัญชี การยื่นแบบแสดงรายการเงินได้ตาม(1)ให้บริษัทมีหน้าที่จัดทำประมาณการกำไรสุทธิหรือขาดทุนสุทธิที่จะพึงมีสำหรับระยะเวลาบัญชีนั้น ความในวรรคสองมิให้ใช้บังคับแก่บริษัทซึ่งมีรอบระยะเวลาบัญชีแรกหรือรอบระยะเวลาบัญชีสุดท้ายน้อยกว่าสิบสองเดือน บริษัทที่มีส่วนได้เสียร่วมกันในสัมปทานแต่ละบริษัทมีหน้าที่ยื่นแบบแสดงรายการเงินได้เฉพาะส่วนที่เกี่ยวกับรายได้ซึ่งเป็นส่วนของบริษัทเอง บริษัทที่เป็นผู้ได้รับสัมปทานสำหรับแปลงสำรวจหลายแปลงตามมาตรา26 (16) มีหน้าที่ต้องยื่นแบบแสดงรายการเงินได้ตาม (1) และ (2)เสมือนหนึ่งเป็นบริษัทแยกต่างหากจากกัน,1677,217,1894,0.147120299981907,4.754402699996717,4.901522999978624,1,0,0.5,0.0,1.0,1.0,0.8504379987716675
224,sparse_rag,บริษัทที่จำกัดและนิติบุคคลที่มีลักษณะเช่นเดียวกับบริษัทจำกัด ซึ่งตั้งขึ้นตามกฎหมายไทยหรือกฎหมายต่างประเทศจะได้รับการยกเว้นภาษีอากร เว้นแต่เงินได้ประเภทใดที่ไม่สามารถได้รับยกเว้นภาษีอากร,บริษัทจำกัดและนิติบุคคลที่มีลักษณะเช่นเดียวกับบริษัทจำกัด ซึ่งตั้งขึ้นตามกฎหมายไทยหรือกฎหมายต่างประเทศ จะได้รับการยกเว้นภาษีอากรตามประมวลรัษฎากรและกฎหมายอื่น เว้นแต่ภาษีอากรที่เก็บจาก **เงินได้ที่ต้องนำมารวมเพื่อคำนวณกำไรสุทธิ หรือเงินได้อันต้องเสียภาษีตามพระราชบัญญัติภาษีเงินได้ปิโตรเลียม พ.ศ. 2514** ตามมาตรา 12 และมาตรา 13 แห่งพระราชบัญญัติดังกล่าว,1. เงินได้ที่บริษัทได้จากกิจการอื่นนอกจากกิจการปิโตรเลียม 2. ดอกเบี้ยเงินกู้ยืมที่บุคคลใดได้รับจากบริษัท,1. เงินได้ที่บริษัทได้จากกิจการอื่นนอกจากกิจการปิโตรเลียม 2. ดอกเบี้ยเงินกู้ยืมที่บุคคลใดได้รับจากบริษัท คำอธิบาย : พระราชบัญญัติภาษีเงินได้ปิโตรเลียม พ.ศ. 2514 มาตรา 65 ทวาทศ บทบัญญัติมาตรา 12 มิให้นำมาใช้บังคับแก่ (1)เงินได้ที่บริษัทได้จากกิจการอื่นนอกจากกิจการปิโตรเลียม (2)ดอกเบี้ยเงินกู้ยืมที่บุคคลใดได้รับจากบริษัท,1195,195,1390,0.1690089000039734,4.2551109999767505,4.424119899980724,1,0,0.5,0.0,0.0,0.0,0.8392513990402222
225,sparse_rag,กองทุนสำรองเลี้ยงชีพที่ถือว่าเป็นรายจ่ายของกิจการปิโตรเลียมต้องมีเงื่อนไขอะไรบ้าง,กองทุนสำรองเลี้ยงชีพที่ถือว่าเป็นรายจ่ายของกิจการปิโตรเลียมต้องเป็นกองทุนที่จดทะเบียนแล้วตามพระราชบัญญัติกองทุนสำรองเลี้ยงชีพ พ.ศ. 2530 มาตรา 9 และต้องเป็นเงินสมทบของนายจ้างที่จ่ายเข้ากองทุนเพื่อประโยชน์แก่ลูกจ้างในกิจการปิโตรเลียมเท่านั้น ตามพระราชบัญญัติภาษีเงินได้ปิโตรเลียม พ.ศ. 2514 มาตรา 65 เอกูนวีสติ.,1. กองทุนได้ตั้งไว้เพื่อประโยชน์แก่ลูกจ้างโดยเฉพาะ 2. เงินกองทุนต้องแยกไว้ต่างหากให้พ้นจากการครอบครองของบริษัท 3. เงินกองทุนจะนำไปใช้เพื่อประโยชน์อย่างอื่นไม่ได้นอกจากเพื่อประโยชน์แก่กองทุนโดยเฉพาะ 4. เงินสมทบกองทุนต้องไม่กลับคืนมาเป็นของบริษัทอีก และ 5. เงินสมทบกองทุนต้องจ่ายตามข้อผูกพันที่มีระเบียบว่าด้วยกองทุนกำหนดไว้เป็นหนังสือ,เงินสมทบกองทุนสำรองเลี้ยงชีพหรือกองทุนบำเหน็จบำนาญจะถือเป็นรายจ่ายได้ไม่เกินร้อยละ 10 ของเงินเดือนหรือค่าจ้างที่ลูกจ้างได้รับในรอบระยะเวลาบัญชีและต้องอยู่ภายใต้เงื่อนไขคือ 1. กองทุนได้ตั้งไว้เพื่อประโยชน์แก่ลูกจ้างโดยเฉพาะ 2. เงินกองทุนต้องแยกไว้ต่างหากให้พ้นจากการครอบครองของบริษัท 3. เงินกองทุนจะนำไปใช้เพื่อประโยชน์อย่างอื่นไม่ได้นอกจากเพื่อประโยชน์แก่กองทุนโดยเฉพาะ 4. เงินสมทบกองทุนต้องไม่กลับคืนมาเป็นของบริษัทอีก และ 5. เงินสมทบกองทุนต้องจ่ายตามข้อผูกพันที่มีระเบียบว่าด้วยกองทุนกำหนดไว้เป็นหนังสือ คำอธิบาย : พระราชบัญญัติภาษีเงินได้ปิโตรเลียม พ.ศ. 2514 มาตรา 26 การคำนวณรายได้ รายจ่ายและกำไรสุทธิตามหมวดนี้ให้เป็นไปดังต่อไปนี้ (15)เงินสมทบกองทุนสำรองเลี้ยงชีพหรือกองทุนบำเหน็จบำนาญจะถือเป็นรายจ่ายได้ไม่เกินร้อยละ 10 ของเงินเดือนหรือค่าจ้างที่ลูกจ้างได้รับในรอบระยะเวลาบัญชีและต้องอยู่ภายใต้เงื่อนไขต่อไปนี้ (ก)กองทุนได้ตั้งไว้เพื่อประโยชน์แก่ลูกจ้างโดยเฉพาะ (ข) เงินกองทุนต้องแยกไว้ต่างหากให้พ้นจากการครอบครองของบริษัท (ค)เงินกองทุนจะนำไปใช้เพื่อประโยชน์อย่างอื่นไม่ได้นอกจากเพื่อประโยชน์แก่กองทุนโดยเฉพาะ (ง)เงินสมทบกองทุนต้องไม่กลับคืนมาเป็นของบริษัทอีก และ (จ)เงินสมทบกองทุนต้องจ่ายตามข้อผูกพันที่มีระเบียบว่าด้วยกองทุนกำหนดไว้เป็นหนังสือ,1906,183,2089,0.13381570001365617,3.626016399997752,3.7598321000114083,0,0,0.0,0.0,0.0,0.0,0.816990852355957
226,sparse_rag,ผู้ประกอบธุรกิจสัญญาซื้อขายล่วงหน้าที่กระทำละเมิดกฎหมายจะถูกปรับไม่เกินวันละกี่บาท,ผู้ประกอบธุรกิจสัญญาซื้อขายล่วงหน้าที่ฝ่าฝืนหรือไม่ปฏิบัติตามมาตรา 27 และมาตรา 28 แห่งพระราชบัญญัติสัญญาซื้อขายล่วงหน้า พ.ศ. 2546 ต้องระวางโทษปรับไม่เกินวันละหนึ่งหมื่นบาท ตลอดเวลาที่ยังฝ่าฝืน,หนึ่งหมื่นบาท,หนึ่งหมื่นบาท  พระราชบัญญัติสัญญาซื้อขายล่วงหน้า พ.ศ. 2546 มาตรา 129 ผู้ประกอบธุรกิจสัญญาซื้อขายล่วงหน้าใดฝ่าฝืนหรือไม่ปฏิบัติตามมาตรา 27 และมาตรา 28 ต้องระวางโทษปรับไม่เกินสามแสนบาท และปรับอีกไม่เกินวันละหนึ่งหมื่นบาทตลอดเวลาที่ยังฝ่าฝืน,1002,116,1118,0.13335379998898134,2.293831399991177,2.4271851999801584,1,0,0.3333333333333333,1.0,0.0,0.0,0.9645020961761475
227,sparse_rag,ถ้ามีการดำเนินงานที่มีลักษณะอันอาจจะก่อให้เกิดความเสียหายต่อทรัพย์สินของลูกค้าสำนักงาน ก.ล.ต. มีอำนาจสั่งให้ผู้ประกอบธุรกิจสัญญาซื้อขายล่วงหน้าอย่างไรบ้าง,"สำนักงาน ก.ล.ต. มีอำนาจสั่งให้ผู้ประกอบธุรกิจสัญญาซื้อขายล่วงหน้า งดการซื้อขายสัญญาซื้อขายล่วงหน้า เว้นแต่การซื้อขายเพื่อล้างฐานะสัญญาซื้อขายล่วงหน้า, โอนฐานะสัญญาซื้อขายล่วงหน้าและทรัพย์สินของลูกค้าไปให้ผู้ประกอบธุรกิจรายอื่นดำเนินการแทน, ล้างฐานะสัญญาซื้อขายล่วงหน้าของลูกค้า หรือล้างฐานะสัญญาซื้อขายล่วงหน้าที่ผู้ประกอบธุรกิจมีไว้เพื่อประโยชน์ของตนเอง ตามมาตรา 50 แห่งพระราชบัญญัติสัญญาซื้อขายล่วงหน้า พ.ศ. 2546",(1) งดการซื้อขายสัญญาซื้อขายล่วงหน้า เว้นแต่การซื้อขายเพื่อล้างฐานะสัญญาซื้อขายล่วงหน้า (2) โอนฐานะสัญญาซื้อขายล่วงหน้าและทรัพย์สินของลูกค้าไปให้ผู้ประกอบธุรกิจสัญญาซื้อขายล่วงหน้ารายอื่นดำเนินการแทน (3) ล้างฐานะสัญญาซื้อขายล่วงหน้าของลูกค้าในกรณีที่ไม่สามารถโอนให้ผู้ประกอบธุรกิจสัญญาซื้อขายล่วงหน้ารายอื่นได้ (4) ล้างฐานะสัญญาซื้อขายล่วงหน้าที่ผู้ประกอบธุรกิจสัญญาซื้อขายล่วงหน้ามีไว้เพื่อประโยชน์ของตนเอง (5) กระทำการหรืองดเว้นกระทำการใด ๆ ตามที่เห็นสมควร,(1) งดการซื้อขายสัญญาซื้อขายล่วงหน้า เว้นแต่การซื้อขายเพื่อล้างฐานะสัญญาซื้อขายล่วงหน้า (2) โอนฐานะสัญญาซื้อขายล่วงหน้าและทรัพย์สินของลูกค้าไปให้ผู้ประกอบธุรกิจสัญญาซื้อขายล่วงหน้ารายอื่นดำเนินการแทน (3) ล้างฐานะสัญญาซื้อขายล่วงหน้าของลูกค้าในกรณีที่ไม่สามารถโอนให้ผู้ประกอบธุรกิจสัญญาซื้อขายล่วงหน้ารายอื่นได้ (4) ล้างฐานะสัญญาซื้อขายล่วงหน้าที่ผู้ประกอบธุรกิจสัญญาซื้อขายล่วงหน้ามีไว้เพื่อประโยชน์ของตนเอง (5) กระทำการหรืองดเว้นกระทำการใด ๆ ตามที่เห็นสมควร ในกรณีที่ปรากฏเหตุการณ์ตามวรรคหนึ่ง และมีความจำเป็นรีบด่วนที่ต้องป้องกันหรือบรรเทาความเสียหายที่อาจเกิดขึ้นหรือเป็นกรณีที่ผู้ประกอบธุรกิจสัญญาซื้อขายล่วงหน้าไม่ปฏิบัติตามคำสั่งตามวรรคหนึ่ง ให้สำนักงาน ก.ล.ต. มีอำนาจสั่งระงับการดำเนินกิจการทั้งหมดหรือบางส่วนของผู้ประกอบธุรกิจสัญญาซื้อขายล่วงหน้าและมีอำนาจดำเนินการตาม (2) (3) หรือ (4) ได้,1780,248,2028,0.14353850000770763,4.502204800024629,4.645743300032336,1,0,0.5,1.0,0.0,0.0,0.9121063947677612
228,sparse_rag,กลต สามารถยกเลิกเเบบแของสัญญาซื้อขายล่วงหน้าได้หรือไม่,สำนักงานคณะกรรมการกำกับหลักทรัพย์และตลาดหลักทรัพย์ (ก.ล.ต.) สามารถยกเลิกความเห็นชอบแบบและข้อความของสัญญาซื้อขายล่วงหน้าได้ หากปรากฏในภายหลังว่าสัญญานั้นไม่สอดคล้องกับสภาพเศรษฐกิจ ตามมาตรา 68 แห่งพระราชบัญญัติสัญญาซื้อขายล่วงหน้า พ.ศ. 2546,ได้,ได้   พระราชบัญญัติสัญญาซื้อขายล่วงหน้า พ.ศ. 2546 มาตรา 68 ในกรณีที่ปรากฏในภายหลังว่าแบบและข้อความของสัญญาซื้อขายล่วงหน้าที่ได้รับความเห็นชอบตามมาตรา 67 ไม่สอดคล้องกับสภาพเศรษฐกิจให้สำนักงาน ก.ล.ต. มีอำนาจยกเลิกความเห็นชอบที่ให้ไว้แล้วได้,996,129,1125,0.15328900003805757,2.131433599977754,2.2847226000158116,1,0,0.5,0.5,0.0,0.0,0.9530080556869507
229,sparse_rag,หากสมาคมกำกับผู้ประกอบธุรกิจสัญญาซื้อขายล่วงหน้าไม่ได้แจ้งคำสั่งหรือส่งเอกสารหลักฐานในการลงโทษทางวินัยนั้นให้สำนักงาน ก.ล.ต. หรือไม่ปฏิบัติตามหลักเกณฑ์ในการเปิดเผยข้อมูลที่กำหนดไว้ ต้องรับโทษอย่างไร,ตามมาตรา 15 และมาตรา 71 แห่งพระราชบัญญัติสัญญาซื้อขายล่วงหน้า พ.ศ. 2546 สมาคมกำกับผู้ประกอบธุรกิจสัญญาซื้อขายล่วงหน้ามีหน้าที่ต้องแจ้งคำสั่งลงโทษทางวินัยให้สำนักงาน ก.ล.ต. ทราบ และต้องเปิดเผยข้อมูลตามหลักเกณฑ์ที่กำหนด หากไม่ปฏิบัติตาม อาจถูกดำเนินคดีตามกฎหมาย อย่างไรก็ตาม บริบทที่ให้มาไม่ระบุโทษทางอาญาโดยตรง จึงไม่สามารถระบุโทษได้ชัดเจนจากข้อมูลที่มี,"ต้องรับโทษทางปกครอง ได้แก่ ภาคทัณฑ์, ตำหนิโดยเปิดเผยต่อสาธารณชน, ปรับทางปกครอง, จำกัดการประกอบการ, พักการประกอบการที่ได้รับใบอนุญาตซึ่งได้จดทะเบียนหรือที่ได้รับความเห็นชอบภายในระยะเวลาที่กำหนด, เพิกถอนใบอนุญาต การจดทะเบียน หรือการให้ความเห็นชอบที่มีการกำหนดไว้","ต้องรับโทษทางปกครอง ได้แก่ ภาคทัณฑ์, ตำหนิโดยเปิดเผยต่อสาธารณชน, ปรับทางปกครอง, จำกัดการประกอบการ, พักการประกอบการที่ได้รับใบอนุญาตซึ่งได้จดทะเบียนหรือที่ได้รับความเห็นชอบภายในระยะเวลาที่กำหนด, เพิกถอนใบอนุญาต การจดทะเบียน หรือการให้ความเห็นชอบที่มีการกำหนดไว้    ตามพระราชบัญญัติสัญญาซื้อขายล่วงหน้า พ.ศ. 2546 มาตรา 117 สมาคมกำกับผู้ประกอบธุรกิจสัญญาซื้อขายล่วงหน้าฝ่าฝืนหรือไม่ปฏิบัติตามโดยไม่ได้มีการแจ้งคำสั่งหรือส่งเอกสารหลักฐานในการลงโทษทางวินัยนั้นให้สำนักงาน ก.ล.ต. หรือไม่ปฏิบัติตามหลักเกณฑ์ในการเปิดเผยข้อมูลที่กำหนดไว้ ต้องรับโทษทางปกครองตามที่กำหนดไว้",1217,195,1412,0.1662588999606669,3.5465190000250004,3.7127778999856673,1,0,0.2,0.0,0.0,0.0,0.886507511138916
230,sparse_rag,ถ้าไม่ปฎิบัติตามเงื่อนไขที่กฎหมายว่าด้วยสัญญาซื้อขายล่วงหน้าบัญญัติไว้จะโดนโทษทางอาญาด้วยไหม,ใช่ ถ้าไม่ปฏิบัติตามเงื่อนไขที่กฎหมายว่าด้วยสัญญาซื้อขายล่วงหน้าบัญญัติไว้ จะต้องระวางโทษทางอาญา ตามมาตรา 127 และมาตรา 128 แห่งพระราชบัญญัติสัญญาซื้อขายล่วงหน้า พ.ศ. 2546 ซึ่งกำหนดให้มีโทษปรับไม่เกินหนึ่งแสนบาท และปรับเพิ่มอีกไม่เกินวันละหนึ่งหมื่นบาท ตลอดเวลาที่ยังฝ่าฝืน,"ความผิดตามมาตรา 126, 127, 128, 129, 130, 131, 133, 135, 138, 139 วรรคหนึ่ง, 142, 143 และ 151 วรรคสอง ซึ่งไม่มีผลเสียหายร้ายแรงต่อลูกค้า ประชาชน ตลาดสัญญาซื้อขายล่วงหน้า หรือระบบการเงินของประเทศ ให้คณะกรรมการเปรียบเทียบความผิดมีอำนาจเปรียบเทียบได้ และหากผู้ต้องหาได้ชำระค่าปรับตามคำเปรียบเทียบภายในระยะเวลาที่กำหนดแล้ว ให้สิทธินำคดีอาญามาฟ้องในกรณีแห่งความผิดนั้นเป็นอันระงับไป.",พระราชบัญญัติสัญญาซื้อขายล่วงหน้า พ.ศ. 2546 มาตรา 155 ความผิดตามมาตรา 126 มาตรา 127 มาตรา 128 มาตรา 129 มาตรา 130 มาตรา 131 มาตรา 133 มาตรา 135 มาตรา 138 มาตรา 139 วรรคหนึ่ง มาตรา 142 มาตรา 143 และมาตรา 151 วรรคสอง ซึ่งไม่มีผลเสียหายร้ายแรงต่อลูกค้า ประชาชน ตลาดสัญญาซื้อขายล่วงหน้า หรือระบบการเงินของประเทศ ให้คณะกรรมการเปรียบเทียบความผิดซึ่งรัฐมนตรีแต่งตั้งตามกฎหมายว่าด้วยหลักทรัพย์และตลาดหลักทรัพย์มีอำนาจเปรียบเทียบได้ ทั้งนี้ ตามหลักเกณฑ์ที่คณะกรรมการ ก.ล.ต. ประกาศกำหนด เมื่อคณะกรรมการเปรียบเทียบความผิดได้ทำการเปรียบเทียบกรณีใด และผู้ต้องหาได้ชำระค่าปรับตามคำเปรียบเทียบภายในระยะเวลาที่คณะกรรมการเปรียบเทียบความผิดกำหนดแล้ว ให้สิทธินำคดีอาญามาฟ้องในกรณีแห่งความผิดนั้นเป็นอันระงับไป,1029,162,1191,0.1565233000437729,2.985213099978864,3.141736400022637,1,0,0.14285714285714285,0.0,0.15384615384615385,0.15384615384615385,0.7949672937393188
231,sparse_rag,ถ้ามีคนใดแพร่ข้อความซึ่งแสดงว่าราคาสัญญาซื้อขายล่วงหน้าใดที่มีการซื้อขายในศูนย์ซื้อขายสัญญาซื้อขายล่วงหน้าจะหรือน่าจะสูงขึ้นหรือต่ำลง หรือมีผลหรือน่าจะมีผลเป็นการรักษาระดับราคาสัญญาซื้อขายล่วงหน้าทำได้หรือไม่,ไม่ได้ ตามมาตรา 97 แห่งพระราชบัญญัติสัญญาซื้อขายล่วงหน้า พ.ศ. 2546 ห้ามมิให้บุคคลใดแพร่ข้อความดังกล่าว โดยเฉพาะหากบุคคลนั้นเป็นผู้ทำการซื้อขายสัญญาซื้อขายล่วงหน้า หรือได้รับหรือจะได้รับค่าตอบแทนหรือประโยชน์ใด ๆ เกี่ยวกับการแพร่ข้อความนั้น,ทำไม่ได้ ห้ามไม่ให้บุคคลใดแพร่ข้อความซึ่งแสดงว่าราคาสัญญาซื้อขายล่วงหน้าใดที่มีการซื้อขายในศูนย์ซื้อขายสัญญาซื้อขายล่วงหน้าจะหรือน่าจะสูงขึ้นหรือต่ำลง หรือมีผลหรือน่าจะมีผลเป็นการรักษาระดับราคาสัญญาซื้อขายล่วงหน้า,ทำไม่ได้ ห้ามไม่ให้บุคคลใดแพร่ข้อความซึ่งแสดงว่าราคาสัญญาซื้อขายล่วงหน้าใดที่มีการซื้อขายในศูนย์ซื้อขายสัญญาซื้อขายล่วงหน้าจะหรือน่าจะสูงขึ้นหรือต่ำลง หรือมีผลหรือน่าจะมีผลเป็นการรักษาระดับราคาสัญญาซื้อขายล่วงหน้า,1527,142,1669,0.14749870001105592,2.2905487999669276,2.4380474999779835,1,0,0.5,1.0,0.0,0.0,0.8599308729171753
232,sparse_rag,ในกรณีที่มีเหตุจำเป็นเพื่อประโยชน์ในการรักษาความมั่นคงของระบบการเงินของประเทศ คณะกรรมการ ก.ล.ต. มีอำนาจสั่งให้ศูนย์ซื้อขายสัญญาซื้อขายล่วงหน้าทำอะไรบ้าง,"ในกรณีดังกล่าว คณะกรรมการ ก.ล.ต. มีอำนาจสั่งให้ศูนย์ซื้อขายสัญญาซื้อขายล่วงหน้าดำเนินการดังต่อไปนี้ ตามมาตรา 70 แห่งพระราชบัญญัติสัญญาซื้อขายล่วงหน้า พ.ศ. 2546  
(1) สั่งงดการซื้อขายสัญญาซื้อขายล่วงหน้า เว้นแต่การซื้อขายเพื่อล้างฐานะสัญญาซื้อขายล่วงหน้า  
(2) สั่งล้างฐานะสัญญาซื้อขายล่วงหน้า  
(3) สั่งจำกัดช่วงราคาการซื้อขายสัญญาซื้อขายล่วงหน้า  
(4) สั่งแก้ไขหรือพักการบังคับใช้กฎเกณฑ์ใด ๆ ของศูนย์ซื้อขายสัญญาซื้อขายล่วงหน้าเป็นการชั่วคราว  
(5) กระทำการหรืองดเว้นกระทำการใด ๆ ตามที่เห็นสมควร",คณะกรรมการ ก.ล.ต. มีอำนาจสั่งให้ศูนย์ซื้อขายสัญญาซื้อขายล่วงหน้า ดำเนินการดังต่อไปนี้ 1. สั่งงดการซื้อขายสัญญาซื้อขายล่วงหน้า ยกเว้นกรณีซื้อขายเพื่อล้างฐานะสัญญา 2. สั่งล้างฐานะสัญญาซื้อขายล่วงหน้า 3. สั่งจำกัดช่วยราคาการซื้อขายสัญญาซื้อขายล่วงหน้า 4. สั่งแก้ไขหรือพักการใช้บังคับกฎเกณฑ์ใดๆ ของศูนย์ซื้อขายสัญญาฯ เป็นการชั่วคราว 5. กระทำการหรืองดเว้นการกระทำการใดๆ ตามที่เห็นสมควร,คณะกรรมการ ก.ล.ต. มีอำนาจสั่งให้ศูนย์ซื้อขายสัญญาซื้อขายล่วงหน้า ดำเนินการดังต่อไปนี้ 1. สั่งงดการซื้อขายสัญญาซื้อขายล่วงหน้า ยกเว้นกรณีซื้อขายเพื่อล้างฐานะสัญญา 2. สั่งล้างฐานะสัญญาซื้อขายล่วงหน้า 3. สั่งจำกัดช่วยราคาการซื้อขายสัญญาซื้อขายล่วงหน้า 4. สั่งแก้ไขหรือพักการใช้บังคับกฎเกณฑ์ใดๆ ของศูนย์ซื้อขายสัญญาฯ เป็นการชั่วคราว 5. กระทำการหรืองดเว้นการกระทำการใดๆ ตามที่เห็นสมควร  คำอธิบายขยายความ : มาตรา 70 แห่งพระราชบัญญัติสัญญาซื้อขายล่วงหน้า พ.ศ. 2546 ในกรณีที่มีเหตุจำเป็นเพื่อประโยชน์ในการรักษาความมั่นคงของระบบการเงินเศรษฐกิจของประเทศ หรือดำรงไว้ซึ่งเสถียรภาพของระบบการซื้อขายและการชำระหนี้ในตลาดสัญญาซื้อขายล่วงหน้า ให้คณะกรรมการ ก.ล.ต. มีอำนาจสั่งให้ศูนย์ซื้อขายสัญญาซื้อขายล่วงหน้าดำเนินการดังต่อไปนี้ (1) สั่งงดการซื้อขายสัญญาซื้อขายล่วงหน้า เว้นแต่การซื้อขายเพื่อล้างฐานะสัญญาซื้อขายล่วงหน้า (2) สั่งล้างฐานะสัญญาซื้อขายล่วงหน้า (3) สั่งจำกัดช่วงราคาการซื้อขายสัญญาซื้อขายล่วงหน้า (4) สั่งแก้ไขหรือพักการบังคับใช้กฎเกณฑ์ใด ๆ ของศูนย์ซื้อขายสัญญาซื้อขายล่วงหน้าเป็นการชั่วคราว (5) กระทำการหรืองดเว้นกระทำการใด ๆ ตามที่เห็นสมควร ในการดำเนินการตามวรรคหนึ่ง หากศูนย์ซื้อขายสัญญาซื้อขายล่วงหน้าจำเป็นต้องแก้ไขหรือกำหนดกฎเกณฑ์เพิ่มเติม ศูนย์ซื้อขายสัญญาซื้อขายล่วงหน้าไม่ต้องเสนอกฎเกณฑ์ให้คณะกรรมการ ก.ล.ต. ให้ความเห็นชอบตามมาตรา 63 และให้ถือว่ากฎเกณฑ์ดังกล่าวได้รับความเห็นชอบจากคณะกรรมการ ก.ล.ต. แล้ว ในกรณีที่มีเหตุจำเป็นอันเนื่องมาจากการซื้อขายสัญญาซื้อขายล่วงหน้าซึ่งกำหนดให้ชำระเงินที่คำนวณจากอัตราแลกเปลี่ยนเงิน อันอาจมีผลกระทบต่อความมั่นคงของระบบการเงิน เศรษฐกิจของประเทศ หรือเสถียรภาพของระบบการซื้อขายและการชำระหนี้ในตลาดสัญญาซื้อขายล่วงหน้า ธนาคารแห่งประเทศไทยจะแจ้งให้คณะกรรมการ ก.ล.ต. ทราบเพื่อพิจารณาดำเนินการตามวรรคหนึ่งก็ได้,2078,301,2379,0.14299179997760803,5.414178700011689,5.557170499989297,1,0,0.5,1.0,1.0,1.0,0.864430844783783
233,sparse_rag,การแจ้งคำสั่งและการลงโทษของศูนย์ซื้อขายล่วงหน้า เอามาใช้บังคับกับสมาคมได้ไหม,การแจ้งคำสั่งลงโทษของศูนย์ซื้อขายสัญญาซื้อขายล่วงหน้าตามมาตรา 71 แห่งพระราชบัญญัติสัญญาซื้อขายล่วงหน้า พ.ศ. 2546 ใช้บังคับกับศูนย์ซื้อขายสัญญาซื้อขายล่วงหน้าเท่านั้น ไม่ใช่กับสมาคมกำกับผู้ประกอบธุรกิจสัญญาซื้อขายล่วงหน้า โดยสมาคมมีสิทธิอุทธรณ์คำสั่งลงโทษของสำนักงาน ก.ล.ต. ตามมาตรา 124 แห่งพระราชบัญญัติดังกล่าว,ได้ ทั้งนี้ ตามมาตราพระราชบัญญัติสัญญาซื้อขายล่วงหน้า พ.ศ. 2546 มาตรา 91 ให้นำมาตรา 71 72 73 มาใช้บังคับโดยอนุโลมกับสมาคมกำกับผู้ประกอบธุรกิจสัญญาซื้อขายล่วงหน้าโดยอนุโลม,ได้ ทั้งนี้ ตามมาตราพระราชบัญญัติสัญญาซื้อขายล่วงหน้า พ.ศ. 2546 มาตรา 91 ให้นำมาตรา 71 72 73 มาใช้บังคับโดยอนุโลมกับสมาคมกำกับผู้ประกอบธุรกิจสัญญาซื้อขายล่วงหน้าโดยอนุโลม,1177,195,1372,0.13469269999768585,3.2192606999888085,3.3539533999864943,1,0,0.25,0.0,0.4,0.2,0.8593370318412781
234,sparse_rag,ความผิดตามพระราชบัญญัติสัญญาซื้อขายล่วงหน้า พ.ศ. 2546 ซึ่งมีโทษทางปกครองหรือมีโทษปรับสถานเดียวอาจขาดอายุความได้ในกรณีใด,ความผิดตามพระราชบัญญัติสัญญาซื้อขายล่วงหน้า พ.ศ. 2546 ที่มีโทษทางปกครองหรือมีโทษปรับสถานเดียวอาจขาดอายุความได้ หากไม่มีการลงโทษทางปกครอง ไม่มีการฟ้องคดีต่อศาล หรือไม่มีการเปรียบเทียบโดยคณะกรรมการเปรียบเทียบความผิดตามมาตรา 155 ภายในหนึ่งปีนับแต่วันที่พนักงานเจ้าหน้าที่วินิจฉัยว่ามีการกระทำความผิด หรือภายในห้าปีนับแต่วันที่มีการกระทำความผิด,กรณีที่มิได้มีการลงโทษทางปกครอง หรือกรณีที่มิได้มีการฟ้องคดีต่อศาล หรือกรณีที่มิได้มีการเปรียบเทียบโดยคณะกรรมการเปรียบเทียบความผิด ภายใน 1 ปีนับแต่วันที่พนักงานเจ้าหน้าที่วินิจฉัยว่ามีการกระทำความผิด หรือภายใน 5 ปี นับแต่วันที่มีการกระทำความผิด,กรณีที่มิได้มีการลงโทษทางปกครอง หรือกรณีที่มิได้มีการฟ้องคดีต่อศาล หรือกรณีที่มิได้มีการเปรียบเทียบโดยคณะกรรมการเปรียบเทียบความผิด ภายใน 1 ปีนับแต่วันที่พนักงานเจ้าหน้าที่วินิจฉัยว่ามีการกระทำความผิด หรือภายใน 5 ปี นับแต่วันที่มีการกระทำความผิด  ทั้งนี้ ตามมาตรา 154 พระราชบัญญัติสัญญาซื้อขายล่วงหน้า พ.ศ. 2546,1077,176,1253,0.14641180000035092,3.1180764000164345,3.2644882000167854,1,0,0.5,1.0,0.0,0.0,0.9366505146026611
235,sparse_rag,ถ้าคณะกรรมการสัญญาซื้อขายล่วงหน้าจะให้ความเห็นชอบเรื่องเกี่ยวกับเงินได้ไหม,คณะกรรมการสัญญาซื้อขายล่วงหน้า (สำนักงาน ก.ล.ต.) ไม่สามารถให้ความเห็นชอบสัญญาซื้อขายล่วงหน้าที่มีสินค้าเป็นหลักทรัพย์ประเภทพันธบัตรหรือตั๋วเงินคลัง หรือสัญญาที่กำหนดให้มีการชำระเงินจากอัตราแลกเปลี่ยนหรืออัตราดอกเบี้ยได้ เว้นแต่จะได้ปรึกษาหารือกับธนาคารแห่งประเทศไทยก่อน ตามมาตรา 69 แห่งพระราชบัญญัติสัญญาซื้อขายล่วงหน้า พ.ศ. 2546,ให้สำนักงาน ก.ล.ต. ปรึกษาหารือกับธนาคารแห่งประเทศไทยก่อน,หากสัญญาซื้อขายล่วงหน้าเป็นสัญญาที่มีสินค้าเป็นหลักทรัพย์ประเภทพันธบัตรหรือตั๋วเงินคลัง หรือเป็นสัญญาที่กำหนดให้มีการชำระเงินที่คำนวณจากอัตราแลกเปลี่ยนเงินหรืออัตราดอกเบี้ย ให้สำนักงาน ก.ล.ต. ปรึกษาหารือกับธนาคารแห่งประเทศไทยก่อน,1372,180,1552,0.1487730999942869,3.2977313000010327,3.4465043999953195,1,0,0.6666666666666666,1.0,0.0,0.0,0.9444860219955444
236,sparse_rag,สำนักหักบัญชีสัญญาซื้อขายล่วงหน้ามีข้อยกเว้นตามพระราชบัญญัติสัญญาซื้อขายล่วงหน้า พ.ศ. 2546 หรือไม่,สำนักหักบัญชีสัญญาซื้อขายล่วงหน้าไม่มีข้อยกเว้นตามพระราชบัญญัติสัญญาซื้อขายล่วงหน้า พ.ศ. 2546 เนื่องจากต้องเป็นนิติบุคคลประเภทบริษัทจำกัดหรือบริษัทมหาชนจำกัดและได้รับใบอนุญาตจากคณะกรรมการ ก.ล.ต. ตามมาตรา 75 แห่งพระราชบัญญัติดังกล่าว,มี คือ หมวด 4 ส่วนที่ 2 เรื่อง หลักเกณฑ์สำหรับสำนักหักบัญชีสัญญาซื้อขายล่วงหน้า ไม่บังคับใช้แก่สำนักหักบัญชีสัญญาซื้อขายล่วงหน้าตามมาตรา 75 วรรคสอง ยกเว้นมาตรา 79,มี คือ หมวด 4 ส่วนที่ 2 เรื่อง หลักเกณฑ์สำหรับสำนักหักบัญชีสัญญาซื้อขายล่วงหน้า ไม่บังคับใช้แก่สำนักหักบัญชีสัญญาซื้อขายล่วงหน้าตามมาตรา 75 วรรคสอง ยกเว้นมาตรา 79,1131,134,1265,0.14718050003284588,2.1083442000090145,2.2555247000418603,1,0,0.3333333333333333,0.0,0.25,0.25,0.8532414436340332
237,sparse_rag,การกระทำความผิดตามพระราชบัญญัติสัญญาซื้อขายล่วงหน้า พ.ศ. 2546 นอกราชอาณาจักรต้องรับผิดในราชอาณาจักรหรือไม่,ใช่ การกระทำความผิดตามพระราชบัญญัติสัญญาซื้อขายล่วงหน้า พ.ศ. 2546 นอกราชอาณาจักร ต้องรับโทษในราชอาณาจักรตามมาตรา 98 แห่งพระราชบัญญัติดังกล่าว และการกระทำของผู้เป็นตัวการ ผู้สนับสนุน หรือผู้ใช้ให้กระทำความผิดนั้น แม้จะกระทำนอกราชอาณาจักร ก็ให้ถือว่าได้กระทำในราชอาณาจักร โดยให้นำมาตรา 10 แห่งประมวลกฎหมายอาญา มาใช้บังคับโดยอนุโลม,ต้องรับผิดในราชอาณาจักร หากเป็นการกระทำผิดในมาตรา 92 และมาตรา 94,ต้องรับผิดในราชอาณาจักร หากเป็นการกระทำผิดในมาตรา 92 และมาตรา 94  คำอธิบายเพิ่มเติม : ตามมาตรา 98 พระราชบัญญัติสัญญาซื้อขายล่วงหน้า พ.ศ. 2546 บุคคลใดกระทำความผิดตามมาตรา 92 หรือมาตรา 94 นอกราชอาณาจักร จะต้องรับโทษในราชอาณาจักร และการกระทำของผู้เป็นตัวการ ผู้สนับสนุน หรือผู้ใช้ให้กระทำความผิดนั้น แม้จะกระทำนอกราชอาณาจักรให้ถือว่าตัวการ ผู้สนับสนุน หรือผู้ใช้ให้กระทำความผิดนั้นได้กระทำในราชอาณาจักร ทั้งนี้ ให้นำมาตรา 10 แห่งประมวลกฎหมายอาญามาใช้บังคับโดยอนุโลม,1212,182,1394,0.13703260000329465,3.4509576000273228,3.5879902000306174,1,0,0.3333333333333333,1.0,0.0,0.0,0.950844943523407
238,sparse_rag,กรณีลูกค้าได้รับทรัพย์สินคืนไม่ครบจำนวนจากผู้ประกอบธุรกิจสัญญาซื้อขายล่วงหน้าที่ถูกศาลสั่งพิทักษ์ทรัพย์ จะเอาทรัพย์คืนอย่างไร,หากลูกค้าได้รับทรัพย์สินคืนไม่ครบจำนวนจากผู้ประกอบธุรกิจสัญญาซื้อขายล่วงหน้าที่ถูกศาลสั่งพิทักษ์ทรัพย์ ลูกค้ามีสิทธิขอรับชำระหนี้สำหรับจำนวนที่ยังขาดอยู่ในคดีล้มละลายของผู้ประกอบธุรกิจดังกล่าวได้ ตามมาตรา 45 แห่งพระราชบัญญัติสัญญาซื้อขายล่วงหน้า พ.ศ. 2546 ทั้งนี้ ต้องยื่นขอรับชำระหนี้ภายในระยะเวลาที่กำหนดไว้ในมาตรา 91 แห่งพระราชบัญญัติล้มละลาย พุทธศักราช 2483,ลูกค้าสามารถเอาทรัพย์สินคืนได้โดยวิธี ดังนี้ ให้ลูกค้ามีสิทธิขอรับชำระหนี้สำหรับจำนวนที่ยังขาดอยู่ในคดีล้มละลายของผู้ประกอบธุรกิจสัญญาซื้อขายล่วงหน้าได้ ระยะเวลายื่นขอรับชำระหนี้ที่ยังขาด ภายในระยะเวลาที่กำหนดไว้ในมาตรา 91 แห่งพระราชบัญญัติล้มละลาย พุทธศักราช 2483,ลูกค้าสามารถเอาทรัพย์สินคืนได้โดยวิธี ดังนี้ ให้ลูกค้ามีสิทธิขอรับชำระหนี้สำหรับจำนวนที่ยังขาดอยู่ในคดีล้มละลายของผู้ประกอบธุรกิจสัญญาซื้อขายล่วงหน้าได้ ระยะเวลายื่นขอรับชำระหนี้ที่ยังขาด ภายในระยะเวลาที่กำหนดไว้ในมาตรา 91 แห่งพระราชบัญญัติล้มละลาย พุทธศักราช 2483,1429,213,1642,0.15704110002843663,3.9250177999492735,4.08205889997771,1,0,0.5,1.0,1.0,1.0,0.930635392665863
239,sparse_rag,ถ้ามีบุคคลถือหุ้นของผู้ประกอบธุรกิจสัญญาซื้อขายล่วงหน้าเกินร้อยละสิบของจำนวนหุ้นที่มีสิทธิออกเสียงทั้งหมดของผู้ประกอบธุรกิจสัญญาซื้อขายล่วงหน้า โดยไม่ได้รับความเห็นชอบจากสำนักงาน ก.ล.ต. ผลทางกฎหมายเป็นอย่างไร,ตามมาตรา 26 แห่งพระราชบัญญัติสัญญาซื้อขายล่วงหน้า พ.ศ. 2546 บุคคลดังกล่าวห้ามมิให้ผู้ประกอบธุรกิจสัญญาซื้อขายล่วงหน้าจ่ายเงินปันผลหรือผลประโยชน์อื่นใดสำหรับจำนวนหุ้นส่วนที่เกินร้อยละสิบ และห้ามมิให้บุคคลนั้นออกเสียงลงคะแนนในที่ประชุมผู้ถือหุ้นสำหรับจำนวนหุ้นส่วนที่เกินร้อยละสิบดังกล่าว,ไม่ให้ผู้ประกอบธุรกิจสัญญาซื้อขายล่วงหน้าจ่ายเงินปันผลหรือผลประโยชน์อื่นใด สำหรับจำนวนหุ้นในส่วนที่เกินร้อยละสิบให้แก่บุคคลนั้น หรือยอมให้บุคคลนั้นออกเสียงลงคะแนนในที่ประชุมผู้ถือหุ้นสำหรับจำนวนหุ้นในส่วนที่เกินร้อยละสิบ,ไม่ให้ผู้ประกอบธุรกิจสัญญาซื้อขายล่วงหน้าจ่ายเงินปันผลหรือผลประโยชน์อื่นใด สำหรับจำนวนหุ้นในส่วนที่เกินร้อยละสิบให้แก่บุคคลนั้น หรือยอมให้บุคคลนั้นออกเสียงลงคะแนนในที่ประชุมผู้ถือหุ้นสำหรับจำนวนหุ้นในส่วนที่เกินร้อยละสิบ,1847,171,2018,0.15159459999995306,2.1249272999702953,2.2765218999702483,1,1,1.0,0.5,0.0,0.0,0.9411835670471191
240,sparse_rag,เกณฑ์การขอให้ก.ล.ต. ตรวจสอบข้อมูลการทำผิดกฎหมายของสัญญาซื้อขายล่วงหน้า,"ตามพระราชบัญญัติสัญญาซื้อขายล่วงหน้า พ.ศ. 2546 มาตรา 105 หน่วยงานต่างประเทศที่มีอำนาจตามกฎหมายว่าด้วยสัญญาซื้อขายล่วงหน้าหรือกฎหมายอื่นในทำนองเดียวกันสามารถร้องขอให้สำนักงาน ก.ล.ต. ให้ความช่วยเหลือในการรวบรวมหรือตรวจสอบข้อมูลหรือพยานหลักฐานเพื่อใช้ประกอบการพิจารณาการกระทำอันเป็นการฝ่าฝืนกฎหมายดังกล่าวได้ โดยต้องเป็นไปตามเกณฑ์ดังนี้: (1) การให้ความช่วยเหลือต้องไม่ขัดต่อประโยชน์สาธารณะหรือการรักษาความลับของประเทศ, (2) การกระทำที่เป็นมูลกรณีต้องเข้าลักษณะความผิดตามพระราชบัญญัตินี้, และ (3) หน่วยงานต่างประเทศนั้นต้องยินยอมให้ความช่วยเหลือในทำนองเดียวกันหากได้รับคำร้องขอจากสำนักงาน ก.ล.ต.",(1) การให้ความช่วยเหลือนั้นต้องไม่ขัดต่อประโยชน์สาธารณชนหรือการรักษาความลับของประเทศ (2) การกระทำซึ่งเป็นมูลกรณีของความช่วยเหลือนั้นเข้าลักษณะประเภทความผิดตามพระราชบัญญัตินี้ (3) หน่วยงานต่างประเทศที่ร้องขอความช่วยเหลือตกลงหรือยินยอมที่จะให้ความช่วยเหลือในทำนองเดียวกันเป็นการตอบแทนหากได้รับคำร้องขอจากสำนักงาน ก.ล.ต.,เมื่อหน่วยงานที่มีอำนาจหน้าที่ตามกฎหมายว่าด้วยสัญญาซื้อขายล่วงหน้าหรือกฎหมายอื่นในทำนองเดียวกันของต่างประเทศร้องขอ ให้สำนักงาน ก.ล.ต. มีอำนาจให้ความช่วยเหลือในการรวบรวมหรือตรวจสอบข้อมูลหรือพยานหลักฐานที่จำเป็นเพื่อใช้ประกอบการพิจารณาการกระทำอันเป็นการฝ่าฝืนกฎหมายว่าด้วยสัญญาซื้อขายล่วงหน้าหรือกฎหมายอื่นในทำนองเดียวกันของประเทศผู้ร้องขอ ทั้งนี้ การให้ความช่วยเหลือในกรณีดังกล่าวต้องอยู่ภายใต้หลักเกณฑ์ดังต่อไปนี้ (1) การให้ความช่วยเหลือนั้นต้องไม่ขัดต่อประโยชน์สาธารณชนหรือการรักษาความลับของประเทศ (2) การกระทำซึ่งเป็นมูลกรณีของความช่วยเหลือนั้นเข้าลักษณะประเภทความผิดตามพระราชบัญญัตินี้ (3) หน่วยงานต่างประเทศที่ร้องขอความช่วยเหลือตกลงหรือยินยอมที่จะให้ความช่วยเหลือในทำนองเดียวกันเป็นการตอบแทนหากได้รับคำร้องขอจากสำนักงาน ก.ล.ต.   พระราชบัญญัติสัญญาซื้อขายล่วงหน้า พ.ศ. 2546 มาตรา 105 เมื่อหน่วยงานที่มีอำนาจหน้าที่ตามกฎหมายว่าด้วยสัญญาซื้อขายล่วงหน้าหรือกฎหมายอื่นในทำนองเดียวกันของต่างประเทศร้องขอ ให้สำนักงาน ก.ล.ต. มีอำนาจให้ความช่วยเหลือในการรวบรวมหรือตรวจสอบข้อมูลหรือพยานหลักฐานที่จำเป็นเพื่อใช้ประกอบการพิจารณาการกระทำอันเป็นการฝ่าฝืนกฎหมายว่าด้วยสัญญาซื้อขายล่วงหน้าหรือกฎหมายอื่นในทำนองเดียวกันของประเทศผู้ร้องขอ ทั้งนี้ การให้ความช่วยเหลือในกรณีดังกล่าวต้องอยู่ภายใต้หลักเกณฑ์ดังต่อไปนี้ (1) การให้ความช่วยเหลือนั้นต้องไม่ขัดต่อประโยชน์สาธารณชนหรือการรักษาความลับของประเทศ (2) การกระทำซึ่งเป็นมูลกรณีของความช่วยเหลือนั้นเข้าลักษณะประเภทความผิดตามพระราชบัญญัตินี้ (3) หน่วยงานต่างประเทศที่ร้องขอความช่วยเหลือตกลงหรือยินยอมที่จะให้ความช่วยเหลือในทำนองเดียวกันเป็นการตอบแทนหากได้รับคำร้องขอจากสำนักงาน ก.ล.ต. เพื่อประโยชน์แห่งมาตรานี้ ให้นำความในมาตรา 103 มาใช้บังคับโดยอนุโลม,1452,294,1746,0.14724680001381785,4.812265800021123,4.959512600034941,1,0,0.5,1.0,1.0,1.0,0.9074773788452148
241,sparse_rag,คุณสมบัติของผู้สอบบัญชีมีอะไรบ้าง,ผู้สอบบัญชีรับอนุญาตต้องมีคุณสมบัติดังนี้ตามมาตรา 39 แห่งพระราชบัญญัติวิชาชีพบัญชี พ.ศ. 2547 ได้แก่ เป็นสมาชิกสามัญหรือสมาชิกวิสามัญของสภาวิชาชีพบัญชี ผ่านการทดสอบหรือฝึกอบรมหรือฝึกงานหรือเคยปฏิบัติงานเกี่ยวกับวิชาชีพบัญชีมาแล้วตามที่กำหนด ไม่เคยต้องคำพิพากษาถึงที่สุดให้จำคุกเนื่องจากความผิดเกี่ยวกับทรัพย์เว้นแต่ความผิดฐานทำให้เสียทรัพย์หรือบุกรุก หรือความผิดตามกฎหมายว่าด้วยการบัญชี กฎหมายว่าด้วยผู้สอบบัญชี หรือกฎหมายว่าด้วยการกำหนดความผิดเกี่ยวกับห้างหุ้นส่วน บริษัท สมาคม และมูลนิธิเฉพาะที่เกี่ยวกับการรับรองงบการเงินหรือบัญชีอื่นใดอันไม่ถูกต้องหรือทำรายงานเท็จ หรือความผิดตามหมวด 5 และหมวด 6 แห่งพระราชบัญญัตินี้ เว้นแต่ต้องคำพิพากษาหรือพ้นโทษมาแล้วไม่น้อยกว่าห้าปี ไม่เป็นบุคคลล้มละลาย และต้องไม่มีลักษณะต้องห้ามอื่นตามที่กำหนดในข้อบังคับสภาวิชาชีพบัญชี นอกจากนี้ ตามมาตรา 121 แห่งพระราชบัญญัติบริษัทมหาชนจำกัด พ.ศ. 2535 ผู้สอบบัญชีต้องไม่เป็นกรรมการ พนักงาน ลูกจ้าง หรือผู้ดำรงตำแหน่งหน้าที่ใด ๆ ของบริษัท,ผู้สอบบัญชีต้องรับอนุญาตซึ่งสำนักงาน ก.ล.ต. ให้ความเห็นชอบ และไม่ใช่ผู้ถือหุ้น หรือผู้รับประโยชน์จากหุ้นตามมาตรา 25 วรรคสี่ หรือกรรมการ หรือพนักงาน หรือลูกจ้างของผู้ประกอบธุรกิจสัญญาซื้อขายล่วงหน้านั้น ทั้งนี้ ต้องรักษามรรยาทและปฏิบัติงานสอบบัญชีให้เป็นไปตามข้อกำหนดของกฎหมายว่าด้วยผู้สอบบัญชีและข้อกำหนดเพิ่มเติมตามที่คณะกรรมการ ก.ล.ต. ประกาศกำหนด,"ผู้สอบบัญชีต้องรับอนุญาตซึ่งสำนักงาน ก.ล.ต. ให้ความเห็นชอบ และไม่ใช่ผู้ถือหุ้น หรือผู้รับประโยชน์จากหุ้นตามมาตรา 25 วรรคสี่ หรือกรรมการ หรือพนักงาน หรือลูกจ้างของผู้ประกอบธุรกิจสัญญาซื้อขายล่วงหน้านั้น ทั้งนี้ ต้องรักษามรรยาทและปฏิบัติงานสอบบัญชีให้เป็นไปตามข้อกำหนดของกฎหมายว่าด้วยผู้สอบบัญชีและข้อกำหนดเพิ่มเติมตามที่คณะกรรมการ ก.ล.ต. ประกาศกำหนด 

คำอธิบายขยายความ : พระราชบัญญัติสัญญาซื้อขายล่วงหน้า พ.ศ. 2546 มาตรา 30 ผู้สอบบัญชีตามมาตรา 28 ต้องเป็นผู้สอบบัญชีรับอนุญาตซึ่งสำนักงาน ก.ล.ต. ให้ความเห็นชอบ และมิใช่ผู้ถือหุ้น ผู้รับประโยชน์จากหุ้นตามมาตรา 25 วรรคสี่ กรรมการ พนักงาน หรือลูกจ้างของผู้ประกอบธุรกิจสัญญาซื้อขายล่วงหน้านั้น และต้องรักษามรรยาทและปฏิบัติงานสอบบัญชีให้เป็นไปตามข้อกำหนดของกฎหมายว่าด้วยผู้สอบบัญชีและข้อกำหนดเพิ่มเติมตามที่คณะกรรมการ ก.ล.ต. ประกาศกำหนด การให้ความเห็นชอบผู้สอบบัญชีรับอนุญาตตามวรรคหนึ่ง ให้เป็นไปตามหลักเกณฑ์ที่สำนักงาน ก.ล.ต. ประกาศกำหนด",1424,513,1937,0.13824090000707656,9.350500100001227,9.488741000008304,0,0,0.0,0.0,0.0,0.0,0.8442750573158264
242,sparse_rag,บุคคลที่ถือหุ้นเกินกว่าร้อยละสิบของจำนวนหุ้นที่มีสิทธิออกเสียงทั้งหมดของผู้ประกอบธุรกิจสัญญาซื้อขายล่วงหน้าเมื่อได้รับความเห็นชอบจากหน่วยงานใด,บุคคลที่ถือหุ้นเกินกว่าร้อยละสิบของจำนวนหุ้นที่มีสิทธิออกเสียงทั้งหมดของผู้ประกอบธุรกิจสัญญาซื้อขายล่วงหน้า ต้องได้รับความเห็นชอบจากสำนักงานคณะกรรมการกำกับหลักทรัพย์และตลาดหลักทรัพย์ (ก.ล.ต.) ตามมาตรา 25 แห่งพระราชบัญญัติสัญญาซื้อขายล่วงหน้า พ.ศ. 2546,สำนักงาน ก.ล.ต.,"สำนักงาน ก.ล.ต.   



พระราชบัญญัติสัญญาซื้อขายล่วงหน้า พ.ศ. 2546 มาตรา 25 บุคคลใดจะถือหุ้นหรือรับประโยชน์จากหุ้นเกินกว่าร้อยละสิบของจำนวนหุ้นที่มีสิทธิออกเสียงทั้งหมดของผู้ประกอบธุรกิจสัญญาซื้อขายล่วงหน้าใดได้ต่อเมื่อได้รับความเห็นชอบจากสำนักงาน ก.ล.ต. การให้ความเห็นชอบตามวรรคหนึ่ง จะกระทำได้ต่อเมื่อบุคคลนั้นหรือกรรมการผู้จัดการ หรือหุ้นส่วนในกรณีที่บุคคลนั้นเป็นนิติบุคคล ไม่มีลักษณะต้องห้ามตามมาตรา 23 (3) หรือลักษณะต้องห้ามอย่างอื่นตามที่คณะกรรมการ ก.ล.ต. ประกาศกำหนด ในกรณีที่ปรากฏข้อเท็จจริงในภายหลังว่า บุคคลซึ่งได้รับความเห็นชอบจากสำนักงาน ก.ล.ต. มีลักษณะต้องห้ามตามวรรคสอง ให้สำนักงาน ก.ล.ต. มีอำนาจเพิกถอนความเห็นชอบที่ให้ไว้ เว้นแต่ลักษณะต้องห้ามดังกล่าวได้เกิดขึ้นจากการประกาศกำหนดของคณะกรรมการ ก.ล.ต. ในภายหลัง ในกรณีนี้ให้บุคคลนั้นปฏิบัติให้ถูกต้องภายในระยะเวลาที่สำนักงาน ก.ล.ต. กำหนด และหากพ้นกำหนดระยะเวลาดังกล่าวแล้วยังไม่ปฏิบัติให้ถูกต้อง ให้สำนักงาน ก.ล.ต. มีอำนาจเพิกถอนความเห็นชอบที่ให้ไว้ เพื่อประโยชน์แห่งมาตรานี้ ผู้รับประโยชน์จากหุ้น หมายถึง ผู้ซึ่งมีอำนาจโดยทางตรงหรือทางอ้อมในลักษณะดังต่อไปนี้ (1) อำนาจกำหนดหรือควบคุมการใช้สิทธิออกเสียงลงคะแนนในกิจการของผู้ประกอบธุรกิจสัญญาซื้อขายล่วงหน้า (2) อำนาจกำหนดหรือควบคุมการได้มา จำหน่าย หรือก่อภาระผูกพันในหุ้นที่ออกโดยผู้ประกอบธุรกิจสัญญาซื้อขายล่วงหน้า หรือ (3) อำนาจกำหนดหรือควบคุมในลักษณะอื่นใดตามที่คณะกรรมการ ก.ล.ต. ประกาศกำหนด ทั้งนี้ ไม่ว่าอำนาจดังกล่าวจะเกิดขึ้นจากข้อตกลง ความเข้าใจ ความสัมพันธ์ในด้านใดด้านหนึ่งหรือโดยประการอื่นใด และไม่ว่าจะเกิดขึ้นจากการได้มาหรือการถือหุ้นโดยตนเองหรือโดยบุคคลอื่น",1810,149,1959,0.13732249999884516,3.1582728000357747,3.29559530003462,1,0,0.5,1.0,0.0,0.0,0.8020466566085815
243,sparse_rag,ผู้ประกอบธุรกิจสัญญาซื้อขายล่วงหน้าสามารถส่งมอบทรัพย์สินของลูกค้าที่เหลืออยู่ให้แก่ลูกค้าได้หรือไม่อย่างไร หลังจากที่ตนได้ดำเนินการตามที่กฎหมายกำหนดแล้วในกรณีที่ศาลได้รับคำร้องขอให้ฟื้นฟูกิจการของลูกค้าหรือมีคำสั่งพิทักษ์ทรัพย์นั้น,ผู้ประกอบธุรกิจสัญญาซื้อขายล่วงหน้าสามารถส่งมอบทรัพย์สินของลูกค้าที่เหลืออยู่ให้แก่ลูกค้าได้ หลังจากได้ดำเนินการตามมาตรา 37 แห่งพระราชบัญญัติสัญญาซื้อขายล่วงหน้า พ.ศ. 2546 แล้ว ซึ่งรวมถึงการล้างฐานะสัญญา ชำระหนี้ และหักกลบหนี้ตามกฎหมายแล้ว,ไม่ได้ เนื่องจากผู้ประกอบธุรกิจสัญญาซื้อขายล่วงหน้าต้องส่งมอบทรัพย์สินที่เหลืออยู่ของลูกค้าให้แก่บุคคลที่มีอำนาจจัดการทรัพย์สินของลูกค้าตามกฎหมายว่าด้วยล้มละลายเท่านั้น,ไม่ได้ เนื่องจากผู้ประกอบธุรกิจสัญญาซื้อขายล่วงหน้าต้องส่งมอบทรัพย์สินที่เหลืออยู่ของลูกค้าให้แก่บุคคลที่มีอำนาจจัดการทรัพย์สินของลูกค้าตามกฎหมายว่าด้วยล้มละลายเท่านั้น    ตามพระราชบัญญัติสัญญาซื้อขายล่วงหน้า พ.ศ. 2546 มาตรา 38 เมื่อผู้ประกอบธุรกิจสัญญาซื้อขายล่วงหน้าได้ดำเนินการตามที่กฎหมายกำหนดแล้วในกรณีที่ศาลได้รับคำร้องขอให้ฟื้นฟูกิจการของลูกค้าหรือมีคำสั่งพิทักษ์ทรัพย์ หากยังมีทรัพย์สินของลูกค้าเหลืออยู่ ให้ผู้ประกอบธุรกิจสัญญาซื้อขายล่วงหน้าส่งมอบทรัพย์สินนั้นให้แก่ผู้ที่มีอำนาจจัดการทรัพย์สินของลูกค้าตามกฎหมายว่าด้วยล้มละลาย,2313,135,2448,0.15183420001994818,2.848129499994684,2.999963700014632,1,0,0.5,0.0,0.0,0.0,0.8910750150680542
244,sparse_rag,หากสำนักงาน ก.ล.ต. ดำเนินการโอนฐานะสัญญาซื้อขายล่วงหน้าและทรัพย์สินของลูกค้าไปให้ผู้ประกอบธุรกิจสัญญาซื้อขายล่วงหน้ารายอื่นดำเนินการแทนในระหว่างที่ผู้ประกอบธุรกิจสัญญาซื้อขายล่วงหน้าใดไม่สามารถดำรงฐานะทางการเงินได้ โดยไม่ได้รับความยินยอมจากผู้ประกอบธุรกิจสัญญาซื้อขายล่วงหน้า จะมีผลผูกพันหรือไม่,"การดำเนินการโอนฐานะสัญญาซื้อขายล่วงหน้าและทรัพย์สินของลูกค้าไปให้ผู้ประกอบธุรกิจสัญญาซื้อขายล่วงหน้ารายอื่นดำเนินการแทนตามมาตรา 50 วรรคสอง แห่งพระราชบัญญัติสัญญาซื้อขายล่วงหน้า พ.ศ. 2546 ซึ่งดำเนินการโดยสำนักงาน ก.ล.ต. ในกรณีที่ผู้ประกอบธุรกิจสัญญาซื้อขายล่วงหน้าไม่สามารถดำรงฐานะทางการเงินได้ ถือว่ามีผลผูกพันตามกฎหมาย และไม่ตกอยู่ภายใต้บังคับมาตรา 113, 114 และ 115 แห่งพระราชบัญญัติล้มละลาย พุทธศักราช 2483 และมาตรา 237, 349 และ 350 แห่งประมวลกฎหมายแพ่งและพาณิชย์ โดยไม่จำเป็นต้องได้รับความยินยอมจากผู้ประกอบธุรกิจสัญญาซื้อขายล่วงหน้าที่ถูกโอนดังกล่าว",มีผลผูกพันผู้ประกอบธุรกิจสัญญาซื้อขายล่วงหน้าเสมือนหนึ่งผู้ประกอบธุรกิจสัญญาซื้อขายล่วงหน้านั้นได้ดำเนินการดังกล่าวเองตามพระราชบัญญัติสัญญาซื้อขายล่วงหน้า พ.ศ. 2546 มาตรา 52,"มีผลผูกพันผู้ประกอบธุรกิจสัญญาซื้อขายล่วงหน้าเสมือนหนึ่งผู้ประกอบธุรกิจสัญญาซื้อขายล่วงหน้านั้นได้ดำเนินการดังกล่าวเองตามพระราชบัญญัติสัญญาซื้อขายล่วงหน้า พ.ศ. 2546 มาตรา 52 

คำอธิบายเพิ่มเติม 

พระราชบัญญัติสัญญาซื้อขายล่วงหน้า พ.ศ. 2546 มาตรา 52 การดำเนินการของสำนักงาน ก.ล.ต. ตามมาตรา 50 หรือสำนักหักบัญชีสัญญาซื้อขายล่วงหน้าตามมาตรา 51 ให้มีผลผูกพันผู้ประกอบธุรกิจสัญญาซื้อขายล่วงหน้าเสมือนหนึ่งผู้ประกอบธุรกิจสัญญาซื้อขายล่วงหน้านั้นได้ดำเนินการดังกล่าวเอง และในกรณีที่มีค่าใช้จ่ายเกิดขึ้นให้จ่ายจากทรัพย์สินของผู้ประกอบธุรกิจสัญญาซื้อขายล่วงหน้านั้น",1871,318,2189,0.18496430001687258,5.9549497999832965,6.139914100000169,1,0,0.3333333333333333,0.0,0.5,0.5,0.9094514846801758
245,sparse_rag,ผู้แจ้งข้อมูลเกี่ยวกับการกระทำความผิด ตามพระราชบัญญัติสัญญาซื้อขายล่วงหน้า พ.ศ. 2546 ได้รับรางวัลหรือไม่,ผู้แจ้งข้อมูลเกี่ยวกับการกระทำความผิดตามพระราชบัญญัติสัญญาซื้อขายล่วงหน้า พ.ศ. 2546 ได้รับสินบนไม่เกินร้อยละสามสิบของเงินค่าปรับที่ผู้กระทำผิดชำระต่อศาล ตามมาตรา 152 แห่งพระราชบัญญัติดังกล่าว,ได้ โดยไม่เกินร้อยละ 30 ของเงินค่าปรับที่ผู้กระทำความผิดได้ชำระต่อศาล,"ได้ โดยไม่เกินร้อยละ 30 ของเงินค่าปรับที่ผู้กระทำความผิดได้ชำระต่อศาล 

คำอธิบายขยายความ : ตามพระราชบัญญัติสัญญาซื้อขายล่วงหน้า พ.ศ. 2546 มาตรา 152 ต้องเป็นการกระทำผิด ดังนี้ การกระทำความผิดตามมาตรา 92 มาตรา 94 มาตรา 99 และมาตรา 100 สัดส่วนเงินค่าปรับ ตามความสำคัญของข้อมูล ตามหลักเกณฑ์ที่คณะกรรมการ ก.ล.ต. ประกาศกำหนด คำสั่งของสำนักงาน ก.ล.ต. ให้ถือเป็นที่สุด",1245,107,1352,0.14741699997102842,2.079894200025592,2.2273111999966204,1,0,0.2,0.5,0.0,0.0,0.8842453956604004
246,sparse_rag,รายการข้อมูลการเสนอขายโทเคนดิจิทัลและร่างหนังสือชี้ชวนมีผลใช้บังคับ หลังจากนั้นยังไงต่อ,หลังจากแบบแสดงรายการข้อมูลการเสนอขายโทเคนดิจิทัลและร่างหนังสือชี้ชวนมีผลใช้บังคับแล้ว ผู้เสนอขายต้องเสนอขายโทเคนดิจิทัลผ่านผู้ให้บริการระบบเสนอขายโทเคนดิจิทัลที่ได้รับความเห็นชอบจากคณะกรรมการ ก.ล.ต. เท่านั้น ตามมาตรา 19 แห่งพระราชกำหนดการประกอบธุรกิจสินทรัพย์ดิจิทัล พ.ศ. 2561,ภายหลังจากวันที่แบบแสดงรายการข้อมูลการเสนอขายโทเคนดิจิทัลและร่างหนังสือชี้ชวนมีผลใช้บังคับ ให้สำนักงาน ก.ล.ต. มีอำนาจดำเนินการ ดังต่อไปนี้ (1) ในกรณีที่สำนักงาน ก.ล.ต. ตรวจพบว่าข้อความหรือรายการในแบบแสดงรายการข้อมูลการเสนอขายโทเคนดิจิทัลและหนังสือชี้ชวนเป็นเท็จ หรือขาดข้อความที่ควรต้องแจ้งในสาระสำคัญอันอาจทำให้ผู้ลงทุนเสียหาย ให้สำนักงาน ก.ล.ต. มีอำนาจสั่งระงับการมีผลใช้บังคับของแบบแสดงรายการข้อมูลการเสนอขายโทเคนดิจิทัลและร่างหนังสือชี้ชวน และมีอำนาจสั่งเพิกถอนการอนุญาตนั้นได้ในทันที (2) ในกรณีที่สำนักงาน ก.ล.ต. ตรวจพบว่าข้อความหรือรายการในแบบแสดงรายการข้อมูลการเสนอขายโทเคนดิจิทัลและหนังสือชี้ชวนคลาดเคลื่อนในสาระสำคัญ หรือมีเหตุการณ์ที่มีผลให้ข้อมูลในแบบแสดงรายการข้อมูลการเสนอขายโทเคนดิจิทัลและหนังสือชี้ชวนเปลี่ยนแปลงไปในสาระสำคัญ ทั้งนี้ อาจมีผลกระทบต่อการตัดสินใจในการลงทุนของผู้ลงทุน ให้สำนักงาน ก.ล.ต. มีอำนาจสั่งระงับการมีผลใช้บังคับของแบบแสดงรายการข้อมูลการเสนอขายโทเคนดิจิทัลและร่างหนังสือชี้ชวนเป็นการชั่วคราว จนกว่าจะได้มีการดำเนินการแก้ไขข้อมูลให้ถูกต้องและดำเนินการอื่นใดตามที่สำนักงาน ก.ล.ต. กำหนดเพื่อให้ประชาชนได้ทราบถึงการแก้ไขข้อมูลดังกล่าว และหากไม่ดำเนินการตามที่กำหนด ให้สำนักงาน ก.ล.ต. มีอำนาจสั่งเพิกถอนการอนุญาตนั้นได้ (3) ในกรณีที่สำนักงาน ก.ล.ต. ตรวจพบว่าข้อความหรือรายการในแบบแสดงรายการข้อมูลการเสนอขายโทเคนดิจิทัลและหนังสือชี้ชวนคลาดเคลื่อนในลักษณะอื่นที่มิใช่กรณีตาม (1) หรือ (2) ให้สำนักงาน ก.ล.ต. มีอำนาจสั่งให้ผู้เสนอขายโทเคนดิจิทัลที่ยื่นแบบดังกล่าวแก้ไขข้อมูลให้ถูกต้อง และหากไม่แก้ไขข้อมูลให้ถูกต้อง ให้สำนักงาน ก.ล.ต. มีอำนาจสั่งระงับการมีผลใช้บังคับของแบบแสดงรายการข้อมูลการเสนอขายโทเคนดิจิทัลและร่างหนังสือชี้ชวนเป็นการชั่วคราว จนกว่าจะได้มีการดำเนินการแก้ไขข้อมูลให้ถูกต้อง การสั่งการของสำนักงาน ก.ล.ต. ตามวรรคหนึ่ง ไม่กระทบถึงการดำเนินการใด ๆ ของผู้เสนอขายโทเคนดิจิทัลก่อนที่จะมีการสั่งการดังกล่าว และไม่กระทบถึงสิทธิในการเรียกร้องค่าเสียหายของบุคคลตามที่บัญญัติไว้ในมาตรา 23,ภายหลังจากวันที่แบบแสดงรายการข้อมูลการเสนอขายโทเคนดิจิทัลและร่างหนังสือชี้ชวนมีผลใช้บังคับ ให้สำนักงาน ก.ล.ต. มีอำนาจดำเนินการ ดังต่อไปนี้ (1) ในกรณีที่สำนักงาน ก.ล.ต. ตรวจพบว่าข้อความหรือรายการในแบบแสดงรายการข้อมูลการเสนอขายโทเคนดิจิทัลและหนังสือชี้ชวนเป็นเท็จ หรือขาดข้อความที่ควรต้องแจ้งในสาระสำคัญอันอาจทำให้ผู้ลงทุนเสียหาย ให้สำนักงาน ก.ล.ต. มีอำนาจสั่งระงับการมีผลใช้บังคับของแบบแสดงรายการข้อมูลการเสนอขายโทเคนดิจิทัลและร่างหนังสือชี้ชวน และมีอำนาจสั่งเพิกถอนการอนุญาตนั้นได้ในทันที (2) ในกรณีที่สำนักงาน ก.ล.ต. ตรวจพบว่าข้อความหรือรายการในแบบแสดงรายการข้อมูลการเสนอขายโทเคนดิจิทัลและหนังสือชี้ชวนคลาดเคลื่อนในสาระสำคัญ หรือมีเหตุการณ์ที่มีผลให้ข้อมูลในแบบแสดงรายการข้อมูลการเสนอขายโทเคนดิจิทัลและหนังสือชี้ชวนเปลี่ยนแปลงไปในสาระสำคัญ ทั้งนี้ อาจมีผลกระทบต่อการตัดสินใจในการลงทุนของผู้ลงทุน ให้สำนักงาน ก.ล.ต. มีอำนาจสั่งระงับการมีผลใช้บังคับของแบบแสดงรายการข้อมูลการเสนอขายโทเคนดิจิทัลและร่างหนังสือชี้ชวนเป็นการชั่วคราว จนกว่าจะได้มีการดำเนินการแก้ไขข้อมูลให้ถูกต้องและดำเนินการอื่นใดตามที่สำนักงาน ก.ล.ต. กำหนดเพื่อให้ประชาชนได้ทราบถึงการแก้ไขข้อมูลดังกล่าว และหากไม่ดำเนินการตามที่กำหนด ให้สำนักงาน ก.ล.ต. มีอำนาจสั่งเพิกถอนการอนุญาตนั้นได้ (3) ในกรณีที่สำนักงาน ก.ล.ต. ตรวจพบว่าข้อความหรือรายการในแบบแสดงรายการข้อมูลการเสนอขายโทเคนดิจิทัลและหนังสือชี้ชวนคลาดเคลื่อนในลักษณะอื่นที่มิใช่กรณีตาม (1) หรือ (2) ให้สำนักงาน ก.ล.ต. มีอำนาจสั่งให้ผู้เสนอขายโทเคนดิจิทัลที่ยื่นแบบดังกล่าวแก้ไขข้อมูลให้ถูกต้อง และหากไม่แก้ไขข้อมูลให้ถูกต้อง ให้สำนักงาน ก.ล.ต. มีอำนาจสั่งระงับการมีผลใช้บังคับของแบบแสดงรายการข้อมูลการเสนอขายโทเคนดิจิทัลและร่างหนังสือชี้ชวนเป็นการชั่วคราว จนกว่าจะได้มีการดำเนินการแก้ไขข้อมูลให้ถูกต้อง การสั่งการของสำนักงาน ก.ล.ต. ตามวรรคหนึ่ง ไม่กระทบถึงการดำเนินการใด ๆ ของผู้เสนอขายโทเคนดิจิทัลก่อนที่จะมีการสั่งการดังกล่าว และไม่กระทบถึงสิทธิในการเรียกร้องค่าเสียหายของบุคคลตามที่บัญญัติไว้ในมาตรา 23,1285,151,1436,0.1397084000054747,2.6238793000229634,2.763587700028438,0,0,0.0,0.0,0.0,0.0,0.7563554048538208
247,sparse_rag,หากกรรมการทุจริตก่อให้เกิดความเสียหายในทรัพย์สินของนิติบุคคลจะมีโทษอย่างไร,หากกรรมการทุจริตก่อให้เกิดความเสียหายแก่ทรัพย์สินของนิติบุคคล ต้องระวางโทษจำคุกตั้งแต่ห้าปีถึงสิบปี และปรับตั้งแต่ห้าแสนบาทถึงหนึ่งล้านบาท ตามมาตรา 307 แห่งพระราชบัญญัติหลักทรัพย์และตลาดหลักทรัพย์ พ.ศ. 2535.,"ระวางโทษจำคุกตั้งแต่ 5 ปี ถึง 10 ปี และปรับ 500,000 บาท ถึง 1,000,000 บาท","ต้องเป็นกรรมการที่มีหน้าที่จัดการทรัพย์สินของนิติบุคคล หรือทรัพย์สินที่นิติบุคคลเป็นเจ้าของรวม ได้กระทำผิดหน้าที่โดยทุจริต ทำให้เกิดความเสียหายแก่ประโยชน์ในทรัพย์สินของนิติบุคคล =>ระวางโทษจำคุกตั้งแต่ 5 ปี ถึง 10 ปี และปรับ 500,000 บาท ถึง 1,000,000 บาท  พระราชกำหนดการประกอบธุรกิจสินทรัพย์ดิจิทัล พ.ศ. 2561 มาตรา 83 กรรมการ ผู้จัดการ หรือบุคคลใดซึ่งรับผิดชอบในการดำเนินงานของนิติบุคคลใดตามมาตรา 89 ซึ่งได้รับมอบหมายให้จัดการทรัพย์สินของนิติบุคคลหรือทรัพย์สินที่นิติบุคคลดังกล่าวเป็นเจ้าของรวมอยู่ด้วย กระทำผิดหน้าที่ของตนด้วยประการใด ๆ โดยทุจริตจนเป็นเหตุให้เกิดความเสียหายแก่ประโยชน์ในลักษณะที่เป็นทรัพย์สินของนิติบุคคลนั้น ต้องระวางโทษจำคุกตั้งแต่ 5-10ปี และปรับตั้งแต่ 500,000-1,000,000บาท",1233,128,1361,0.13373739999951795,1.9527128999470733,2.0864502999465913,1,0,0.5,0.5,0.0,0.0,0.877640426158905
248,sparse_rag,กรรมการของบริษัทแสวงหาประโยชน์ที่ไม่ควรได้โดยชอบด้วยกฎหมายเพื่อตนเองแล้วเสียหายแก่บริษัท มีโทษอย่างไร,ตามมาตรา 311 แห่งพระราชบัญญัติหลักทรัพย์และตลาดหลักทรัพย์ พ.ศ. 2535 กรรมการของบริษัทที่กระทำหรือไม่กระทำเพื่อแสวงหาประโยชน์ที่มิควรได้โดยชอบด้วยกฎหมายเพื่อตนเองจนเกิดความเสียหายแก่บริษัทนั้น ต้องระวางโทษจำคุกตั้งแต่ห้าปีถึงสิบปี และปรับตั้งแต่ห้าแสนบาทถึงหนึ่งล้านบาท,ต้องระวางโทษจำคุกตั้งแต่ห้าปีถึงสิบปี และปรับตั้งแต่ห้าแสนบาทถึงหนึ่งล้านบาท,กรรมการ ผู้จัดการ หรือบุคคลใดซึ่งรับผิดชอบในการดำเนินงานของนิติบุคคลใดตามมาตรา 89 กระทำการหรือไม่กระทำการเพื่อแสวงหาประโยชน์ที่มิควรได้โดยชอบด้วยกฎหมายเพื่อตนเองหรือผู้อื่นอันเป็นการเสียหายแก่นิติบุคคลนั้น ต้องระวางโทษจำคุกตั้งแต่ห้าปีถึงสิบปี และปรับตั้งแต่ห้าแสนบาทถึงหนึ่งล้านบาท,1066,154,1220,0.14033159997779876,2.657351900008507,2.797683499986306,0,0,0.0,0.0,0.0,0.0,0.9041162729263306
249,sparse_rag,ถ้ามีผู้ประกอบธุรกิจสินทรัพย์ดิจิทัลให้บริการกับผู้กระทำความผิด โดยรู้หรือควรรู้ว่ามีการกำหนดมาตรการลงโทษทางแพ่งตามบันทึกการยินยอม มีโทษอย่างไร,ผู้ประกอบธุรกิจสินทรัพย์ดิจิทัลที่ให้บริการกับผู้กระทำความผิด โดยรู้หรือควรรู้ว่ามีการกำหนดมาตรการลงโทษทางแพ่งตามบันทึกการยินยอม ต้องระวางโทษปรับไม่เกินสามแสนบาท ตามมาตรา 81 แห่งพระราชกำหนดการประกอบธุรกิจสินทรัพย์ดิจิทัล พ.ศ. 2561,ต้องระวางโทษปรับไม่เกินสามแสนบาท,ต้องระวางโทษปรับไม่เกินสามแสนบาท,1079,125,1204,0.151161800022237,2.3883300999877974,2.5394919000100344,1,0,0.3333333333333333,1.0,0.0,0.0,0.8581029772758484
250,sparse_rag,ทำธุรกิจประกอบสินทรัพย์ดิจิทัลโดยไม่จดทะเบียนได้ไหม,ไม่ได้ ตามมาตรา 66 แห่งพระราชกำหนดการประกอบธุรกิจสินทรัพย์ดิจิทัล พ.ศ. 2561 ผู้ใดประกอบธุรกิจสินทรัพย์ดิจิทัลโดยมิได้รับอนุญาตตามมาตรา 26 ต้องระวางโทษจำคุกตั้งแต่สองปีถึงห้าปี และปรับตั้งแต่สองแสนบาทถึงห้าแสนบาท และปรับเพิ่มอีกไม่เกินวันละหนึ่งหมื่นบาทตลอดเวลาที่ยังฝ่าฝืนอยู่,ไม่ได้,ไม่ได้ ถ้าประกอบธุรกิจสินทรัพย์ดิจิทัลโดยมิได้รับอนุญาตตามกฎหมาย ต้องระวางโทษจำคุกตั้งแต่สองปีถึงห้าปี และปรับตั้งแต่สองแสนบาทถึงห้าแสนบาท และปรับอีกไม่เกินวันละหนึ่งหมื่นบาทตลอดเวลาที่ยังฝ่าฝืนอยู่ คำอธิบายขยายความ: พระราชกำหนดการประกอบธุรกิจสินทรัพย์ดิจิทัล พ.ศ. 2561 มาตรา 66 ผู้ใดประกอบธุรกิจสินทรัพย์ดิจิทัลโดยมิได้รับอนุญาตตามมาตรา 26 ต้องระวางโทษจำคุกตั้งแต่สองปีถึงห้าปี และปรับตั้งแต่สองแสนบาทถึงห้าแสนบาท และปรับอีกไม่เกินวันละหนึ่งหมื่นบาทตลอดเวลาที่ยังฝ่าฝืนอยู่,1285,168,1453,0.13257790001807734,3.3568215999985114,3.4893995000165887,1,0,0.5,0.5,0.0,0.0,0.9685472846031189
251,sparse_rag,ผู้ฝ่าฝืนหรือไม่ปฏิบัติตามคำพิพากษาหรือคำสั่งของศาลตามพระราชกำหนดการประกอบธุรกิจสินทรัพย์ดิจิทัลต้องได้รับโทษอย่างไร,ผู้ฝ่าฝืนหรือไม่ปฏิบัติตามคำพิพากษาหรือคำสั่งของศาลตามพระราชกำหนดการประกอบธุรกิจสินทรัพย์ดิจิทัล พ.ศ. 2561 ต้องระวางโทษจำคุกไม่เกินหกเดือน หรือปรับไม่เกินสามแสนบาท หรือทั้งจำทั้งปรับ ตามมาตรา 80.,ต้องระวางโทษจำคุกไม่เกินหกเดือน หรือปรับไม่เกินสามแสนบาท หรือทั้งจำทั้งปรับ,ต้องระวางโทษจำคุกไม่เกินหกเดือน หรือปรับไม่เกินสามแสนบาท หรือทั้งจำทั้งปรับ ตามพระราชกำหนดการประกอบธุรกิจสินทรัพย์ดิจิทัล พ.ศ. 2561 มาตรา 80 ผู้ใดฝ่าฝืนหรือไม่ปฏิบัติตามคำพิพากษาหรือคำสั่งของศาลที่กำหนดมาตรการลงโทษตามมาตรา 74 (2) หรือ (3) หรือมาตรา 98 (3) หรือ (4) ต้องระวางโทษจำคุกไม่เกินหกเดือน หรือปรับไม่เกินสามแสนบาท หรือทั้งจำทั้งปรับ,1141,118,1259,0.14048020000336692,1.818673299974762,1.9591534999781288,1,0,0.3333333333333333,0.5,0.0,0.0,0.9532734155654907
252,sparse_rag,นำกฎหมายหลักทรัพย์เเละตลาดหลักทรัพย์มาใช้บังคับในการเสนอขายโทเคนดิจิทัลได้หรือไม่,"ได้ ตามมาตรา 23 แห่งพระราชกำหนดการประกอบธุรกิจสินทรัพย์ดิจิทัล พ.ศ. 2561 ให้นำความในมาตรา 82, 83, 84, 85 และ 86 แห่งพระราชบัญญัติหลักทรัพย์และตลาดหลักทรัพย์ พ.ศ. 2535 และมาตรา 89/20 แห่งพระราชบัญญัติดังกล่าว มาใช้บังคับกับการเสนอขายโทเคนดิจิทัลโดยอนุโลม",ได้ พระราชกำหนดการประกอบธุรกิจสินทรัพย์ดิจิทัล พ.ศ. 2561 มาตรา 23 ให้นำความในมาตรา 82 มาตรา 83 มาตรา 84 มาตรา 85 และมาตรา 86 แห่งพระราชบัญญัติหลักทรัพย์และตลาดหลักทรัพย์ พ.ศ. 2535 และมาตรา 89/20 แห่งพระราชบัญญัติหลักทรัพย์และตลาดหลักทรัพย์ พ.ศ. 2535 ซึ่งแก้ไขเพิ่มเติมโดยพระราชบัญญัติหลักทรัพย์และตลาดหลักทรัพย์ (ฉบับที่ 4) พ.ศ. 2551 มาใช้บังคับกับการเสนอขายโทเคนดิจิทัลโดยอนุโลม,ได้ พระราชกำหนดการประกอบธุรกิจสินทรัพย์ดิจิทัล พ.ศ. 2561 มาตรา 23 ให้นำความในมาตรา 82 มาตรา 83 มาตรา 84 มาตรา 85 และมาตรา 86 แห่งพระราชบัญญัติหลักทรัพย์และตลาดหลักทรัพย์ พ.ศ. 2535 และมาตรา 89/20 แห่งพระราชบัญญัติหลักทรัพย์และตลาดหลักทรัพย์ พ.ศ. 2535 ซึ่งแก้ไขเพิ่มเติมโดยพระราชบัญญัติหลักทรัพย์และตลาดหลักทรัพย์ (ฉบับที่ 4) พ.ศ. 2551 มาใช้บังคับกับการเสนอขายโทเคนดิจิทัลโดยอนุโลม,1273,156,1429,0.13557830004720017,2.7503348999889567,2.885913200036157,1,0,0.16666666666666666,0.5,0.7692307692307693,0.6923076923076923,0.9541486501693726
253,sparse_rag,บุคคลใดที่เบียดบังเอาทรัพย์สินเป็นของตนหรือบุคคลที่สามโดยทุจริต ตามกฎหมายว่าด้วยการประกอบธุรกิจสินทรัพย์ดิจิทัล จะได้รับโทษอย่างไร,ตามพระราชกำหนดการประกอบธุรกิจสินทรัพย์ดิจิทัล พ.ศ. 2561 มาตรา 84 บุคคลดังกล่าวต้องระวางโทษจำคุกตั้งแต่ห้าปีถึงสิบปี และปรับตั้งแต่ห้าแสนบาทถึงหนึ่งล้านบาท,"ต้องระวางโทษจำคุกตั้งแต่ 5 - 10 ปี และปรับตั้งแต่ 500,000 - 1,000,000 บาท","บุคคล ดังนี้ 1 กรรมการ หรือ 2 ผู้จัดการ หรือ 3 บุคคลใดซึ่งรับผิดชอบในการดำเนินงานของนิติบุคคลใดตามมาตรา 89 พระราชกำหนดการประกอบธุรกิจสินทรัพย์ดิจิทัล พ.ศ. 2561 ครอบครองทรัพย์สินซึ่งเป็นของนิติบุคคล หรือซึ่งนิติบุคคลดังกล่าวเป็นเจ้าของรวมอยู่ด้วย   พระราชกำหนดการประกอบธุรกิจสินทรัพย์ดิจิทัล พ.ศ. 2561 มาตรา 84 มีโทษ ดังนี้ ต้องระวางโทษจำคุกตั้งแต่ 5 - 10 ปี และปรับตั้งแต่ 500,000 - 1,000,000 บาท",1180,96,1276,0.1482096000108868,1.775033199985046,1.9232427999959327,1,0,0.5,1.0,0.0,0.0,0.8372571468353271
254,sparse_rag,บุคคลที่ได้แจ้งหรือเผยแพร่ข้อความเท็จเกี่ยวกับฐานะทางการเงิน ผลการดําเนินงาน หรือข้อมูลอื่นที่เกี่ยวกับผู้เสนอขายโทเคนดิจิทัล ซึ่งทําให้มีผลกระทบต่อการตัดสินใจลงทุนในสินทรัพย์ดิจิทัล มีความผิดและต้องรับโทษอย่างไรบ้าง,บุคคลที่แจ้งหรือเผยแพร่ข้อความเท็จเกี่ยวกับฐานะทางการเงิน ผลการดำเนินงาน หรือข้อมูลอื่นที่เกี่ยวกับผู้เสนอขายโทเคนดิจิทัล ซึ่งอาจก่อให้เกิดความสำคัญผิดในสาระสำคัญและทำให้มีผลกระทบต่อการตัดสินใจลงทุนในสินทรัพย์ดิจิทัล ถือว่ามีความผิดตามมาตรา 40 แห่งพระราชกำหนดการประกอบธุรกิจสินทรัพย์ดิจิทัล พ.ศ. 2561 และต้องระวางโทษจำคุกไม่เกินสามปี หรือปรับไม่เกินหกหมื่นบาท หรือทั้งจำทั้งปรับ,"ต้องรับโทษจำคุกไม่เกิน 2 ปี หรือปรับตั้งแต่ 500,000 บาทถึง 2,000,000 บาท หรือทั้งจำทั้งปรับ","ต้องรับโทษจำคุกไม่เกิน 2 ปี หรือปรับตั้งแต่ 500,000 บาทถึง 2,000,000 บาท หรือทั้งจำทั้งปรับ   ตามพระราชกำหนดการประกอบธุรกิจสินทรัพย์ดิจิทัล พ.ศ. 2561 มาตรา 70 บุคคลที่บอกกล่าว เผยแพร่ หรือให้คํารับรองข้อความที่เป็นเท็จหรือข้อความที่อาจก่อให้เกิดความสําคัญผิดในสาระสําคัญเกี่ยวกับฐานะทางการเงิน ผลการดําเนินงาน หรือข้อมูลอื่นที่เกี่ยวกับผู้เสนอขายโทเคนดิจิทัล ลักษณะหรือสาระสําคัญของโทเคนดิจิทัล หรือราคาซื้อขายสินทรัพย์ดิจิทัล โดยน่าจะส่งผลกระทบต่อราคาสินทรัพย์ดิจิทัลหรือการตัดสินใจลงทุนในสินทรัพย์ดิจิทัล ต้องรับโทษจำคุกไม่เกิน 2 ปี หรือปรับตั้งแต่ 500,000 บาทถึง 2,000,000 บาท หรือทั้งจำทั้งปรับ",1242,218,1460,0.1583157000131905,3.6591700999997556,3.817485800012946,1,0,0.16666666666666666,0.0,0.0,0.0,0.9268909096717834
255,sparse_rag,ผู้ประกอบธุรกิจสินทรัพย์ดิจิทัลที่ทำการยักยอกทรัพย์ ถือเป็นนิติบุคคลมั้ย,ผู้ประกอบธุรกิจสินทรัพย์ดิจิทัลที่ทำการยักยอกทรัพย์ ถือเป็นนิติบุคคลตามมาตรา 89 แห่งพระราชกำหนดการประกอบธุรกิจสินทรัพย์ดิจิทัล พ.ศ. 2561 ซึ่งระบุว่า ผู้ประกอบธุรกิจสินทรัพย์ดิจิทัลโดยได้รับอนุญาตจากรัฐมนตรี ให้หมายความถึงนิติบุคคลตามมาตรา 82 ถึงมาตรา 88 ด้วย,เป็น,เป็น  คำอธิบายขยายความ : มาตรา 89 แห่งพระราชกำหนดการประกอบธุรกิจสินทรัพย์ดิจิทัล พ.ศ. 2561 นิติบุคคลตามมาตรา 82 มาตรา 83 มาตรา 84 มาตรา 85 มาตรา 86 มาตรา 87 และมาตรา 88 ให้หมายความถึงนิติบุคคล ดังต่อไปนี้ (1) บริษัทจำกัดหรือบริษัทมหาชนจำกัดที่ได้รับอนุญาตให้เสนอขายโทเคนดิจิทัลจากสำนักงาน ก.ล.ต. ตามมาตรา 17 วรรคหนึ่งหรือวรรคสอง (2) ผู้ให้บริการระบบเสนอขายโทเคนดิจิทัลที่ได้รับความเห็นชอบจากคณะกรรมการ ก.ล.ต. ตามมาตรา 19 วรรคหนึ่ง (3) ผู้ประกอบธุรกิจสินทรัพย์ดิจิทัลโดยได้รับอนุญาตจากรัฐมนตรีตามมาตรา 26 วรรคหนึ่ง,1447,168,1615,0.1379822000162676,2.7166877000126988,2.8546699000289664,1,0,0.09090909090909091,1.0,0.0,0.0,0.8532547950744629
256,sparse_rag,ระหว่างแก้ไขข้อมูลแบบแสดงรายการข้อมูลการเสนอขายโทเคนดิจิทัลและร่างหนังสือชี้ชวนตาม สำนักงาน ก.ล.ต. แจ้งให้ถูกต้อง ผู้เสนอขายโทเคนดิจิทัล สามารถเสนอขายโทเคนดิจิทัลดังกล่าวแก่คนทั่วไปได้หรือไม่,ไม่สามารถเสนอขายโทเคนดิจิทัลแก่คนทั่วไปได้ เนื่องจากตามมาตรา 19 แห่งพระราชกำหนดการประกอบธุรกิจสินทรัพย์ดิจิทัล พ.ศ. 2561 การเสนอขายโทเคนดิจิทัลจะกระทำได้ต่อเมื่อแบบแสดงรายการข้อมูลการเสนอขายโทเคนดิจิทัลและร่างหนังสือชี้ชวนมีผลใช้บังคับแล้ว ซึ่งยังไม่เกิดขึ้นในขณะที่อยู่ระหว่างการแก้ไขตามคำสั่งของสำนักงาน ก.ล.ต.,ไม่ได้ ในระหว่างที่ สํานักงาน ก.ล.ต. ให้ผู้เสนอขายโทเคนดิจิทัลแก้ไขข้อมูลแบบแสดงรายการข้อมูลการเสนอขายโทเคนดิจิทัลและร่างหนังสือชี้ชวนให้ถูกต้องนั้น หากยังไม่แก้ไขข้อมูลให้ถูกต้อง.,ไม่ได้ ในระหว่างที่ สํานักงาน ก.ล.ต. ให้ผู้เสนอขายโทเคนดิจิทัลแก้ไขข้อมูลแบบแสดงรายการข้อมูลการเสนอขายโทเคนดิจิทัลและร่างหนังสือชี้ชวนให้ถูกต้องนั้น หากยังไม่แก้ไขข้อมูลให้ถูกต้อง สํานักงาน ก.ล.ต. มีอํานาจสั่งระงับการมีผลใช้บังคับของแบบแสดง รายการข้อมูลการเสนอขายโทเคนดิจิทัลและร่างหนังสือชี้ชวนเป็นการชั่วคราว จนกว่าจะได้มี การดําเนินการแก้ไขข้อมูลให้ถูกต้อง และในกรณีที่ผู้เสนอขายฝ่าฝืนเสนอขายโทเคนดิจิทัลต่อประชาชนในระหว่างที่สำนักงาน ก.ล.ต. สั่งระงับการมีผลใช้บังคับของแบบแสดงรายการข้อมูลการเสนอขายโทเคนดิจิทัลและร่างหนังสือชี้ชวน ต้องระวางโทษจำคุกไม่เกินสองปี หรือปรับเป็นเงินไม่เกินสองเท่าของราคาขายของโทเคนดิจิทัลทั้งหมดซึ่งผู้นั้นได้เสนอขาย แต่ทั้งนี้ เงินค่าปรับต้องไม่น้อยกว่าห้าแสนบาท หรือทั้งจำทั้งปรับ,1331,179,1510,0.15085620002355427,4.012526799982879,4.163383000006434,1,0,0.5,1.0,0.0,0.0,0.8798761367797852
257,sparse_rag,การซื้อขายสินทรัพย์ดิจิทัลแล้วทำให้ผู้อื่นเข้าใจผิดเกี่ยวกับราคาในการซื้อขายสินทรัพย์ดิจิทัลจะทำได้หรือไม่อย่างไร,การซื้อขายสินทรัพย์ดิจิทัลที่ทำให้บุคคลทั่วไปเข้าใจผิดเกี่ยวกับราคาในการซื้อขายสินทรัพย์ดิจิทัลเป็นการกระทำที่ห้ามไว้ตามมาตรา 46 (1) แห่งพระราชกำหนดการประกอบธุรกิจสินทรัพย์ดิจิทัล พ.ศ. 2561 และหากมีการกระทำดังกล่าว อาจถือว่าเป็นการกระทำอันเป็นการกระทำให้บุคคลทั่วไปเข้าใจผิดตามมาตรา 48 แห่งพระราชกำหนดฉบับเดียวกัน ซึ่งอาจมีความผิดทางกฎหมายได้,ไม่ได้ เว้นแต่ การซื้อขายสินทรัพย์ดิจิทัลนั้นจะได้ทำตามหลักเกณฑ์ เงื่อนไข และวิธีการที่คณะกรรมการ ก.ล.ต. ประกาศกำหนดแล้วเท่านั้น,ไม่ได้ เว้นแต่ การซื้อขายสินทรัพย์ดิจิทัลนั้นจะได้ทำตามหลักเกณฑ์ เงื่อนไข และวิธีการที่คณะกรรมการ ก.ล.ต. ประกาศกำหนดแล้วเท่านั้น,1843,199,2042,0.1454636999987997,4.120419499988202,4.265883199987002,1,0,0.5,0.0,0.0,0.0,0.8270819187164307
258,sparse_rag,ศาลสามารถมีคำสั่งอย่างไรได้บ้าง ในกรณีที่จำเลยกระทำผิดกฎหมายเกี่ยวกับสินทรัพย์ดิจิทัล,"ในกรณีที่จำเลยกระทำผิดกฎหมายเกี่ยวกับสินทรัพย์ดิจิทัล ศาลสามารถมีคำสั่งให้จำเลยกระทำการหรืองดเว้นการกระทำตามควรแก่กรณี ได้แก่ ชดใช้เงินในจำนวนเท่ากับผลประโยชน์ที่ได้รับจากการกระทำความผิดให้ตกเป็นของแผ่นดิน, ห้ามเข้าซื้อขายสินทรัพย์ดิจิทัลหรือเข้าผูกพันตามสัญญาซื้อขายล่วงหน้าที่เกี่ยวข้องกับสินทรัพย์ดิจิทัลภายในระยะเวลาไม่เกินห้าปี, ห้ามเป็นกรรมการหรือผู้บริหารของผู้เสนอขายโทเคนดิจิทัลหรือผู้ประกอบธุรกิจสินทรัพย์ดิจิทัลภายในระยะเวลาไม่เกินสิบปี, และชดใช้ค่าใช้จ่ายของสำนักงาน ก.ล.ต. เนื่องจากการตรวจสอบการกระทำความผิดคืนให้แก่สำนักงาน ก.ล.ต. ตามมาตรา 74 แห่งพระราชกำหนดการประกอบธุรกิจสินทรัพย์ดิจิทัล พ.ศ. 2561",ศาลมีอำนาจสั่งจำเลยให้ดำเนินการหรือไม่ดำเนินการ 4 ประการดังนี้ 1. ชดใช้เงินในจำนวนที่เท่ากับผลประโยชน์ที่ได้รับหรือพึงได้รับจากการกระทำความผิดนั้นโดยให้ตกเป็นของแผ่นดิน 2. ห้ามเข้าซื้อขายสินทรัพย์ดิจิทัลในศูนย์ซื้อขายสินทรัพย์ดิจิทัล หรือเข้าผูกพันตามสัญญาซื้อขายล่วงหน้าที่เกี่ยวข้องกับสินทรัพย์ดิจิทัลภายในระยะเวลาที่กำหนดซึ่งต้องไม่เกินห้าปีนับแต่วันที่มีคำพิพากษาหรือคำสั่ง 3. ห้ามเป็นกรรมการหรือผู้บริหารของผู้เสนอขายโทเคนดิจิทัลหรือผู้ประกอบธุรกิจสินทรัพย์ดิจิทัลภายในระยะเวลาที่กำหนดซึ่งต้องไม่เกินสิบปีนับแต่วันที่มีคำพิพากษาหรือคำสั่ง 4. ชดใช้ค่าใช้จ่ายของสำนักงาน ก.ล.ต. เนื่องจากการตรวจสอบการกระทำความผิดนั้นคืนให้แก่สำนักงาน ก.ล.ต.,ศาลมีอำนาจสั่งจำเลยให้ดำเนินการหรือไม่ดำเนินการ 4 ประการดังนี้ 1. ชดใช้เงินในจำนวนที่เท่ากับผลประโยชน์ที่ได้รับหรือพึงได้รับจากการกระทำความผิดนั้นโดยให้ตกเป็นของแผ่นดิน 2. ห้ามเข้าซื้อขายสินทรัพย์ดิจิทัลในศูนย์ซื้อขายสินทรัพย์ดิจิทัล หรือเข้าผูกพันตามสัญญาซื้อขายล่วงหน้าที่เกี่ยวข้องกับสินทรัพย์ดิจิทัลภายในระยะเวลาที่กำหนดซึ่งต้องไม่เกินห้าปีนับแต่วันที่มีคำพิพากษาหรือคำสั่ง 3. ห้ามเป็นกรรมการหรือผู้บริหารของผู้เสนอขายโทเคนดิจิทัลหรือผู้ประกอบธุรกิจสินทรัพย์ดิจิทัลภายในระยะเวลาที่กำหนดซึ่งต้องไม่เกินสิบปีนับแต่วันที่มีคำพิพากษาหรือคำสั่ง 4. ชดใช้ค่าใช้จ่ายของสำนักงาน ก.ล.ต. เนื่องจากการตรวจสอบการกระทำความผิดนั้นคืนให้แก่สำนักงาน ก.ล.ต.,1503,343,1846,0.13483260001521558,5.846867799991742,5.981700400006957,1,0,0.25,1.0,0.0,0.0,0.9268471598625183
259,sparse_rag,ผู้ก่อให้ผู้อื่นกระทำความผิดโดยวิธีการจ้างจะถูกลงโทษอย่างไร,ผู้ก่อให้ผู้อื่นกระทำความผิดโดยวิธีการจ้าง ต้องระวางโทษตามที่บัญญัติไว้สำหรับความผิดนั้น ตามมาตรา 90 แห่งพระราชกำหนดการประกอบธุรกิจสินทรัพย์ดิจิทัล พ.ศ. 2561 และมาตรา 314 แห่งพระราชบัญญัติหลักทรัพย์และตลาดหลักทรัพย์ พ.ศ. 2535,ระวางโทษตามที่บัญญัติไว้สำหรับความผิดนั้น,ระวางโทษตามที่บัญญัติไว้สำหรับความผิดนั้น  พระราชกำหนดการประกอบธุรกิจสินทรัพย์ดิจิทัล พ.ศ. 2561 มาตรา 90 ผู้ใดก่อให้ผู้อื่นกระทำความผิดตามที่บัญญัติในมาตรา 82 มาตรา 83 มาตรา 84 มาตรา 85 มาตรา 86 มาตรา 87 หรือมาตรา 88 ไม่ว่าด้วยการใช้ สั่ง ขู่เข็ญ จ้าง หรือด้วยวิธีอื่นใด ต้องระวางโทษตามที่บัญญัติไว้สำหรับความผิดนั้น,1044,135,1179,0.13400999997975305,2.453564200026449,2.587574200006202,1,0,0.125,1.0,0.0,0.0,0.893682599067688
260,sparse_rag,ถ้าผู้กระทำความผิดตามมาตรา 70 และมาตรา 71 พระราชกำหนดการประกอบธุรกิจสินทรัพย์ดิจิทัล พ.ศ. 2561 ได้รับผลประโยชน์จากการกระทำความผิด ต้องเสียค่าปรับอย่างไร,ตามมาตรา 72 แห่งพระราชกำหนดการประกอบธุรกิจสินทรัพย์ดิจิทัล พ.ศ. 2561 หากผู้กระทำความผิดตามมาตรา 70 หรือมาตรา 71 ได้รับหรือพึงได้รับผลประโยชน์จากการกระทำความผิด ให้ปรับเป็นเงินไม่เกินสองเท่าของผลประโยชน์นั้น โดยค่าปรับดังกล่าวต้องไม่ต่ำกว่าค่าปรับขั้นต่ำที่บัญญัติไว้ในมาตรา 70 หรือมาตรา 71 แล้วแต่กรณี,ต้องเสียค่าปรับเป็นเงิน ไม่เกิน 2 เท่าของผลประโยชน์ที่ได้รับและค่าปรับดังกล่าวต้องไม่ต่ำกว่าค่าปรับขั้นต่ำที่กำหนดไว้ในมาตรานั้น ๆ,ต้องเสียค่าปรับเป็นเงิน ไม่เกิน 2 เท่าของผลประโยชน์ที่ได้รับและค่าปรับดังกล่าวต้องไม่ต่ำกว่าค่าปรับขั้นต่ำที่กำหนดไว้ในมาตรานั้น ๆ  คำอธิบายเพิ่มเติม : ตามมาตรา 72 พระราชกำหนดการประกอบธุรกิจสินทรัพย์ดิจิทัล พ.ศ. 2561 กรณีความผิดตามมาตรา 70 หรือมาตรา 71 ในส่วนที่เกี่ยวกับการกำหนดโทษปรับ ถ้าผู้กระทำความผิดได้รับหรือพึงได้รับผลประโยชน์จากการกระทำความผิดนั้น ให้ปรับเป็นเงินไม่เกินสองเท่าของผลประโยชน์ ทั้งนี้ ค่าปรับดังกล่าวต้องไม่ต่ำกว่าค่าปรับขั้นต่ำที่บัญญัติไว้ในมาตรา 70 หรือมาตรา 71 แล้วแต่กรณี,1497,168,1665,0.1458938999567181,3.145345700031612,3.29123959998833,1,0,0.3333333333333333,1.0,0.0,0.0,0.953891396522522
261,sparse_rag,หากสำนักงาน ก.ล.ต. เพิกถอนความเห็นชอบในการแต่งตั้งกรรมการหรือผู้บริหาร แล้วผู้ประกอบธุรกิจสินทรัพย์ดิจิทัลจะต้องทำอย่างไร,ผู้ประกอบธุรกิจสินทรัพย์ดิจิทัลต้องเสนอชื่อบุคคลอื่นแทนเพื่อขอรับความเห็นชอบจากสำนักงาน ก.ล.ต. ภายในสิบห้าวันนับแต่วันที่ถูกเพิกถอนความเห็นชอบ ตามมาตรา 29 แห่งพระราชกำหนดการประกอบธุรกิจสินทรัพย์ดิจิทัล พ.ศ. 2561,ให้ผู้ประกอบธุรกิจสินทรัพย์ดิจิทัลเสนอชื่อบุคคลอื่นแทนภายใน 15 วันนับแต่วันที่ถูกเพิกถอนความเห็นชอบ,ให้ผู้ประกอบธุรกิจสินทรัพย์ดิจิทัลเสนอชื่อบุคคลอื่นแทนภายใน 15 วันนับแต่วันที่ถูกเพิกถอนความเห็นชอบ   ตามพระราชกำหนดการประกอบธุรกิจสินทรัพย์ดิจิทัล พ.ศ. 2561 มาตรา 29 ในการแต่งตั้งกรรมการหรือผู้บริหาร ให้ผู้ประกอบธุรกิจสินทรัพย์ดิจิทัลต้องได้รับความเห็นชอบจากสำนักงาน ก.ล.ต.ก่อน หากภายหลังพบว่ากรรมการหรือผู้บริหารมีลักษณะต้องห้ามตามที่กำหนดไว้ ให้สำนักงาน ก.ล.ต. เพิกถอนความเห็นชอบและให้ผู้ประกอบธุรกิจสินทรัพย์ดิจิทัลเสนอชื่อบุคคลอื่นต่อสำนักงาน ก.ล.ต. ภายใน 15 วันนับแต่วันที่ถูกเพิกถอนความเห็นชอบ,1157,124,1281,0.13770610000938177,2.893481899984181,3.0311879999935627,1,1,1.0,1.0,0.0,0.0,0.9284065961837769
262,sparse_rag,การเสนอขายโทเคนดิจิตอล ขายให้ประชาชนได้ไหม,"การเสนอขายโทเคนดิจิทัลต่อประชาชนได้เฉพาะเมื่อมีการขออนุญาตจากสำนักงาน ก.ล.ต. และยื่นแบบแสดงรายการข้อมูลการเสนอขายโทเคนดิจิทัลพร้อมร่างหนังสือชี้ชวนต่อสำนักงาน ก.ล.ต. ตามมาตรา 17 แห่งพระราชกำหนดการประกอบธุรกิจสินทรัพย์ดิจิทัล พ.ศ. 2561 เท่านั้น หากเสนอขายก่อนที่แบบแสดงรายการดังกล่าวจะมีผลใช้บังคับ จะมีความผิดตามมาตรา 61 ต้องระวางโทษจำคุกไม่เกินหนึ่งปี หรือปรับไม่เกินหนึ่งเท่าของราคาขายโทเคนดิจิทัลทั้งหมด แต่ต้องไม่น้อยกว่า 300,000 บาท หรือทั้งจำทั้งปรับ",ได้ แต่ต้องได้รับอนุญาตจากคณะกรรมการ ก.ล.ต. ก่อน,"ได้ แต่ต้องได้รับอนุญาตจากคณะกรรมการ ก.ล.ต. ก่อน ถ้าฝ่าฝืนจะโดนโทษจำคุกไม่เกินสองปี หรือปรับเป็นเงินไม่เกินสองเท่าของราคาขายของโทเคนดิจิทัลทั้งหมดซึ่งผู้นั้นได้เสนอขาย แต่ทั้งนี้ เงินค่าปรับต้องไม่น้อยกว่าห้าแสนบาท หรือทั้งจำทั้งปรับ ตามมาตรา 17, 19 และ 57 พระราชกำหนดการประกอบธุรกิจสินทรัพย์ดิจิทัล พ.ศ. 2561",1271,257,1528,0.14045979996444657,5.2914202000247315,5.431879999989178,1,0,0.3333333333333333,0.0,0.0,0.0,0.9191744327545166
263,sparse_rag,ผู้จัดการซึ่งรับผิดชอบในการดำเนินงานของนิติบุคคลที่เป็นบริษัทจำกัดที่ได้รับอนุญาตให้เสนอขายโทเคนดิจิทัล กระทำการทุจริต หลอกลวงทำให้ได้ไปซึ่งทรัพย์สินจากประชาชนมีโทษอย่างไร,ผู้จัดการที่กระทำทุจริตหรือหลอกลวงเพื่อให้ได้ทรัพย์สินจากประชาชน ตามมาตรา 82 แห่งพระราชกำหนดการประกอบธุรกิจสินทรัพย์ดิจิทัล พ.ศ. 2561 ต้องระวางโทษจำคุกตั้งแต่ห้าปีถึงสิบปี และปรับตั้งแต่ห้าแสนบาทถึงหนึ่งล้านบาท.,มีโทษจำคุกตั้งแต่ห้าปีถึงสิบปี และปรับตั้งแต่ห้าแสนบาทถึงหนึ่งล้านบาท,มีโทษจำคุกตั้งแต่ห้าปีถึงสิบปี และปรับตั้งแต่ห้าแสนบาทถึงหนึ่งล้านบาท คำอธิบายขยายความเพิ่มเติมตามพระราชกำหนดการประกอบธุรกิจสินทรัพย์ดิจิทัล พ.ศ. 2561 มาตรา 82 ผู้จัดการซึ่งรับผิดชอบในการดำเนินงานของนิติบุคคลใดตามมาตรา 89 โดยทุจริต หลอกลวงด้วยการแสดงข้อความอันเป็นเท็จแก่ประชาชน และโดยการหลอกลวงดังว่านั้นได้ไปซึ่งทรัพย์สินจากประชาชน,1297,128,1425,0.14606550004100427,2.8763048999826424,3.0223704000236467,1,0,0.5,1.0,0.0,0.0,0.9194369316101074
264,sparse_rag,ถ้าผู้ประกอบธุรกิจสินทรัพย์ดิจิทัลไม่ปฎิบัติตามคำสั่งห้ามทำธุรกรรมเกี่ยวกับสินทรัพย์ดิจิทัล มีโทษอย่างไร,ผู้ประกอบธุรกิจสินทรัพย์ดิจิทัลที่ไม่ปฏิบัติตามคำสั่งห้ามทำธุรกรรมเกี่ยวกับสินทรัพย์ดิจิทัล ต้องระวางโทษปรับไม่เกินสามแสนบาท และปรับเพิ่มอีกไม่เกินวันละหนึ่งหมื่นบาท ตลอดเวลาที่ยังมิได้ปฏิบัติให้ถูกต้อง ตามมาตรา 67 แห่งพระราชกำหนดการประกอบธุรกิจสินทรัพย์ดิจิทัล พ.ศ. 2561,ต้องระวางโทษปรับไม่เกินห้าแสนบาท และปรับอีกไม่เกินวันละหนึ่งหมื่นบาทตลอดเวลาที่ยังไม่ได้ปฏิบัติให้ถูกต้อง,ต้องระวางโทษปรับไม่เกินห้าแสนบาท และปรับอีกไม่เกินวันละหนึ่งหมื่นบาทตลอดเวลาที่ยังไม่ได้ปฏิบัติให้ถูกต้อง,1136,171,1307,0.13390750001417473,3.9566942999954335,4.090601800009608,1,0,0.5,1.0,0.0,0.0,0.8582538962364197
265,sparse_rag,มาตราการลงโทษทางแพ่ง ของพรก.การประกอบธุรกิจสินทรัพย์ดิจิทัลฯ ห้ามผู้ที่ฝ่าฝืน เป็นกรรมการหรือผู้บริหารของผู้เสนอขายโทเคนดิจิทัลภายในระยะเวลากี่ปี,ไม่พบข้อมูลที่ตรงกับคำถามในฐานข้อมูลกฎหมายที่มีอยู่,ภายในระยะเวลาที่กำหนดซึ่งต้องไม่เกิน 10 ปี,ภายในระยะเวลาที่กำหนดซึ่งต้องไม่เกิน 10 ปี   มาตรา 98 แห่งพระราชกำหนดการประกอบธุรกิจสินทรัพย์ดิจิทัล พ.ศ. 2561 มาตรการลงโทษทางแพ่ง ได้แก่ (1) ค่าปรับทางแพ่ง (2) ชดใช้เงินในจำนวนที่เท่ากับผลประโยชน์ที่ได้รับหรือพึงได้รับจากการกระทำความผิดตามที่บัญญัติไว้ในมาตรา 96 (3) ห้ามเข้าซื้อขายสินทรัพย์ดิจิทัลในศูนย์ซื้อขายสินทรัพย์ดิจิทัล หรือเข้าผูกพันตามสัญญาซื้อขายล่วงหน้าที่เกี่ยวข้องกับสินทรัพย์ดิจิทัลภายในระยะเวลาที่กำหนดซึ่งต้องไม่เกินห้าปี (4) ห้ามเป็นกรรมการหรือผู้บริหารของผู้เสนอขายโทเคนดิจิทัลหรือผู้ประกอบธุรกิจสินทรัพย์ดิจิทัลภายในระยะเวลาที่กำหนดซึ่งต้องไม่เกินสิบปี (5) ชดใช้ค่าใช้จ่ายของสำนักงาน ก.ล.ต. เนื่องจากการตรวจสอบการกระทำความผิดนั้นคืนให้แก่สำนักงาน ก.ล.ต.,1034,24,1058,0.1508559999638237,0.6893037999980152,0.8401597999618389,0,0,0.0,0.0,0.0,0.0,0.6157010793685913
266,sparse_rag,ผู้รับหลักประกันจะบังคับหลักประกันได้อย่างไร,ผู้รับหลักประกันสามารถบังคับหลักประกันได้โดยการให้ทรัพย์สินที่เป็นหลักประกันหลุดเป็นสิทธิ หรือโดยการจำหน่ายทรัพย์สินที่เป็นหลักประกันเพื่อนำเงินมาชำระหนี้ ตามมาตรา 36 แห่งพระราชบัญญัติหลักประกันทางธุรกิจ พ.ศ. 2558,เงื่อนไขการบังคับหลักประกัน ดังนี้ 1 ผู้ให้หลักประกันไม่ชำระหนี้ภายในระยะเวลาที่กำหนดไว้ในหนังสือตามมาตรา 39 วรรคสอง 2 ผู้รับหลักประกันจะบังคับหลักประกันโดยการจำหน่ายทรัพย์สินที่เป็นหลักประกันเพื่อนำเงินมาชำระหนี้ วิธีการบังคับหลักประกัน 1 ให้ผู้รับหลักประกันดำเนินการจำหน่ายหลักประกันโดยวิธีการประมูลโดยเปิดเผย 2 ผู้รับหลักประกันต้องมีหนังสือแจ้งวัน เวลา สถานที่ และวิธีการจำหน่ายหลักประกันให้ผู้ให้หลักประกัน ผู้รับหลักประกันอื่น และเจ้าหนี้อื่นซึ่งมีบุริมสิทธิเหนือทรัพย์สินที่เป็นหลักประกันเท่าที่ปรากฏรายชื่อในหลักฐานทางทะเบียนทราบล่วงหน้าไม่น้อยกว่า 7 วันก่อนดำเนินการจำหน่ายหลักประกันโดยทางไปรษณีย์ลงทะเบียนตอบรับหรือโดยวิธีการอื่นที่แสดงว่าผู้รับได้รับหนังสือแล้ว,เงื่อนไขการบังคับหลักประกัน ดังนี้ 1 ผู้ให้หลักประกันไม่ชำระหนี้ภายในระยะเวลาที่กำหนดไว้ในหนังสือตามมาตรา 39 วรรคสอง 2 ผู้รับหลักประกันจะบังคับหลักประกันโดยการจำหน่ายทรัพย์สินที่เป็นหลักประกันเพื่อนำเงินมาชำระหนี้ วิธีการบังคับหลักประกัน 1 ให้ผู้รับหลักประกันดำเนินการจำหน่ายหลักประกันโดยวิธีการประมูลโดยเปิดเผย 2 ผู้รับหลักประกันต้องมีหนังสือแจ้งวัน เวลา สถานที่ และวิธีการจำหน่ายหลักประกันให้ผู้ให้หลักประกัน ผู้รับหลักประกันอื่น และเจ้าหนี้อื่นซึ่งมีบุริมสิทธิเหนือทรัพย์สินที่เป็นหลักประกันเท่าที่ปรากฏรายชื่อในหลักฐานทางทะเบียนทราบล่วงหน้าไม่น้อยกว่า 7 วันก่อนดำเนินการจำหน่ายหลักประกันโดยทางไปรษณีย์ลงทะเบียนตอบรับหรือโดยวิธีการอื่นที่แสดงว่าผู้รับได้รับหนังสือแล้ว คำอธิบายขยายความ : พระราชบัญญัติหลักประกันทางธุรกิจ พ.ศ. 2558 มาตรา 40 ภายใต้บังคับมาตรา 43 หมายถึง มาตรา 40 ต้องทำตามมาตรา 43 ก่่อน,1370,115,1485,0.12549499998567626,2.340109799988568,2.465604799974244,0,0,0.0,0.0,0.0,0.0,0.8753600716590881
267,sparse_rag,ผู้ถูกเพิกถอนใบอนุญาตการเป็นผู้บังคับหลักประกันเนื่องจากขาดคุณสมบัติมีสิทธิอุทธรณ์ต่อรัฐมนตรีภายในเวลาใด,ผู้รับใบอนุญาตที่ถูกเพิกถอนใบอนุญาตตามมาตรา 59 แห่งพระราชบัญญัติหลักประกันทางธุรกิจ พ.ศ. 2558 มีสิทธิอุทธรณ์ต่อรัฐมนตรีภายใน **สามสิบวันนับแต่วันที่ได้รับแจ้งการเพิกถอนใบอนุญาต**,ภายใน 30 วันนับแต่วันที่ได้รับแจ้งการเพิกถอนใบอนุญาต,ภายใน 30 วันนับแต่วันที่ได้รับแจ้งการเพิกถอนใบอนุญาต โดยให้ยื่นอุทธรณ์ต่อเจ้าพนักงานทะเบียน   ตามพระราชบัญญัติหลักประกันทางธุรกิจ พ.ศ. 2558 มาตรา 59 หากผู้ได้รับใบอนุญาตเป็นผู้บังคับหลักประกันนั้นขาดคุณสมบัติหรือมีลักษณะต้องห้ามหรือศาลมีคำพิพากษาให้พ้นจากตำแหน่ง ให้เจ้าพนักงานทะเบียนเพิกถอนใบอนุญาตได้ โดยผู้ถูกเพิกถอนใบอนุญาตนั้นมีสิทธิอุทธรณ์ต่อรัฐมนตรีว่าการกระทรวงการคลังและรัฐมนตรีว่าการกระทรวงพาณิชย์ภายใน 30 วัน นับแต่วันที่ได้รับแจ้งการเพิกถอนใบอนุญาต โดยให้ยื่นอุทธรณ์ต่อเจ้าพนักงานทะเบียน นอกจากนี้ ให้รัฐมนตรีนั้นวินิจฉัยอุทธรณ์ให้เสร็จภายใน 60 วันนับแต่วันที่ได้รับอุทธรณ์และให้คำวินิจฉัยของรัฐมนตรีเป็นที่สุด ซึ่งในระหว่างที่ยังไม่ได้วินิจฉัยอุทธรณ์ ให้รัฐมนตรีมีอำนาจสั่งอนุญาตให้ผู้ถูกเพิกถอนใบอนุญาตนั้นทำหน้าที่ไปพลางก่อนก็ได้เมื่อมีการร้องขอ,1704,108,1812,0.13522669998928905,2.483288999996148,2.618515699985437,1,0,0.6666666666666666,1.0,0.0,0.0,0.8860779404640198
268,sparse_rag,ผู้รับหลักประกันไม่ยกเลิกการจดทะเบียนหลักประกันภายในระยะเวลาที่กำหนดเมื่อมีหนังสือตกลงกันให้ยกเลิกแล้วมีความผิดไหม,ผู้รับหลักประกันมีความผิดหากไม่ยกเลิกการจดทะเบียนหลักประกันภายในระยะเวลาที่กำหนด โดยต้องรับผิดชอบชดใช้ค่าเสียหายแก่ผู้ให้หลักประกันตามมาตรา 28 แห่งพระราชบัญญัติหลักประกันทางธุรกิจ พ.ศ. 2558,มีความผิดตามกฎหมาย เป็นความผิดทางพินัยต้องชำระค่าปรับเป็นพินัยไม่เกินหนึ่งแสนบาท,มีความผิดตามกฎหมาย เป็นความผิดทางพินัยต้องชำระค่าปรับเป็นพินัยไม่เกินหนึ่งแสนบาท   พระราชบัญญัติหลักประกันทางธุรกิจ พ.ศ. 2558 มาตรา 85 ผู้ให้หลักประกันผู้ใดไม่ปฏิบัติตามมาตรา 21 วรรคหนึ่ง มีความผิดทางพินัยต้องชำระค่าปรับเป็นพินัยไม่เกินหนึ่งแสนบาท*,1285,97,1382,0.13802649994613603,2.5373488000477664,2.6753752999939024,1,0,0.5,0.0,0.0,0.0,0.8080730438232422
269,sparse_rag,ผู้ให้หลักประกันหรือผู้รับหลักประกันสามารถคำร้องต่อศาลเพื่อมีคำสั่งให้ผู้บังคับหลักประกันพ้นจากตำแหน่งในกรณีใดบ้าง,ผู้ให้หลักประกันหรือผู้รับหลักประกันสามารถคำร้องต่อศาลเพื่อมีคำสั่งให้ผู้บังคับหลักประกันพ้นจากตำแหน่งได้ในกรณีที่ผู้บังคับหลักประกันปฏิบัติหน้าที่โดยทุจริตหรือประมาทเลินเล่อ และก่อหรืออาจก่อให้เกิดความเสียหายแก่ผู้ให้หลักประกันหรือผู้รับหลักประกัน หรือปรากฏข้อเท็จจริงที่เป็นเหตุอันควรสงสัยถึงความเป็นกลางหรือความเป็นอิสระของผู้บังคับหลักประกัน หรือผู้บังคับหลักประกันขาดคุณสมบัติหรือมีลักษณะต้องห้ามตามมาตรา 55 แห่งพระราชบัญญัติหลักประกันทางธุรกิจ พ.ศ. 2558,1. กรณีที่ผู้บังคับหลักประกันปฏิบัติหน้าที่โดยทุจริตหรือประมาทเลินเล่อในการปฏิบัติหน้าที่และก่อหรืออาจก่อให้เกิดความเสียหายแก่ผู้ให้หลักประกันหรือผู้รับหลักประกัน 2. กรณีที่ปรากฏข้อเท็จจริงที่เป็นเหตุอันควรสงสัยถึงความเป็นกลางหรือความเป็นอิสระของผู้บังคับหลักประกัน 3. กรณีที่ผู้บังคับหลักประกันขาดคุณสมบัติหรือมีลักษณะต้องห้ามตามที่กฎหมายกำหนด,1. กรณีที่ผู้บังคับหลักประกันปฏิบัติหน้าที่โดยทุจริตหรือประมาทเลินเล่อในการปฏิบัติหน้าที่และก่อหรืออาจก่อให้เกิดความเสียหายแก่ผู้ให้หลักประกันหรือผู้รับหลักประกัน 2. กรณีที่ปรากฏข้อเท็จจริงที่เป็นเหตุอันควรสงสัยถึงความเป็นกลางหรือความเป็นอิสระของผู้บังคับหลักประกัน 3. กรณีที่ผู้บังคับหลักประกันขาดคุณสมบัติหรือมีลักษณะต้องห้ามตามที่กฎหมายกำหนด   เป็นไปตามพระราชบัญญัติหลักประกันทางธุรกิจ พ.ศ. 2558 มาตรา 76,1951,248,2199,0.13663750002160668,5.4149530999711715,5.551590599992778,1,0,0.3333333333333333,1.0,0.0,0.0,0.9382875561714172
270,sparse_rag,หากผู้บังคับหลักประกันพ้นตำแหน่งแล้วแต่กิจการต้องดำเนินต่อต้องทำอย่างไร,หากผู้บังคับหลักประกันพ้นจากตำแหน่งแต่ยังมีกิจการที่ต้องดำเนินต่อไป ให้ศาลแต่งตั้งผู้รับใบอนุญาตคนหนึ่งตามที่ศาลเห็นสมควรเป็นผู้บังคับหลักประกันแทน ตามมาตรา 78 แห่งพระราชบัญญัติหลักประกันทางธุรกิจ พ.ศ. 2558,ให้ศาลแต่งตั้งผู้รับใบอนุญาตคนหนึ่งตามที่ศาลเห็นสมควรเป็นผู้บังคับหลักประกันแทน ข้อยกเว้น กรณีที่ไม่มีผู้รับใบอนุญาตให้ศาลแต่งตั้งผู้ที่มีความรู้ความเชี่ยวชาญและประสบการณ์ตามมาตรา 55,ให้ศาลแต่งตั้งผู้รับใบอนุญาตคนหนึ่งตามที่ศาลเห็นสมควรเป็นผู้บังคับหลักประกันแทน ข้อยกเว้น กรณีที่ไม่มีผู้รับใบอนุญาตให้ศาลแต่งตั้งผู้ที่มีความรู้ความเชี่ยวชาญและประสบการณ์ตามมาตรา 55 ให้นำบทบัญญัติในหมวดนี้ที่เกี่ยวกับผู้บังคับหลักประกันมาใช้บังคับแก่ผู้บังคับหลักประกันแทนตามวรรคหนึ่งโดยอนุโลม,1839,117,1956,0.133228299964685,2.2275894000194967,2.3608176999841817,1,0,0.3333333333333333,1.0,0.0,0.0,0.8825182914733887
271,sparse_rag,ผู้บังคับหลักประกันได้รับค่าตอบแทนหรือไม่,ผู้บังคับหลักประกันได้รับค่าตอบแทนตามอัตราหรือจำนวนที่ตกลงกันไว้ในสัญญา หรือตามที่ปรากฏในรายการจดทะเบียนตามมาตรา 18 (4) ของพระราชบัญญัติหลักประกันทางธุรกิจ พ.ศ. 2558 หรือตามคำสั่งของศาล,ได้ ตามอัตราหรือจำนวนที่ปรากฏในรายการจดทะเบียนตามมาตรา 18 (4) ของพระราชบัญญัติหลักประกันทางธุรกิจ พ.ศ. 2558 หรือตามที่ศาลสั่ง แล้วแต่กรณี,ได้ ตามอัตราหรือจำนวนที่ปรากฏในรายการจดทะเบียนตามมาตรา 18 (4) ของพระราชบัญญัติหลักประกันทางธุรกิจ พ.ศ. 2558 หรือตามที่ศาลสั่ง แล้วแต่กรณี,926,101,1027,0.13041450001765043,2.263111999956891,2.3935264999745414,1,0,0.5,0.5,1.0,1.0,0.9009877443313599
272,sparse_rag,ในการอุทธรณ์คำพิพากษาหรือคำสั่งของศาลในการให้ผู้บังคับหลักประกันพ้นจากตำแหน่ง ต้องอุทธรณ์ภายในระยะเวลากี่วัน,ต้องอุทธรณ์ภายในสิบห้าวันนับแต่วันมีคำพิพากษาหรือคำสั่งของศาล ตามมาตรา 77 แห่งพระราชบัญญัติหลักประกันทางธุรกิจ พ.ศ. 2558,ภายใน 15 วันนับแต่วันมีคำพิพากษาหรือคำสั่งของศาล,"ภายใน 15 วันนับแต่วันมีคำพิพากษาหรือคำสั่งของศาล คำพิพากษาหรือคำสั่งของศาลอุทธรณ์ให้เป็นที่สุด   มาตรา 77 วรรคสอง แห่งพระราชบัญญัติหลักประกันทางธุรกิจ พ.ศ. 2558 

พระราชบัญญัติหลักประกันทางธุรกิจ พ.ศ. 2558 มาตรา 77 หากศาลเห็นว่ามีเหตุคัดค้านผู้บังคับหลักประกันตามมาตรา 76 วรรคหนึ่งให้ศาลมีคำพิพากษาให้ผู้บังคับหลักประกันพ้นจากตำแหน่ง แต่หากศาลเห็นว่าไม่มีเหตุดังกล่าว ให้ศาลมีคำสั่งยกคำร้อง 
คำพิพากษาหรือคำสั่งศาลตามมาตรานี้ให้อุทธรณ์ต่อศาลอุทธรณ์ภายในสิบห้าวันนับแต่วันมีคำพิพากษาหรือคำสั่งของศาล คำพิพากษาหรือคำสั่งของศาลอุทธรณ์ให้เป็นที่สุด 
ในกรณีที่ไม่มีการอุทธรณ์คำพิพากษาหรือคำสั่งภายในกำหนดเวลาตามวรรคสอง หรือเมื่อศาลอุทธรณ์มีคำพิพากษาหรือคำสั่ง แล้วแต่กรณี ให้ศาลสั่งคืนประกันหรือหลักประกันแก่ผู้วางประกันหรือหลักประกันต่อศาลตามมาตรา 76 วรรคสอง",1951,75,2026,0.14928429998690262,1.7241266000200994,1.873410900007002,1,1,1.0,1.0,0.0,0.0,0.8728694915771484
273,sparse_rag,ใครมีหน้าที่รับผิดชอบความถูกต้องและครบถ้วนของข้อมูลในการจดทะเบียน แก้ไข หรือยกเลิกการจดทะเบียนสัญญาหลักประกันทางธุรกิจ,ผู้มีหน้าที่รับผิดชอบความถูกต้องและครบถ้วนของข้อมูลในการจดทะเบียน แก้ไข หรือยกเลิกการจดทะเบียนสัญญาหลักประกันทางธุรกิจ คือ ผู้มีหน้าที่ดำเนินการทางทะเบียน ตามมาตรา 16 แห่งพระราชบัญญัติหลักประกันทางธุรกิจ พ.ศ. 2558,ผู้มีหน้าที่ดำเนินการทางทะเบียน เป็นผู้รับผิดชอบความถูกต้องและครบถ้วนของข้อมูลที่ตนแจ้งในการจดทะเบียน แก้ไข หรือยกเลิกการจดทะเบียนสัญญาหลักประกันทางธุรกิจ,"ผู้มีหน้าที่ดำเนินการทางทะเบียน เป็นผู้รับผิดชอบความถูกต้องและครบถ้วนของข้อมูลที่ตนแจ้งในการจดทะเบียน แก้ไข หรือยกเลิกการจดทะเบียนสัญญาหลักประกันทางธุรกิจ 


ตามพระราชบัญญัติหลักประกันทางธุรกิจ พ.ศ. 2558 มาตรา 16 ให้เจ้าพนักงานทะเบียนรับจดทะเบียน แก้ไขรายการจดทะเบียน หรือยกเลิกการจดทะเบียนสัญญาหลักประกันทางธุรกิจตามข้อมูลที่ได้รับแจ้งจากผู้มีหน้าที่ดำเนินการทางทะเบียนตามหมวดนี้ โดยผู้มีหน้าที่ดำเนินการทางทะเบียนเป็นผู้รับผิดชอบความถูกต้องและครบถ้วนของข้อมูลที่ตนเป็นผู้แจ้งนั้น ในกรณีข้อมูลที่ได้รับแจ้งจากผู้มีหน้าที่ดำเนินการทางทะเบียนมีรายการไม่ครบถ้วนตามมาตรา 18 เจ้าพนักงานทะเบียนต้องไม่รับจดทะเบียน แก้ไขรายการจดทะเบียน หรือยกเลิกการจดทะเบียนสัญญาหลักประกันทางธุรกิจ",1195,118,1313,0.13325030001578853,2.6205196999944746,2.753770000010263,1,0,0.5,1.0,0.0,0.0,0.9219605326652527
274,sparse_rag,จะต้องนำเงินที่ได้จากการจำหน่ายกิจการที่เป็นหลักประกันไปชำระอะไรเป็นอันดับแรก,ต้องนำเงินที่ได้จากการจำหน่ายกิจการที่เป็นหลักประกันไปชำระค่าธรรมเนียมในการยึดหรืออายัดตามมาตรา 72 และค่าใช้จ่ายในการบำรุงรักษา จัดการ และดำเนินกิจการของผู้บังคับหลักประกันตามมาตรา 73 ก่อนเป็นอันดับแรก ตามมาตรา 74 วรรคหนึ่ง ข้อ (1) แห่งพระราชบัญญัติหลักประกันทางธุรกิจ พ.ศ. 2558,ต้องนำเงินที่ได้จากการจำหน่ายกิจการที่เป็นหลักประกันไปชำระค่าธรรมเนียมในการยึดหรืออายัดตามมาตรา 72 ค่าใช้จ่ายในการบำรุงรักษา จัดการและดำเนินกิจการของผู้บังคับหลักประกันตามมาตรา 73 เป็นอันดับแรก.,ต้องนำเงินที่ได้จากการจำหน่ายกิจการที่เป็นหลักประกันไปชำระค่าธรรมเนียมในการยึดหรืออายัดตามมาตรา 72 ค่าใช้จ่ายในการบำรุงรักษา จัดการและดำเนินกิจการของผู้บังคับหลักประกันตามมาตรา 73ั เป็นอันดับแรก คำอธิบายขยายความ : พระราชบัญญัติหลักประกันทางธุรกิจ พ.ศ. 2558 มาตรา 74 เงินที่ได้จากการจำหน่ายกิจการที่เป็นหลักประกันให้จัดสรรชำระตามลำดับ ดังต่อไปนี้ (1) ค่าธรรมเนียมในการยึดหรืออายัดตามมาตรา 72 ค่าใช้จ่ายในการบำรุงรักษา จัดการและดำเนินกิจการของผู้บังคับหลักประกันตามมาตรา 73 (2) ค่าตอบแทนของผู้บังคับหลักประกัน ค่าใช้จ่ายตามสมควรอันเกิดจากการบังคับหลักประกันค่าฤชาธรรมเนียมการบังคับหลักประกัน และค่าธรรมเนียมการจำหน่ายกิจการที่เป็นหลักประกัน (3) ชำระหนี้ให้แก่ผู้รับหลักประกัน และเจ้าหนี้อื่นซึ่งมีบุริมสิทธิเหนือทรัพย์สินที่เป็นหลักประกันเท่าที่ปรากฏรายชื่อในหลักฐานทางทะเบียนตามลำดับ (4) ชำระหนี้แก่เจ้าหนี้ตามคำพิพากษาอื่นซึ่งขอเฉลี่ยทรัพย์สินหรือเงินที่ได้จากการจำหน่ายกิจการนั้นตามมาตรา 71 (5) เงินที่เหลือหากมี ให้ชำระคืนแก่ผู้ให้หลักประกัน ให้นำบทบัญญัติมาตรา 52 วรรคสอง วรรคสาม และวรรคสี่ มาใช้บังคับแก่การจัดสรรชำระตามมาตรานี้โดยอนุโลม,1761,146,1907,0.14387309999438003,2.728833200002555,2.872706299996935,1,0,0.4,1.0,1.0,1.0,0.8805391192436218
275,sparse_rag,การนั่งพิจารณาคดีในคําร้องบังคับหลักประกันโดยจําหน่ายทรัพย์สินที่เป็นหลักประกันเพื่อนําเงินมาชําระหนี้ ศาลจะนั่งพิจารณาคดีติดต่อกันหรือไม่,ตามมาตรา 47 แห่งพระราชบัญญัติหลักประกันทางธุรกิจ พ.ศ. 2558 ศาลจะนั่งพิจารณาคดีติดต่อกันทุกวันจนกว่าจะเสร็จการพิจารณาและมีคำพิพากษาหรือคำสั่ง เว้นแต่กรณีมีพฤติการณ์พิเศษอันมิอาจก้าวล่วงได้ ดังนั้น การนั่งพิจารณาคดีในคดีร้องขอบังคับหลักประกันเพื่อขายทรัพย์สินที่เป็นหลักประกันเพื่อนำเงินมาชำระหนี้ ศาลจะนั่งพิจารณาติดต่อกันจนกว่าจะมีคำพิพากษาหรือคำสั่ง,ใช่ กรณีที่ผู้ให้หลักประกัน หรือผู้ที่ยึดถือทรัพย์สินที่เป็นหลักประกัน ไม่ส่งมอบการครอบครองทรัพย์สินที่เป็นหลักประกันให้แก่ผู้รับหลักประกัน โดยผู้รับหลักประกันได้คําร้องด้วยว่าจะบังคับหลักประกันโดยให้ทรัพย์สินที่เป็นหลักประกันหลุดเป็นสิทธิ หรือโดยจําหน่ายทรัพย์สินที่เป็นหลักประกันเพื่อนําเงินมาชําระหนี้แล้ว ศาลจะกำหนดวันพิจารณาโดยเร็ว และศาลนั่งพิจารณาคดีติดต่อกันทุกวันจนกว่าจะเสร็จการพิจารณาและมีคำพิพากษาหรือคำสั่งนั้น.,ใช่ กรณีที่ผู้ให้หลักประกัน หรือผู้ที่ยึดถือทรัพย์สินที่เป็นหลักประกัน ไม่ส่งมอบการครอบครองทรัพย์สินที่เป็นหลักประกันให้แก่ผู้รับหลักประกัน โดยผู้รับหลักประกันได้คําร้องด้วยว่าจะบังคับหลักประกันโดยให้ทรัพย์สินที่เป็นหลักประกันหลุดเป็นสิทธิ หรือโดยจําหน่ายทรัพย์สินที่เป็นหลักประกันเพื่อนําเงินมาชําระหนี้แล้ว ศาลจะกำหนดวันพิจารณาโดยเร็ว และศาลนั่งพิจารณาคดีติดต่อกันทุกวันจนกว่าจะเสร็จการพิจารณาและมีคำพิพากษาหรือคำสั่งนั้น,2111,222,2333,0.1461221000063233,4.707924999995157,4.85404710000148,1,0,0.5,1.0,0.0,0.0,0.8756980895996094
276,sparse_rag,ผู้รับหลักประกันที่ได้รับความยินยอมเป็นหนังสือจากผู้ให้หลักประกันสามารถดำเนินการของจดทะเบียนต่อเจ้าพนักงานทะเบียนได้หรือไม่,ผู้รับหลักประกันที่ได้รับความยินยอมเป็นหนังสือจากผู้ให้หลักประกันสามารถดำเนินการขอจดทะเบียนต่อเจ้าพนักงานทะเบียนได้ตามมาตรา 17 แห่งพระราชบัญญัติหลักประกันทางธุรกิจ พ.ศ. 2558,ได้,ได้  คำอธิบายเพิ่มเติม : ตามมาตรา 17 วรรค 1 พระราชบัญญัติหลักประกันทางธุรกิจ พ.ศ. 2558 ให้ผู้รับหลักประกันโดยได้รับความยินยอมเป็นหนังสือจากผู้ให้หลักประกันเป็นผู้ดำเนินการขอจดทะเบียนต่อเจ้าพนักงานทะเบียน,1268,92,1360,0.13573129998985678,2.0943577000289224,2.230089000018779,1,0,0.5,0.5,0.0,0.0,0.957509458065033
277,sparse_rag,ถ้าปรากฏว่ามีบุริมสิทธิและสิทธิตามสัญญาหลักประกันทางธุรกิจพร้อมกันในทรัพย์สินเดียวกัน จะเป็นไปอย่างไร,"เมื่อมีบุริมสิทธิแย้งกับสิทธิตามสัญญาหลักประกันทางธุรกิจในทรัพย์สินเดียวกัน ให้ถือลำดับบุริมสิทธิดังนี้:  
หากทรัพย์สินนั้นเป็นสังหาริมทรัพย์ ผู้รับหลักประกันมีสิทธิเป็นอย่างเดียวกับผู้รับจำนองตามมาตรา 287 แห่งประมวลกฎหมายแพ่งและพาณิชย์ ตามมาตรา 34 แห่งพระราชบัญญัติหลักประกันทางธุรกิจ พ.ศ. 2558",ให้ถือลำดับบุริมสิทธิ ดังนี้ 1. หากทรัพย์สินที่เป็นหลักประกันเป็นสังหาริมทรัพย์ ให้ผู้รับหลักประกันมีสิทธิอย่างเดียวกันกับผู้รับจำนำตามมาตรา 282 แห่งประมวลกฎหมายแพ่งและพาณิชย์ หากมีการจดทะเบียนจำนองสังหาริมทรัพย์นั้นไว้ด้วย ให้ผู้รับหลักประกันมีสิทธิอย่างเดียวกันกับผู้รับจำนองตามมาตรา 287 แห่งประมวลกฎหมายแพ่งและพาณิชย์ 2. หากทรัพย์สินที่เป็นหลักประกันเป็นอสังหาริมทรัพย์ ให้ผู้รับหลักประกันมีสิทธิอย่างเดียวกันกับผู้รับจำนองตามมาตรา 287 แห่งประมวลกฎหมายแพ่งและพาณิชย์.,ให้ถือลำดับบุริมสิทธิ ดังนี้ 1. หากทรัพย์สินที่เป็นหลักประกันเป็นสังหาริมทรัพย์ ให้ผู้รับหลักประกันมีสิทธิอย่างเดียวกันกับผู้รับจำนำตามมาตรา 282 แห่งประมวลกฎหมายแพ่งและพาณิชย์ หากมีการจดทะเบียนจำนองสังหาริมทรัพย์นั้นไว้ด้วย ให้ผู้รับหลักประกันมีสิทธิอย่างเดียวกันกับผู้รับจำนองตามมาตรา 287 แห่งประมวลกฎหมายแพ่งและพาณิชย์ 2. หากทรัพย์สินที่เป็นหลักประกันเป็นอสังหาริมทรัพย์ ให้ผู้รับหลักประกันมีสิทธิอย่างเดียวกันกับผู้รับจำนองตามมาตรา 287 แห่งประมวลกฎหมายแพ่งและพาณิชย์   เป็นไปตามพระราชบัญญัติหลักประกันทางธุรกิจ พ.ศ. 2558 มาตรา 34,1273,182,1455,0.15666999999666587,3.312863799976185,3.469533799972851,1,0,0.3333333333333333,0.5,0.2,0.2,0.9370241165161133
278,sparse_rag,ดอกผลจากการเข้าครอบครองทรัพย์สินของผู้รับหลักประกันต้องจัดสรรชำระหรือไม่,ต้องจัดสรรชำระตามลำดับที่กำหนดไว้ในมาตรา 52 แห่งพระราชบัญญัติหลักประกันทางธุรกิจ พ.ศ. 2558 โดยดอกผลที่เกิดขึ้นนับแต่วันที่ผู้รับหลักประกันมีสิทธิเข้าครอบครองทรัพย์สินที่เป็นหลักประกัน จัดสรรชำระตามลำดับที่ (1) ค่าใช้จ่ายในการรักษาและสงวนทรัพย์สิน ถึง (5) เงินที่เหลือให้ชำระคืนแก่ผู้ให้หลักประกัน,ต้องจัดสรรชำระ,ต้องจัดสรรชำระ  คำอธิบายเพิ่มเติม : มาตรา 52 พระราชบัญญัติหลักประกันทางธุรกิจ พ.ศ. 2558 เงินที่ได้จากการจำหน่ายทรัพย์สินที่เป็นหลักประกันตามมาตรา 39 วรรคสาม มาตรา 40 และมาตรา 44 และดอกผลที่เกิดขึ้นนับแต่วันที่ผู้รับหลักประกันมีสิทธิเข้าครอบครองทรัพย์สินที่เป็นหลักประกันให้จัดสรรชำระตามลำดับ ดังต่อไปนี้ (1) ค่าใช้จ่ายในการรักษาและสงวนทรัพย์สินที่เป็นหลักประกันตามมาตรา 45 (2) ค่าใช้จ่ายตามสมควรและค่าฤชาธรรมเนียมอันเกิดจากการบังคับหลักประกัน (3) ชำระหนี้ให้แก่ผู้รับหลักประกัน และเจ้าหนี้อื่นซึ่งมีบุริมสิทธิเหนือทรัพย์สินที่เป็นหลักประกันเท่าที่ปรากฏรายชื่อในหลักฐานทางทะเบียนตามลำดับ (4) ชำระหนี้แก่เจ้าหนี้ตามคำพิพากษาอื่นซึ่งขอเฉลี่ยทรัพย์สินหรือเงินที่ได้จากการจำหน่ายทรัพย์สินตามมาตรา 39 (5) เงินที่เหลือหากมี ให้ชำระคืนแก่ผู้ให้หลักประกัน,1586,166,1752,0.134078600036446,3.7718642999534495,3.9059428999898955,1,0,0.2,1.0,0.0,0.0,0.8823703527450562
279,sparse_rag,กระบวนการบังคับหลักประกันที่เป็นกิจการได้ใช้หลักการบังคับหลักประกันที่เป็นทรัพย์สินมาประกอบไหม,ใช่ กระบวนการบังคับหลักประกันที่เป็นกิจการได้ใช้หลักการบังคับหลักประกันที่เป็นทรัพย์สินมาประกอบ ตามพระราชบัญญัติหลักประกันทางธุรกิจ พ.ศ. 2558 มาตรา 8 ที่กำหนดว่า “กิจการ” จัดเป็นหนึ่งในรูปแบบของหลักประกันได้ และต้องดำเนินการตามหลักการบังคับตามกฎหมายที่เกี่ยวข้องกับทรัพย์สินที่เป็นหลักประกัน,สามารถใช้การบังคับหลักประกันทางทรัพย์สิน มาตรา 35 มาบังคับโดยอนุโลมได้,"สามารถใช้การบังคับหลักประกันทางทรัพย์สิน มาตรา 35 มาบังคับโดยอนุโลมได้  

คำอธิบายขยายความ : พระราชบัญญัติหลักประกันทางธุรกิจ พ.ศ. 2558 มาตรา 62 ให้นำบทบัญญัติมาตรา 35 มาตรา 42 และมาตรา 51 รวมทั้งบทกำหนดโทษที่เกี่ยวข้องมาใช้บังคับแก่การบังคับหลักประกันที่เป็นกิจการตามหมวดนี้โดยอนุโลม",1172,154,1326,0.1325137999956496,3.537474199954886,3.6699879999505356,0,0,0.0,0.0,0.0,0.0,0.8702433109283447
280,sparse_rag,รวมทรัพย์สินกับทรัพย์สินหลักประกันเป็นทรัพย์สินเดียวกันจนไม่อาจแบ่งแยกได้ สิทธิของผู้รับหลักประกันต่อทรัพย์สินหลักประกันนั้นจะเป็นเช่นไร,ตามมาตรา 30 แห่งพระราชบัญญัติหลักประกันทางธุรกิจ พ.ศ. 2558 ถ้านำทรัพย์สินที่เป็นหลักประกันมารวมเข้ากับทรัพย์สินของบุคคลอื่นจนเป็นส่วนควบหรือแบ่งแยกไม่ได้ ผู้รับหลักประกันมีสิทธิตามมาตรา 29 เหนือทรัพย์สินที่รวมเข้ากัน ตามส่วนของค่าแห่งทรัพย์สินที่เป็นหลักประกันของตนในเวลาที่ทรัพย์สินรวมเข้ากัน,ผู้รับหลักประกันมีสิทธิตามกฎหมายเหนือทรัพย์สินที่รวมเข้ากันตามส่วนของค่าแห่งทรัพย์สินที่เป็นหลักประกันของตนในเวลาที่ทรัพย์สินรวมเข้ากัน,ผู้รับหลักประกันมีสิทธิตามกฎหมายเหนือทรัพย์สินที่รวมเข้ากันตามส่วนของค่าแห่งทรัพย์สินที่เป็นหลักประกันของตนในเวลาที่ทรัพย์สินรวมเข้ากัน คำอธิบายขยายความ: พระราชบัญญัติหลักประกันทางธุรกิจ พ.ศ. 2558 มาตรา 30 ถ้านำทรัพย์สินที่เป็นหลักประกันมารวมเข้ากับทรัพย์สินของบุคคลอื่นจนเป็นส่วนควบหรือแบ่งแยกไม่ได้ ผู้รับหลักประกันมีสิทธิตามมาตรา 29 เหนือทรัพย์สินที่รวมเข้ากันตามส่วนของค่าแห่งทรัพย์สินที่เป็นหลักประกันของตนในเวลาที่ทรัพย์สินรวมเข้ากัน,1113,173,1286,0.13502210000297055,3.2299311999813654,3.364953299984336,1,0,0.5,1.0,0.0,0.0,0.9697532653808594
281,sparse_rag,ผู้รับหลักประกันมีสิทธิอะไรบ้างแก่ทรัพย์สินแทนหลักประกัน,ผู้รับหลักประกันมีสิทธิตามมาตรา 29 เหนือทรัพย์สินที่ได้มาแทนทรัพย์สินที่เป็นหลักประกัน ซึ่งรวมถึงทรัพย์สินที่ได้มาจากการจำหน่าย จ่ายโอน แลกเปลี่ยน หรือค่าสินไหมทดแทนเนื่องจากทรัพย์สินดังกล่าวสูญหายหรือเสียหาย โดยต้องได้แก้ไขรายการจดทะเบียนให้ทรัพย์สินดังกล่าวเป็นหลักประกันต่อเจ้าพนักงานทะเบียนแล้ว และหากเป็นสิทธิเรียกร้อง ต้องได้แจ้งหนังสือบอกกล่าวไปยังลูกหนี้แห่งสิทธินั้นแล้วด้วย (ตามมาตรา 31 แห่งพระราชบัญญัติหลักประกันทางธุรกิจ พ.ศ. 2558),ผู้รับหลักประกันมีสิทธิตามกฎหมายเหนือทรัพย์สินที่ได้มาแทนทรัพย์สินที่เป็นหลักประกันเมื่อได้แก้ไขรายการจดทะเบียนเพื่อให้ทรัพย์สินดังกล่าวเป็นหลักประกันต่อเจ้าพนักงานทะเบียนแล้ว และในกรณีที่ทรัพย์สินที่ได้มาดังกล่าวเป็นสิทธิเรียกร้อง ผู้รับหลักประกันจะยกสิทธิดังกล่าวขึ้นเป็นข้อต่อสู้ลูกหนี้แห่งสิทธิได้ต่อเมื่อได้มีหนังสือบอกกล่าวไปยังลูกหนี้แห่งสิทธินั้นด้วยแล้ว.,ผู้รับหลักประกันมีสิทธิตามกฎหมาย เหนือทรัพย์สินที่ได้มาแทนทรัพย์สินที่เป็นหลักประกันเมื่อได้แก้ไขรายการจดทะเบียนเพื่อให้ทรัพย์สินดังกล่าวเป็นหลักประกันต่อเจ้าพนักงานทะเบียนแล้ว และในกรณีที่ทรัพย์สินที่ได้มาดังกล่าวเป็นสิทธิเรียกร้อง ผู้รับหลักประกันจะยกสิทธิดังกล่าวขึ้นเป็นข้อต่อสู้ลูกหนี้แห่งสิทธิได้ต่อเมื่อได้มีหนังสือบอกกล่าวไปยังลูกหนี้แห่งสิทธินั้นด้วยแล้ว และใช้บังคับแก่ทรัพย์สินที่ได้มาจากการจำหน่ายจ่ายโอน แลกเปลี่ยนหรือทรัพย์สินที่ได้มาแทนทรัพย์สินที่เป็นหลักประกัน และค่าสินไหมทดแทนเนื่องจากทรัพย์สินดังกล่าวสูญหายหรือเสียหายด้วย   พระราชบัญญัติหลักประกันทางธุรกิจ พ.ศ. 2558 มาตรา 31 ในกรณีที่ผู้ให้หลักประกันได้ทรัพย์สินมาจากการจำหน่ายจ่ายโอน แลกเปลี่ยน หรือได้มาแทนทรัพย์สินที่เป็นหลักประกันหรือที่มีทรัพย์สินที่เป็นหลักประกันรวมอยู่ด้วย รวมทั้งค่าสินไหมทดแทนที่ได้มาเนื่องจากทรัพย์สินดังกล่าวสูญหายหรือเสียหาย ให้ถือว่าทรัพย์สินที่ได้มานั้นเป็นหลักประกันด้วย ผู้รับหลักประกันมีสิทธิตามมาตรา 29 เหนือทรัพย์สินที่ได้มาแทนทรัพย์สินที่เป็นหลักประกันตามวรรคหนึ่งเมื่อได้แก้ไขรายการจดทะเบียนเพื่อให้ทรัพย์สินดังกล่าวเป็นหลักประกันต่อเจ้าพนักงานทะเบียนแล้ว และในกรณีที่ทรัพย์สินที่ได้มาดังกล่าวเป็นสิทธิเรียกร้อง ผู้รับหลักประกันจะยกสิทธิดังกล่าวขึ้นเป็นข้อต่อสู้ลูกหนี้แห่งสิทธิได้ต่อเมื่อได้มีหนังสือบอกกล่าวไปยังลูกหนี้แห่งสิทธินั้นด้วยแล้ว บทบัญญัติมาตรานี้ให้ใช้บังคับแก่ทรัพย์สินที่ได้มาจากการจำหน่ายจ่ายโอน แลกเปลี่ยนหรือทรัพย์สินที่ได้มาแทนทรัพย์สินที่เป็นหลักประกัน และค่าสินไหมทดแทนเนื่องจากทรัพย์สินดังกล่าวสูญหายหรือเสียหายด้วย,1419,251,1670,0.13272980001056567,5.66585990000749,5.798589700018056,1,0,0.5,1.0,0.0,0.0,0.896594762802124
282,sparse_rag,ถ้าต้องบังคับหลักประกันตามสัญญาหลักประกันทางธุรกิจ ผู้รับหลักประกันต้องแจ้งผู้บังคับหลักประกันอย่างไร,ตามมาตรา 63 แห่งพระราชบัญญัติหลักประกันทางธุรกิจ พ.ศ. 2558 ผู้รับหลักประกันต้องแจ้งผู้บังคับหลักประกันทราบโดยทางไปรษณีย์ลงทะเบียนตอบรับ หรือโดยวิธีการอื่นที่แสดงว่าผู้บังคับหลักประกันได้รับหนังสือแล้ว,ให้ผู้รับหลักประกันมีหนังสือแจ้งผู้บังคับหลักประกันทราบโดยทางไปรษณีย์ลงทะเบียนตอบรับหรือโดยวิธีการอื่นที่แสดงว่าผู้บังคับหลักประกันได้รับหนังสือแล้ว,ให้ผู้รับหลักประกันมีหนังสือแจ้งผู้บังคับหลักประกันทราบโดยทางไปรษณีย์ลงทะเบียนตอบรับหรือโดยวิธีการอื่นที่แสดงว่าผู้บังคับหลักประกันได้รับหนังสือแล้ว,1550,110,1660,0.15118009998695925,2.449937900004443,2.601117999991402,1,0,0.6666666666666666,0.5,0.0,0.0,0.9508781433105469
283,sparse_rag,ถ้าทรัพย์สินที่เป็นหลักประกันเป็นทรัพย์สินมีทะเบียน แล้วผู้รับหลักประกันมีหนังสือแจ้งให้ทราบถึงการจำหน่ายหลักประกันที่เป็นของที่เน่าเสียได้ง่าย นายทะเบียนต้องทำอย่างไร,นายทะเบียนต้องเปลี่ยนแปลงทะเบียนทรัพย์สินที่เป็นหลักประกันตามมาตรา 51 แห่งพระราชบัญญัติหลักประกันทางธุรกิจ พ.ศ. 2558 โดยถือว่าหนังสือแจ้งการจำหน่ายหลักประกันเป็นเสมือนการแสดงเจตนาของผู้ให้หลักประกัน,ให้นายทะเบียนเปลี่ยนแปลงทะเบียนทรัพย์สินที่เป็นหลักประกันโดยถือว่าหนังสือแจ้งข้อเท็จจริงเกี่ยวกับการบังคับหลักประกันหรือคำพิพากษาบังคับหลักประกันเป็นเสมือนการแสดงเจตนาของผู้ให้หลักประกัน,ให้นายทะเบียนเปลี่ยนแปลงทะเบียนทรัพย์สินที่เป็นหลักประกันโดยถือว่าหนังสือแจ้งข้อเท็จจริงเกี่ยวกับการบังคับหลักประกันหรือคำพิพากษาบังคับหลักประกันเป็นเสมือนการแสดงเจตนาของผู้ให้หลักประกัน,1399,101,1500,0.14531250001164153,1.9486024000216275,2.093914900033269,1,0,0.4,1.0,0.0,0.0,0.8982552289962769
284,sparse_rag,ผู้บังคับหลักประกันมีอำนาจหน้าที่อะไรบ้างที่เกี่ยวข้องกับหลักประกัน,ผู้บังคับหลักประกันมีอำนาจหน้าที่บำรุงรักษา จัดการ และดำเนินกิจการที่เป็นหลักประกันจนกว่าจะจำหน่ายได้ รวมถึงตรวจสอบและประเมินราคา กำหนดวิธีการจำหน่าย ดำเนินการจำหน่าย และจัดสรรเงินที่ได้จากการจำหน่ายตามมาตรา 74 ทั้งนี้ อาจกระทำได้เพียงเท่าที่จำเป็นเพื่อให้กิจการดำเนินต่อไปได้ โดยถือว่าการกระทำดังกล่าวเป็นการดำเนินการโดยมติที่ประชุมใหญ่ผู้ถือหุ้นหรือข้อตกลงของผู้เป็นหุ้นส่วนด้วยกันทุกคนของผู้ให้หลักประกัน และต้องใช้ความเอื้อเฟื้อสอดส่องอย่างผู้ประกอบวิชาชีพจะพึงปฏิบัติ (ตามมาตรา 73 แห่งพระราชบัญญัติหลักประกันทางธุรกิจ พ.ศ. 2558),ให้ผู้บังคับหลักประกันมีอำนาจหน้าที่บำรุงรักษา จัดการและดำเนินกิจการที่เป็นหลักประกันจนกว่าจะจำหน่ายกิจการที่เป็นหลักประกันได้ ตรวจสอบและประเมินราคากิจการที่เป็นหลักประกัน กำหนดวิธีการที่เหมาะสมในการจำหน่ายกิจการที่เป็นหลักประกัน จำหน่ายกิจการที่เป็นหลักประกัน และจัดสรรเงินที่ได้จากการจำหน่ายกิจการที่เป็นหลักประกัน,"ให้ผู้บังคับหลักประกันมีอำนาจหน้าที่บำรุงรักษา จัดการและดำเนินกิจการที่เป็นหลักประกันจนกว่าจะจำหน่ายกิจการที่เป็นหลักประกันได้ ตรวจสอบและประเมินราคากิจการที่เป็นหลักประกัน กำหนดวิธีการที่เหมาะสมในการจำหน่ายกิจการที่เป็นหลักประกัน จำหน่ายกิจการที่เป็นหลักประกัน และจัดสรรเงินที่ได้จากการจำหน่ายกิจการที่เป็นหลักประกัน 

คำอธิบายขยายความเพิ่มเติมตามพระราชบัญญัติหลักประกันทางธุรกิจ พ.ศ. 2558 มาตรา 73 ให้ผู้บังคับหลักประกันมีอำนาจหน้าที่บำรุงรักษา จัดการและดำเนินกิจการที่เป็นหลักประกันจนกว่าจะจำหน่ายกิจการที่เป็นหลักประกันได้ ตรวจสอบและประเมินราคากิจการที่เป็นหลักประกัน กำหนดวิธีการที่เหมาะสมในการจำหน่ายกิจการที่เป็นหลักประกัน ดำเนินการจำหน่ายกิจการที่เป็นหลักประกัน และจัดสรรเงินที่ได้จากการจำหน่ายกิจการที่เป็นหลักประกันตามมาตรา 74 เพื่อประโยชน์แห่งการนี้ ผู้บังคับหลักประกันอาจจำหน่ายจ่ายโอน เช่า ให้เช่า ชำระหนี้ ก่อหนี้ หรือกระทำการใด ๆ ที่ก่อให้เกิดภาระในกิจการที่เป็นหลักประกันได้เพียงเท่าที่จำเป็นเพื่อให้กิจการสามารถดำเนินการต่อไปได้",1737,279,2016,0.13139289995888248,6.4242175000254065,6.555610399984289,1,0,0.5,1.0,0.0,0.0,0.9303478598594666
285,sparse_rag,ถ้าคู่สัญญาหลักประกันทางธุรกิจให้ข้อมูลเท็จในการดำเนินการเกี่ยวกับทางทะเบียน มีความผิดต้องรับโทษอย่างไรบ้าง,ผู้ให้หลักประกันหรือผู้รับหลักประกันที่แสดงข้อความอันเป็นเท็จหรือปกปิดความจริงในการดำเนินการทางทะเบียนตามพระราชบัญญัติหลักประกันทางธุรกิจ พ.ศ. 2558 มาตรา 16 ต้องระวางโทษจำคุกไม่เกินสามปี หรือปรับไม่เกินสามแสนบาท หรือทั้งจำทั้งปรับ,"ต้องรับโทษจำคุกไม่เกิน 3 ปี หรือปรับไม่เกิน 300,000 บาท หรือทั้งจำทั้งปรับ","ต้องรับโทษจำคุกไม่เกิน 3 ปี หรือปรับไม่เกิน 300,000 บาท หรือทั้งจำทั้งปรับ คำอธิบายขยายความ: ตามพระราชบัญญัติหลักประกันทางธุรกิจ พ.ศ. 2558 มาตรา 82 ผู้ให้หลักประกันหรือผู้รับหลักประกันซึ่งเป็นคู่สัญญาหลักประกันทางธุรกิจ แสดงข้อความเท็จหรือปกปิดความจริงในการดำเนินการเกี่ยวกับทางทะเบียน ไม่ว่าจะเป็นการขอจดทะเบียน หรือการขอแก้ไขรายการจดทะเบียน หรือการขอยกเลิกการจดทะเบียน มีความผิดต้องรับโทษจำคุกไม่เกิน 3 ปี หรือปรับไม่เกิน 300,000 บาท หรือทั้งจำทั้งปรับ",1091,123,1214,0.13769740000134334,2.641379800043069,2.779077200044412,1,0,0.14285714285714285,1.0,0.0,0.0,0.9227880239486694
286,sparse_rag,ผู้ที่ประกอบธุรกิจทรัสตีโดยไม่ได้รับอนุญาตอย่างถูกต้องตามกฎหมาย จะได้รับโทษอะไร,ผู้ที่ประกอบธุรกิจในลักษณะเป็นทรัสตีโดยไม่ได้รับอนุญาตตามมาตรา 54 ต้องระวางโทษจำคุกไม่เกินสิบปี หรือปรับไม่เกินหนึ่งล้านบาท หรือทั้งจำทั้งปรับ และปรับเพิ่มอีกวันละไม่เกินหนึ่งหมื่นบาทตลอดเวลาที่ยังฝ่าฝืน ตามมาตรา 77 แห่งพระราชบัญญัติทรัสต์เพื่อธุรกรรมในตลาดทุน พ.ศ. 2550,"โทษจำคุกไม่เกิน 10 ปี หรือปรับไม่เกิน 1,000,000 บาทท หรือทั้งจำทั้งปรับ และปรับอีกวันละไม่เกิน 10,000 ตลอดเวลาที่ยังฝ่าฝืน","โทษจำคุกไม่เกิน 10 ปี หรือปรับไม่เกิน 1,000,000 บาทท หรือทั้งจำทั้งปรับ และปรับอีกวันละไม่เกิน 10,000 ตลอดเวลาที่ยังฝ่าฝืน   มาตรา 77 แห่งพระราชบัญญัติทรัสต์เพื่อธุรกรรมในตลาดทุน พ.ศ. 2550 ผู้ใดประกอบธุรกิจในลักษณะเป็นทรัสตีโดยไม่ได้รับอนุญาตตามมาตรา 54 ต้องระวางโทษจำคุกไม่เกินสิบปี หรือปรับไม่เกินหนึ่งล้านบาท หรือทั้งจำทั้งปรับ และปรับอีกวันละไม่เกินหนึ่งหมื่นบาทตลอดเวลาที่ยังฝ่าฝืน",1130,163,1293,0.13539260003017262,3.4768387000076473,3.61223130003782,1,0,0.5,1.0,0.0,0.0,0.9713250398635864
287,sparse_rag,คณะกรรมการสามารถเปรียบเทียบความผิดซึ่งรัฐมนตรีแต่งตั้งตามกฎหมายว่าด้วยหลักทรัพย์และตลาดหลักทรัพย์มีอำนาจเปรียบเทียบได้ ตามหลักเกณฑ์ที่คณะกรรมการ ก.ล.ต. ประกาศกำหนด ได้ในความผิดใดบ้าง,ไม่พบข้อมูลที่ตรงกับคำถามในฐานข้อมูลกฎหมายที่มีอยู่,ความผิดตาม มาตราดังนี้ แห่งพระราชบัญญัติทรัสต์เพื่อธุรกรรมในตลาดทุน พ.ศ. 2550 1 มาตรา 78  2 มาตรา 80 วรรคหนึ่ง  3 มาตรา 81 วรรคหนึ่ง  4 มาตรา 84  5 มาตรา 91 วรรคสอง,ความผิดตาม มาตราดังนี้ แห่งพระราชบัญญัติทรัสต์เพื่อธุรกรรมในตลาดทุน พ.ศ. 2550 1 มาตรา 78  2 มาตรา 80 วรรคหนึ่ง  3 มาตรา 81 วรรคหนึ่ง  4 มาตรา 84  5 มาตรา 91 วรรคสอง  ซึ่งไม่มีผลเสียหายร้ายแรงต่อกองทรัสต์ หรือในกรณีที่ผู้รับประโยชน์ได้รับความเสียหายด้วยแต่ผู้กระทำผิดได้แก้ไขเยียวยาความเสียหายจนเป็นที่พอใจแก่ผู้รับประโยชน์แล้ว  พระราชบัญญัติทรัสต์เพื่อธุรกรรมในตลาดทุน พ.ศ. 2550 มาตรา 94  เมื่อคณะกรรมการเปรียบเทียบความผิดได้ทำการเปรียบเทียบกรณีใด และผู้ต้องหาได้ชำระค่าปรับตามคำเปรียบเทียบภายในระยะเวลาที่คณะกรรมการเปรียบเทียบความผิดกำหนดแล้ว ให้สิทธินำคดีอาญามาฟ้องในกรณีแห่งความผิดนั้นเป็นอันระงับไป,1274,24,1298,0.15529209998203442,0.7130173000041395,0.868309399986174,0,0,0.0,0.0,0.0,0.0,0.6140538454055786
288,sparse_rag,กฎหมายให้อำนาจคณะกรรมการ ก.ล.ต. กำกับดูแลทรัสต์ตั้งแต่เมื่อไหร่,กฎหมายให้อำนาจคณะกรรมการ ก.ล.ต. กำกับดูแลทรัสต์ตั้งแต่วันที่พระราชบัญญัติทรัสต์เพื่อธุรกรรมในตลาดทุน พ.ศ. 2550 มีผลบังคับใช้ ซึ่งตามมาตรา 8 แห่งพระราชบัญญัติดังกล่าว คณะกรรมการ ก.ล.ต. มีอำนาจหน้าที่วางนโยบายเกี่ยวกับการส่งเสริมและพัฒนา ตลอดจนกำกับดูแลทรัสต์เพื่อธุรกรรมในตลาดทุน ตั้งแต่วันที่กฎหมายนี้มีผลบังคับใช้,ตั้งแต่วันถัดจากวันประกาศในราชกิจจานุเบกษาเป็นต้นไป,ตั้งแต่วันถัดจากวันประกาศในราชกิจจานุเบกษาเป็นต้นไป  พระราชบัญญัติทรัสต์เพื่อธุรกรรมในตลาดทุน พ.ศ. 2550 มาตรา 2  พระราชบัญญัตินี้ให้ใช้บังคับเมื่อพ้นกำหนดเก้าสิบวันนับแต่วันประกาศในราชกิจจานุเบกษาเป็นต้นไป เว้นแต่มาตรา 3 มาตรา 4 มาตรา 5 มาตรา 6 มาตรา 7 มาตรา 8 มาตรา 9 มาตรา 54 มาตรา 55 มาตรา 56 มาตรา 57 มาตรา 77 และมาตรา 78 ให้ใช้บังคับตั้งแต่วันถัดจากวันประกาศในราชกิจจานุเบกษาเป็นต้นไป,1585,178,1763,0.12898119998862967,4.027973800024483,4.156955000013113,1,0,0.14285714285714285,0.0,0.0,0.0,0.8187912702560425
289,sparse_rag,ถ้ามีคำสั่งให้พักการประกอบกิจการทรัสต์แต่ยังคงทำต่อ มีโทษไหม,มีโทษตามมาตรา 67 แห่งพระราชบัญญัติทรัสต์เพื่อธุรกรรมในตลาดทุน พ.ศ. 2550 ซึ่งระบุว่า การพักการประกอบธุรกิจที่ได้รับอนุญาตตามพระราชบัญญัตินี้ ถือเป็นหนึ่งในมาตรการลงโทษทางปกครอง และหากฝ่าฝืนคำสั่งพักการประกอบธุรกิจโดยยังคงดำเนินการต่อ อาจถูกดำเนินคดีตามกฎหมายและอาจถูกปรับ หรือถูกเพิกถอนการอนุญาตได้,ต้องระวางโทษจำคุกไม่เกินสามปี หรือปรับไม่เกินสามแสนบาท หรือทั้งจำทั้งปรับ และปรับอีกวันละหนึ่งหมื่นบาทตลอดเวลาที่ยังฝ่าฝืน,"ผู้ใดฝ่าฝืนหรือไม่ปฏิบัติตามคำสั่งลงโทษทางปกครองที่สั่งให้พักการประกอบธุรกิจที่ได้รับอนุญาตภายในระยะเวลาที่กำหนด โดยอาจสั่งพักการเป็นทรัสตีเฉพาะสัญญาก่อตั้งทรัสต์ใดหรือทุกสัญญาก็ได้ ต้องระวางโทษจำคุกไม่เกินสามปี หรือปรับไม่เกินสามแสนบาท หรือทั้งจำทั้งปรับ และปรับอีกวันละหนึ่งหมื่นบาทตลอดเวลาที่ยังฝ่าฝืน  

 พระราชบัญญัติทรัสต์เพื่อธุรกรรมในตลาดทุน พ.ศ. 2550 มาตรา 79 ผู้ใดฝ่าฝืนหรือไม่ปฏิบัติตามคำสั่งลงโทษทางปกครองตามมาตรา 67 (4) หรือ (5) ต้องระวางโทษจำคุกไม่เกินสามปี หรือปรับไม่เกินสามแสนบาท หรือทั้งจำทั้งปรับ และปรับอีกวันละหนึ่งหมื่นบาทตลอดเวลาที่ยังฝ่าฝืน",1531,160,1691,0.14216260000830516,3.236308099993039,3.378470700001344,1,0,0.5,0.0,0.0,0.0,0.8746529817581177
290,sparse_rag,การเปลี่ยนแปลงทรัสตีต้องดำเนินการอย่างไร,"การเปลี่ยนแปลงทรัสตีต้องดำเนินการตามที่กำหนดไว้ในสัญญาก่อตั้งทรัสต์ หรือเมื่อมีเหตุตามมาตรา 22 แห่งพระราชบัญญัติทรัสต์เพื่อธุรกรรมในตลาดทุน พ.ศ. 2550 ได้แก่ ทรัสตีลาออก, ถูกพิทักษ์ทรัพย์, สิ้นสภาพนิติบุคคลหรือสิ้นสภาพธนาคารพาณิชย์, ถูกถอดถอนจากการทำหน้าที่ หรือถูกคณะกรรมการ ก.ล.ต. สั่งพักการประกอบธุรกิจชั่วคราวหรือเพิกถอนใบอนุญาตประกอบธุรกิจเป็นทรัสตี",ต้องดำเนินการ ดังต่อไปนี้ 1. ต้องดำเนินการตามที่จำเป็นเพื่อให้ทรัสตีรายใหม่มีสิทธิโดยสมบูรณ์เหนือกองทรัสต์ และเพื่อให้ทรัสตีรายใหม่ทราบเกี่ยวกับการจัดการกองทรัสต์ที่ผ่านมาและที่ต้องทำต่อไป 2. ส่งมอบเอกสาร หลักฐาน และข้อมูลที่เกี่ยวข้องกับการจัดการกองทรัสต์เพื่อให้ทรัสตีรายใหม่ ทั้งนี้ ให้ทรัสตีรายเดิมหรือทรัสตีรายที่เหลืออยู่ลงลายมือชื่อในหนังสือเพื่อรับรองความถูกต้องและครบถ้วนของสิ่งที่ส่งมอบให้ทรัสตีรายใหม่ และมอบหนังสือดังกล่าวให้ทรัสตีรายใหม่เก็บรักษาไว้ หมายเหตุ : การดำเนินการข้างต้นต้องให้แล้วเสร็จภายใน 30 วันนับแต่วันที่ทรัสตีรายใหม่เข้าปฏิบัติหน้าที่.,ต้องดำเนินการ ดังต่อไปนี้ 1.ต้องดำเนินการตามที่จำเป็นเพื่อให้ทรัสตีรายใหม่มีสิทธิโดยสมบูรณ์เหนือกองทรัสต์ และเพื่อให้ทรัสตีรายใหม่ทราบเกี่ยวกับการจัดการกองทรัสต์ที่ผ่านมาและที่ต้องทำต่อไป 2.ส่งมอบเอกสาร หลักฐาน และข้อมูลที่เกี่ยวข้องกับการจัดการกองทรัสต์เพื่อให้ทรัสตีรายใหม่ ทั้งนี้ ให้ทรัสตีรายเดิมหรือทรัสตีรายที่เหลืออยู่ลงลายมือชื่อในหนังสือเพื่อรับรองความถูกต้องและครบถ้วนของสิ่งที่ส่งมอบให้ทรัสตีรายใหม่ และมอบหนังสือดังกล่าวให้ทรัสตีรายใหม่เก็บรักษาไว้ หมายเหตุ : การดำเนินการข้างต้นต้องให้แล้วเสร็จภายใน 30 วันนับแต่วันที่ทรัสตีรายใหม่เข้าปฏิบัติหน้าที่ คำอธิบายขยายความ : พระราชบัญญัติทรัสต์เพื่อธุรกรรมในตลาดทุน พ.ศ. 2550 มาตรา 26 1. การดำเนินการเมื่อมีทรัสตีรายใหม่เข้ามา => เมื่อมีการเปลี่ยนแปลงทรัสตี ทรัสตีรายเดิมหรือทรัสตีรายที่เหลืออยู่ ต้องดำเนินการตามที่จำเป็นเพื่อให้ทรัสตีรายใหม่มีสิทธิโดยสมบูรณ์เหนือกองทรัสต์ และเพื่อให้ทรัสตีรายใหม่ทราบเกี่ยวกับการจัดการกองทรัสต์ที่ผ่านมาและที่ต้องทำต่อไป ตลอดจนส่งมอบเอกสาร หลักฐาน และข้อมูลที่เกี่ยวข้องกับการจัดการกองทรัสต์เพื่อให้ทรัสตีรายใหม่สามารถทำหน้าที่ต่อไปได้ ทั้งนี้ ในการส่งมอบดังกล่าว ให้ทรัสตีรายเดิมหรือทรัสตีรายที่เหลืออยู่ แล้วแต่กรณี ลงลายมือชื่อในหนังสือเพื่อรับรองความถูกต้องและครบถ้วนของสิ่งที่ส่งมอบให้ทรัสตีรายใหม่ และมอบหนังสือดังกล่าวให้ทรัสตีรายใหม่เก็บรักษาไว้ ให้ทรัสตีรายเดิมหรือทรัสตีรายที่เหลืออยู่ดำเนินการตามวรรคหนึ่งให้แล้วเสร็จภายใน 30 วันนับแต่วันที่ทรัสตีรายใหม่เข้าปฏิบัติหน้าที่ 2.กรณีไม่ได้ดำเนินการตามข้อ 1. ภายในระยะเวลากำหนด => ให้ทรัสตีรายใหม่ร้องขอต่อศาลเพื่อให้มีคำสั่งให้ทรัสตีรายใหม่ได้มาซึ่งสิทธิเหนือกองทรัสต์ได้ 3. กรณีไม่ได้ดำเนินการตามข้อ 1. ภายในระยะเวลากำหนด และหากมีความเสียหายเกิดขึ้นกับกองทรัสต์หรือผู้รับประโยชน์ => ทรัสตีรายเดิมหรือทรัสตีรายที่เหลืออยู่ต้องรับผิดชดใช้ค่าเสียหาย ทั้งนี้ หากความเสียหายเกิดขึ้นกับกองทรัสต์และทรัสตีรายใหม่ยังไม่มีสิทธิโดยสมบูรณ์ตามมาตรา 27 ผู้รับประโยชน์อาจเรียกร้องค่าเสียหายจากทรัสตีรายเดิมหรือทรัสตีรายที่เหลืออยู่เพื่อประโยชน์ของกองทรัสต์ได้,1306,207,1513,0.1333147999830544,4.506366599991452,4.639681399974506,0,0,0.0,0.0,0.0,0.0,0.7002981901168823
291,sparse_rag,ผู้กระทำด้วยประการใด ๆ อันเป็นการช่วยเหลือหรือให้ความสะดวกในการที่ผู้อื่นกระทำความผิดตามพระราชบัญญัติทรัสต์เพื่อธุรกรรมในตลาดทุนต้องได้รับโทษอย่างไร,ผู้ใดกระทำด้วยประการใด ๆ อันเป็นการช่วยเหลือหรือให้ความสะดวกในการที่ผู้อื่นกระทำความผิดตามพระราชบัญญัติทรัสต์เพื่อธุรกรรมในตลาดทุน พ.ศ. 2550 ต้องระวางโทษดังที่บัญญัติไว้ในมาตราที่เกี่ยวข้อง ตามมาตรา 90 แห่งพระราชบัญญัติดังกล่าว,ต้องระวางโทษดังที่บัญญัติไว้ในมาตรานั้น ๆ,ต้องระวางโทษดังที่บัญญัติไว้ในมาตรานั้น ๆ ตามพระราชบัญญัติทรัสต์เพื่อธุรกรรมในตลาดทุน พ.ศ. 2550 มาตรา 90 ผู้ใดกระทำด้วยประการใด ๆ อันเป็นการช่วยเหลือหรือให้ความสะดวกในการที่ผู้อื่นกระทำความผิดตามที่บัญญัติไว้ในมาตรา 80 มาตรา 81 มาตรา 82 มาตรา 83 มาตรา 84 มาตรา 85 มาตรา 86 มาตรา 87 หรือมาตรา 88 ไม่ว่าก่อนหรือขณะกระทำความผิด แม้ผู้กระทำความผิดจะมิได้รู้ถึงการช่วยเหลือหรือให้ความสะดวกนั้น ผู้นั้นเป็นผู้สนับสนุนการกระทำความผิด ต้องระวางโทษดังที่บัญญัติไว้ในมาตรานั้น ๆ,1208,121,1329,0.14840350003214553,2.3325964999967255,2.481000000028871,1,0,0.1,1.0,0.0,0.0,0.9221768975257874
292,sparse_rag,ผู้รับประโยชน์มีสิทธิเรียกร้องทรัสตีไหม,ผู้รับประโยชน์มีสิทธิเรียกร้องให้ทรัสตีปฏิบัติตามที่กำหนดไว้ในสัญญาก่อตั้งทรัสต์หรือพระราชบัญญัติทรัสต์เพื่อธุรกรรมในตลาดทุน พ.ศ. 2550 มาตรา 44 รวมถึงมีสิทธิเรียกร้องค่าเสียหายเพื่อประโยชน์ของกองทรัสต์ หากทรัสตีจัดการกองทรัสต์ไม่เป็นไปตามที่กำหนดไว้ในสัญญาก่อตั้งทรัสต์หรือกฎหมายดังกล่าว,ผู้รับประโยชน์ย่อมมีสิทธิเรียกร้องให้ทรัสตีปฏิบัติให้เป็นไปตามที่กำหนดไว้ในสัญญาก่อตั้งทรัสต์หรือพระราชบัญญัตินี้ รวมทั้งมีสิทธิเรียกร้องค่าเสียหายเพื่อประโยชน์ของกองทรัสต์ ในกรณีที่ทรัสตีจัดการกองทรัสต์ไม่เป็นไปตามที่กำหนดไว้ในสัญญาก่อตั้งทรัสต์หรือพระราชบัญญัตินี้.,"ผู้รับประโยชน์ย่อมมีสิทธิเรียกร้องให้ทรัสตีปฏิบัติให้เป็นไปตามที่กำหนดไว้ในสัญญาก่อตั้งทรัสต์หรือพระราชบัญญัตินี้ รวมทั้งมีสิทธิเรียกร้องค่าเสียหายเพื่อประโยชน์ของกองทรัสต์ ในกรณีที่ทรัสตีจัดการกองทรัสต์ไม่เป็นไปตามที่กำหนดไว้ในสัญญาก่อตั้งทรัสต์หรือพระราชบัญญัตินี้ ในกรณีที่ทรัสตีจัดการกองทรัสต์ไม่เป็นไปตามที่กำหนดไว้ในสัญญาก่อตั้งทรัสต์หรือพระราชบัญญัตินี้ อันเป็นผลให้ทรัพย์สินในกองทรัสต์ถูกจำหน่ายจ่ายโอนไปยังบุคคลภายนอก ผู้รับประโยชน์มีสิทธิติดตามเอาทรัพย์สินคืนจากบุคคลนั้นเพื่อประโยชน์ของกองทรัสต์ได้ไม่ว่าบุคคลนั้นจะได้ทรัพย์สินมาโดยตรงจากทรัสตีหรือไม่ และไม่ว่าทรัพย์สินในกองทรัสต์จะถูกเปลี่ยนรูปหรือเปลี่ยนสภาพไปเป็นทรัพย์สินอย่างอื่นก็ตาม เว้นแต่เป็นการได้มาโดยสุจริต เสียค่าตอบแทน และไม่รู้หรือไม่มีเหตุอันควรรู้ว่าทรัพย์สินนั้นได้มาจากการจัดการกองทรัสต์โดยมิชอบ บรรดาค่าใช้จ่ายที่เกิดขึ้นจากการใช้สิทธิตามวรรคหนึ่งและวรรคสอง ผู้รับประโยชน์มีสิทธิเรียกคืนจากกองทรัสต์ได้เท่าที่จ่ายจริงตามที่ศาลเห็นสมควร   


พระราชบัญญัติทรัสต์เพื่อธุรกรรมในตลาดทุน พ.ศ. 2550 มาตรา 44 ภายใต้บังคับมาตรา 40 และมาตรา 43 วรรคสอง ผู้รับประโยชน์ย่อมมีสิทธิเรียกร้องให้ทรัสตีปฏิบัติให้เป็นไปตามที่กำหนดไว้ในสัญญาก่อตั้งทรัสต์หรือพระราชบัญญัตินี้ รวมทั้งมีสิทธิเรียกร้องค่าเสียหายเพื่อประโยชน์ของกองทรัสต์ ในกรณีที่ทรัสตีจัดการกองทรัสต์ไม่เป็นไปตามที่กำหนดไว้ในสัญญาก่อตั้งทรัสต์หรือพระราชบัญญัตินี้ ในกรณีที่ทรัสตีจัดการกองทรัสต์ไม่เป็นไปตามที่กำหนดไว้ในสัญญาก่อตั้งทรัสต์หรือพระราชบัญญัตินี้ อันเป็นผลให้ทรัพย์สินในกองทรัสต์ถูกจำหน่ายจ่ายโอนไปยังบุคคลภายนอก ผู้รับประโยชน์มีสิทธิติดตามเอาทรัพย์สินคืนจากบุคคลนั้นเพื่อประโยชน์ของกองทรัสต์ได้ไม่ว่าบุคคลนั้นจะได้ทรัพย์สินมาโดยตรงจากทรัสตีหรือไม่ และไม่ว่าทรัพย์สินในกองทรัสต์จะถูกเปลี่ยนรูปหรือเปลี่ยนสภาพไปเป็นทรัพย์สินอย่างอื่นก็ตาม เว้นแต่เป็นการได้มาโดยสุจริต เสียค่าตอบแทน และไม่รู้หรือไม่มีเหตุอันควรรู้ว่าทรัพย์สินนั้นได้มาจากการจัดการกองทรัสต์โดยมิชอบ บรรดาค่าใช้จ่ายที่เกิดขึ้นจากการใช้สิทธิตามวรรคหนึ่งและวรรคสอง ผู้รับประโยชน์มีสิทธิเรียกคืนจากกองทรัสต์ได้เท่าที่จ่ายจริงตามที่ศาลเห็นสมควร",1545,163,1708,0.13772310002241284,2.4213306000456214,2.5590537000680342,1,0,0.3333333333333333,1.0,0.0,0.0,0.7784331440925598
293,sparse_rag,ถ้าผู้รับประโยชน์แจ้งให้ทรัสตีรายใหม่ติดตามเอาทรัพย์สินคืนจากคนภายนอกแต่ทรัสตีรายใหม่ไม่ได้ทำตามหน้าที่ภายในระยะเวลาอันสมควร ผู้รับประโยชน์มีสิทธิเรียอะไรบ้าง,ผู้รับประโยชน์มีสิทธิเรียกร้องค่าเสียหายจากทรัสตีรายที่ต้องรับผิด หรือใช้สิทธิติดตามเอาทรัพย์สินคืนจากบุคคลภายนอก แล้วแต่กรณี ตามมาตรา 46 แห่งพระราชบัญญัติทรัสต์เพื่อธุรกรรมในตลาดทุน พ.ศ. 2550 โดยให้นำความในมาตรา 44 วรรคสาม มาใช้บังคับโดยอนุโลม,ผู้รับประโยชน์มีสิทธิเรียกร้องค่าเสียหายจากทรัสตีรายที่ต้องรับผิด หรือใช้สิทธิติดตามเอาทรัพย์สินคืนจากบุคคลภายนอก,ผู้รับประโยชน์มีสิทธิเรียกร้องค่าเสียหายจากทรัสตีรายที่ต้องรับผิด หรือใช้สิทธิติดตามเอาทรัพย์สินคืนจากบุคคลภายนอก คำอธิบายขยายความเพิ่มเติมตามพระราชบัญญัติทรัสต์เพื่อธุรกรรมในตลาดทุน พ.ศ. 2550 มาตรา 46 ในกรณีที่ผู้รับประโยชน์แจ้งให้ทรัสตีรายใหม่ปฏิบัติหน้าที่ตามมาตรา 40 ภายในระยะเวลาอันสมควรแล้ว แต่ทรัสตีรายใหม่ยังไม่ได้ปฏิบัติหน้าที่ภายในระยะเวลาดังกล่าว ผู้รับประโยชน์มีสิทธิเรียกร้องค่าเสียหายจากทรัสตีรายที่ต้องรับผิด หรือใช้สิทธิติดตามเอาทรัพย์สินคืนจากบุคคลภายนอก,1353,142,1495,0.15045100002316758,2.0035332000115886,2.153984200034756,1,0,0.6666666666666666,1.0,0.0,0.0,0.9224655628204346
294,sparse_rag,ใครสามารถกำหนดรายการและข้อความที่ต้องมีในสัญญาก่อตั้งทรัสต์เพิ่มเติมได้,ตามมาตรา 15 แห่งพระราชบัญญัติทรัสต์เพื่อธุรกรรมในตลาดทุน พ.ศ. 2550 สำนักงานคณะกรรมการกำกับหลักทรัพย์และตลาดหลักทรัพย์ (ก.ล.ต.) อาจประกาศกำหนดรายการและข้อความที่ต้องมีในสัญญาก่อตั้งทรัสต์เพิ่มเติมได้,สำนักงาน ก.ล.ต.,สำนักงาน ก.ล.ต. ตามมาตรา 15 แห่งพระราชบัญญัติทรัสต์เพื่อธุรกรรมในตลาดทุน พ.ศ. 2550 สำนักงาน ก.ล.ต. อาจประกาศกำหนดรายการและข้อความที่ต้องมีในสัญญาก่อตั้งทรัสต์เพิ่มเติมจากที่กำหนดไว้ในมาตรา 14 ก็ได้,1008,112,1120,0.13272009999491274,2.048118999984581,2.1808390999794938,1,1,1.0,1.0,0.0,0.0,0.9649641513824463
295,sparse_rag,ในการก่อตั้งทรัสต์ ผู้เป็นทรัสตีไม่ได้รับอนุญาตให้ประกอบธุรกิจเป็นทรัสตี มีผลอย่างไร,หากผู้เป็นทรัสตีไม่ได้รับอนุญาตให้ประกอบธุรกิจเป็นทรัสตี ตามมาตรา 22 แห่งพระราชบัญญัติทรัสต์เพื่อธุรกรรมในตลาดทุน พ.ศ. 2550 ให้ถือว่ามีเหตุให้เปลี่ยนแปลงทรัสตีได้ เนื่องจากคณะกรรมการ ก.ล.ต. สั่งเพิกถอนการอนุญาตให้ประกอบธุรกิจเป็นทรัสตี ซึ่งเป็นหนึ่งในเหตุที่กฎหมายกำหนดให้เปลี่ยนแปลงทรัสตีได้,การก่อตั้งทรัสต์เป็นโมฆะ,การก่อตั้งทรัสต์เป็นโมฆะ  ตามพระราชบัญญัติทรัสต์เพื่อธุรกรรมในตลาดทุน พ.ศ. 2550 มาตรา 16  การก่อตั้งทรัสต์ในกรณีดังต่อไปนี้ เป็นโมฆะ (1) การก่อตั้งทรัสต์ที่ไม่เป็นไปตามมาตรา 11 หรือมาตรา 12 (2) การก่อตั้งทรัสต์ซึ่งผู้เป็นทรัสตีไม่ได้รับอนุญาตให้ประกอบธุรกิจเป็นทรัสตีตามพระราชบัญญัตินี้ หรือถูกพักการประกอบธุรกิจเป็นทรัสตีเป็นการชั่วคราว หรือถูกเพิกถอนการอนุญาตให้ประกอบธุรกิจเป็นทรัสตี หรือถูกสั่งห้ามมิให้ทำสัญญาก่อตั้งทรัสต์,1589,173,1762,0.144690899993293,2.961072799982503,3.105763699975796,0,0,0.0,0.0,0.0,0.0,0.8293359279632568
296,sparse_rag,ค่าใช้จ่ายในการให้ผู้อื่นจัดการกองทรัสต์ให้แทน ทรัสตีสามารถขอเงินคืนจากกองทรัสต์ได้หรือไม่,ตามมาตรา 41 แห่งพระราชบัญญัติทรัสต์เพื่อธุรกรรมในตลาดทุน พ.ศ. 2550 ทรัสตีสามารถขอเงินคืนจากกองทรัสต์ได้ หากมีค่าใช้จ่ายในการมอบหมายให้ผู้อื่นจัดการกองทรัสต์โดยชอบตามมาตรา 37 และทรัสตีต้องชำระเงินหรือทรัพย์สินอื่นให้กับบุคคลภายนอกด้วยเงินหรือทรัพย์สินที่เป็นส่วนตัวของตนเองโดยชอบตามความจำเป็นอันสมควร เว้นแต่สัญญาก่อตั้งทรัสต์จะกำหนดไว้เป็นอย่างอื่น,ทรัสตีสามารถขอเงินคืนจากกองทรัสต์ได้ เว้นแต่สัญญาก่อตั้งทรัสต์นั้นกำหนดให้ทรัสตีต้องรับภาระการชำระเงินเอง,"ตอบ : ทรัสตีสามารถขอเงินคืนจากกองทรัสต์ได้ เว้นแต่สัญญาก่อตั้งทรัสต์นั้นกำหนดให้ทรัสตีต้องรับภาระการชำระเงินเอง  

อธิบาย : ตามพระราชบัญญัติทรัสต์เพื่อธุรกรรมในตลาดทุน พ.ศ. 2550 มาตรา 41  ในการจัดการกองทรัสต์และการมอบหมายให้ผู้อื่นจัดการกองทรัสต์โดยชอบตามมาตรา 37 หากมีค่าใช้จ่ายหรือทรัสตีต้องชำระเงินหรือทรัพย์สินอื่นให้กับบุคคลภายนอกด้วยเงินหรือทรัพย์สินที่เป็นส่วนตัวของทรัสตีเองตามสมควร =>ให้ทรัสตีมีสิทธิได้รับเงินหรือทรัพย์สินคืนจากกองทรัสต์ได้ เว้นแต่สัญญาก่อตั้งทรัสต์กำหนดไว้ให้การชำระเงินหรือทรัพย์สินอื่นนั้นเป็นภาระของทรัสตี 

สิทธิที่จะได้รับเงินหรือทรัพย์สินคืนข้างต้น เป็นบุริมสิทธิที่ทรัสตีมีอยู่ก่อนผู้รับประโยชน์และบุคคลภายนอกที่มีทรัพยสิทธิหรือสิทธิใด ๆ เหนือกองทรัสต์ และเป็นสิทธิที่อาจบังคับได้ในทันทีโดยไม่ต้องรอให้เลิกทรัสต์ และในกรณีที่มีความจำเป็นต้องเปลี่ยนรูปหรือเปลี่ยนสภาพทรัพย์สินในกองทรัสต์เพื่อให้มีเงินหรือทรัพย์สินคืนแก่ทรัสตี ให้ทรัสตีมีอำนาจดำเนินการดังกล่าวได้แต่ต้องกระทำโดยสุจริต เพื่อประโยชน์ในการคุ้มครองทรัพย์สินในกองทรัสต์ คณะกรรมการ ก.ล.ต. อาจประกาศกำหนดหลักเกณฑ์ เงื่อนไข และวิธีการให้ทรัสตีปฏิบัติเกี่ยวกับการชำระเงินหรือทรัพย์สินอื่นที่เป็นส่วนตัวของทรัสตีให้กับบุคคลภายนอก หรือการใช้สิทธิของทรัสตีในการได้รับเงินหรือทรัพย์สินคืนก็ได้",1614,193,1807,0.13506430003326386,3.1861455000471324,3.3212098000803962,1,0,0.5,0.5,0.0,0.0,0.881045401096344
297,sparse_rag,ในการจัดการกองทรัสต์ ทรัสตีสามาถใช้สิทธิเรียกเงินคืนจากบุคคลภายนอกได้ไหม,ตามมาตรา 41 แห่งพระราชบัญญัติทรัสต์เพื่อธุรกรรมในตลาดทุน พ.ศ. 2550 ทรัสตีมีสิทธิได้รับเงินหรือทรัพย์สินคืนจากกองทรัสต์ ไม่ใช่จากบุคคลภายนอก โดยเฉพาะเมื่อทรัสตีต้องชำระเงินหรือทรัพย์สินให้กับบุคคลภายนอกด้วยเงินหรือทรัพย์สินส่วนตัวของตนเองตามความจำเป็นอันสมควร ดังนั้น ทรัสตีไม่มีสิทธิเรียกเงินคืนจากบุคคลภายนอกโดยตรง แต่มีสิทธิเรียกร้องคืนจากกองทรัสต์แทน,ได้ ถ้ามาจากการได้รับมอบหมายหรือจัดการกองทรัสต์ แต่ห้ามมิให้ทรัสตีใช้สิทธิตามมาตรา 41 จนกว่าทรัสตีจะได้ชำระหนี้ที่มีอยู่ต่อกองทรัสต์จนครบถ้วนแล้ว เว้นแต่เป็นหนี้ที่อาจหักกลบลบหนี้กันได้ตามประมวลกฎหมายแพ่งและพาณิชย์,ได้ ถ้ามาจากการได้รับมอบหมายหรือจัดการกองทรัสต์ แต่ห้ามมิให้ทรัสตีใช้สิทธิตามมาตรา 41 จนกว่าทรัสตีจะได้ชำระหนี้ที่มีอยู่ต่อกองทรัสต์จนครบถ้วนแล้ว เว้นแต่เป็นหนี้ที่อาจหักกลบลบหนี้กันได้ตามประมวลกฎหมายแพ่งและพาณิชย์ ตามพระราชบัญญัติทรัสต์เพื่อธุรกรรมในตลาดทุน พ.ศ. 2550 มาตรา 42,1904,209,2113,0.13299249997362494,2.7415457000024617,2.8745381999760866,1,0,0.5,0.0,1.0,1.0,0.8617938160896301
298,sparse_rag,ผู้สอบบัญชีไม่รายงานการกระทำของกรรมการทรัสตีที่ทุจริตจนก่อให้เกิดความเสียหายแก่กองทรัสต์เป็นความผิดไหม,ไม่พบข้อมูลที่ตรงกับคำถามในฐานข้อมูลกฎหมายที่มีอยู่,"ใช่, ผู้สอบบัญชีมีหน้าที่ต้องแจ้งข้อเท็จจริงเกี่ยวกับพฤติการณ์การกระทำความผิดที่พบให้สำนักงาน ก.ล.ต. ทราบ หากไม่ปฏิบัติตามจะมีโทษจำคุกไม่เกินหนึ่งปี หรือปรับไม่เกินหนึ่งแสนบาท หรือทั้งจำทั้งปรับ.",เมื่อสอบบัญชีของทรัสตี ไม่ว่าการสอบบัญชีนั้นจะกระทำในฐานะเป็นผู้สอบบัญชีของทรัสตีหรือในฐานะอื่นซึ่งทรัสตียินยอมให้สอบบัญชี ถ้าผู้สอบบัญชีพบพฤติการณ์อันควรสงสัยว่ากรรมการ ผู้จัดการ พนักงาน ลูกจ้าง หรือตัวแทนของทรัสตี หรือบุคคลใดซึ่งได้รับมอบหมายให้จัดการกองทรัสต์ ได้กระทำความผิดตามกฎหมาย ให้ผู้สอบบัญชีแจ้งข้อเท็จจริงเกี่ยวกับพฤติการณ์การกระทำความผิดที่พบให้สำนักงาน ก.ล.ต. ทราบ ผู้สอบบัญชีผู้ใดฝ่าฝืนหรือไม่ปฏิบัติตามวรรคหนึ่ง ต้องระวางโทษจำคุกไม่เกินหนึ่งปี หรือปรับไม่เกินหนึ่งแสนบาท หรือทั้งจำทั้งปรับ   พระราชบัญญัติทรัสต์เพื่อธุรกรรมในตลาดทุน พ.ศ. 2550 มาตรา 91 ในการสอบบัญชีของทรัสตี ไม่ว่าการสอบบัญชีนั้นจะกระทำในฐานะเป็นผู้สอบบัญชีของทรัสตีหรือในฐานะอื่นซึ่งทรัสตียินยอมให้สอบบัญชี ถ้าผู้สอบบัญชีพบพฤติการณ์อันควรสงสัยว่ากรรมการ ผู้จัดการ พนักงาน ลูกจ้าง หรือตัวแทนของทรัสตี หรือบุคคลใดซึ่งได้รับมอบหมายให้จัดการกองทรัสต์ ได้กระทำความผิดตามมาตรา 85 มาตรา 86 มาตรา 87 หรือมาตรา 88 ให้ผู้สอบบัญชีแจ้งข้อเท็จจริงเกี่ยวกับพฤติการณ์การกระทำความผิดที่พบให้สำนักงาน ก.ล.ต. ทราบ ผู้สอบบัญชีผู้ใดฝ่าฝืนหรือไม่ปฏิบัติตามวรรคหนึ่ง ต้องระวางโทษจำคุกไม่เกินหนึ่งปี หรือปรับไม่เกินหนึ่งแสนบาท หรือทั้งจำทั้งปรับ,1174,24,1198,0.1483138999901712,0.5889233000343665,0.7372372000245377,1,0,0.2,0.0,0.0,0.0,0.5723492503166199
299,sparse_rag,ทรัสตีต้องแก้ไขสัญญาก่อตั้งทรัสต์ตามคำสั่งของสำนักงาน ก.ล.ต.ที่ได้ประกาศให้เพิ่มเติมรายการด้วยหรือไม่อย่างไร,ตามมาตรา 21 แห่งพระราชบัญญัติทรัสต์เพื่อธุรกรรมในตลาดทุน พ.ศ. 2550 ทรัสตีต้องดำเนินการแก้ไขสัญญาก่อตั้งทรัสต์ตามคำสั่งของสำนักงาน ก.ล.ต. ที่ประกาศให้เพิ่มเติมรายการหรือข้อความ หากเป็นการสมควรเพื่อประโยชน์ของผู้รับประโยชน์และไม่ขัดต่อเจตนารมณ์ในการก่อตั้งทรัสต์ โดยต้องดำเนินการด้วยวิธีการที่กำหนดไว้ในมาตรา 20 หรือโดยได้รับความเห็นชอบจากสำนักงาน ก.ล.ต.,ทรัสตีต้องแก้ไขสัญญาก่อตั้งทรัสต์ตามที่สำนักงาน ก.ล.ต. ได้ประกาศนั้นภายในระยะเวลาอันสมควร ซึ่งการประกาศรายการเพิ่มเติมนั้นต้องเป็นไปเพื่อประโยชน์ของผู้รับประโยชน์และไม่ได้ขัดต่อเจตนารมณ์ในการก่อตั้งทรัสต์ด้วย.,ทรัสตีต้องแก้ไขสัญญาก่อตั้งทรัสต์ตามที่สำนักงาน ก.ล.ต. ได้ประกาศนั้นภายในระยะเวลาอันสมควร ซึ่งการประกาศรายการเพิ่มเติมนั้นต้องเป็นไปเพื่อประโยชน์ของผู้รับประโยชน์และไม่ได้ขัดต่อเจตนารมณ์ในการก่อตั้งทรัสต์ด้วย คำอธิบายขยายความ: ตามพระราชบัญญัติทรัสต์เพื่อธุรกรรมในตลาดทุน พ.ศ. 2550 มาตรา 21 สำนักงาน ก.ล.ต. มีอำนาจประกาศรายการหรือข้อความเพิ่มเติมเพื่อประโยชน์ของผู้รับประโยชน์และไม่ได้ขัดต่อเจตนารมณ์ในการก่อตั้งทรัสต์ โดยสำนักงาน ก.ล.ต. มีอำนาจสั่งให้ทรัสตีแก้ไขสัญญาก่อตั้งทรัสต์ให้เป็นไปตามที่ประกาศนั้นภายในระยะเวลาอันสมควรด้วย และทรัสตีต้องดำเนินการให้มีการแก้ไขสัญญาก่อตั้งทรัสต์ตามคำสั่งนั้นด้วยวิธีการตามที่กฎหมายกำหนดหรือโดยได้รับความเห็นชอบจากสำนักงาน ก.ล.ต.,1627,194,1821,0.13536369998473674,3.5204646000056528,3.6558282999903895,1,0,0.3333333333333333,1.0,0.0,0.0,0.928369402885437
300,sparse_rag,สำนักงาน ก.ล.ต. ต้องดำเนินการอย่างไรถ้าทรัสตีไม่ส่งรายงานหรือเอกสารตามที่ประกาศคณะกรรมการ ก.ล.ต. กำหนดไว้,หากทรัสตีไม่ส่งรายงานหรือเอกสารตามที่คณะกรรมการ ก.ล.ต. ประกาศกำหนดไว้ สำนักงาน ก.ล.ต. มีอำนาจดำเนินการตามมาตรา 58 แห่งพระราชบัญญัติทรัสต์เพื่อธุรกรรมในตลาดทุน พ.ศ. 2550 ซึ่งให้คณะกรรมการ ก.ล.ต. มีอำนาจประกาศกำหนดหลักเกณฑ์ในการจัดส่งรายงานหรือเอกสารต่อสำนักงาน ก.ล.ต. ดังนั้น สำนักงาน ก.ล.ต. สามารถดำเนินการตรวจสอบ ขอให้แก้ไข หรือลงโทษตามที่กฎหมายกำหนดได้,สำนักงาน ก.ล.ต. มีคำสั่งให้ทรัสตีกระทำการหรืองดเว้นกระทำการใด ๆ ภายในเวลาที่กำหนด เพื่อป้องกันความเสียหายหรือยับยั้งความเสียหายที่อาจเกิดขึ้นกับกองทรัสต์หรือสาธารณชน.,กฎหมายกำหนดให้สำนักงาน ก.ล.ต. มีคำสั่งให้ทรัสตีกระทำการหรืองดเว้นกระทำการใด ๆ ภายในเวลาที่กำหนด เพื่อป้องกันความเสียหายหรือยับยั้งความเสียหายที่อาจเกิดขึ้นกับกองทรัสต์หรือสาธารณชน คำอธิบายขยายความ: กรณีทรัสตีไม่ส่งรายงานหรือเอกสารตามที่ประกาศคณะกรรมการ ก.ล.ต. กำหนด พระราชบัญญัติทรัสต์เพื่อธุรกรรมในตลาดทุน พ.ศ. 2550 มาตรา 60 กำหนดให้สำนักงาน ก.ล.ต. มีคำสั่งให้ทรัสตีกระทำการหรืองดเว้นกระทำการใด ๆ ภายในเวลาที่กำหนด เพื่อป้องกันความเสียหายหรือยับยั้งความเสียหายที่อาจเกิดขึ้นกับกองทรัสต์หรือสาธารณชน,1189,176,1365,0.1476564999902621,3.0961474999785423,3.2438039999688044,1,0,0.3333333333333333,0.0,0.0,0.0,0.8799692392349243
301,sparse_rag,ในกรณีที่ทรัสตีเป็นผู้รับประโยชน์เพียงฝ่ายเดียว จะมีผลเป็นอย่างไร,ในกรณีที่ทรัสตีเป็นผู้รับประโยชน์เพียงฝ่ายเดียว ถือว่าขัดต่อกฎหมาย เพราะทรัสตีมีหน้าที่ต้องปฏิบัติต่อผู้รับประโยชน์อย่างเป็นธรรมเพื่อประโยชน์สูงสุดของผู้รับประโยชน์ตามมาตรา 30 แห่งพระราชบัญญัติทรัสต์เพื่อธุรกรรมในตลาดทุน พ.ศ. 2550 ซึ่งหากทรัสตีเป็นผู้รับประโยชน์เพียงฝ่ายเดียว จะเกิดความขัดแย้งทางผลประโยชน์และไม่สามารถปฏิบัติหน้าที่ด้วยความซื่อสัตย์สุจริตและระมัดระวังเยี่ยงผู้มีวิชาชีพได้ จึงถือว่าไม่ชอบด้วยกฎหมาย,ทรัสต์ย่อมสิ้นสุดลง,"ทรัสต์ย่อมสิ้นสุดลง  
คำอธิบายขยายความ : มาตรา 51 แห่งพระราชบัญญัติทรัสต์เพื่อธุรกรรมในตลาดทุน พ.ศ. 2550 ทรัสต์ย่อมสิ้นสุดลงตามที่กำหนดในสัญญาก่อตั้งทรัสต์ และในกรณีดังต่อไปนี้ 
(1) เมื่อได้ปฏิบัติตามวัตถุประสงค์ของสัญญาก่อตั้งทรัสต์ครบถ้วนแล้ว 
(2) เมื่อศาลมีคำพิพากษาหรือมีคำสั่งให้เลิกทรัสต์ตามเหตุในมาตรา 29 หรือเหตุอื่นตามที่ทรัสตีหรือผู้รับประโยชน์ร้องขอ 
(3) เมื่อปรากฏว่าเหลือทรัสตีเป็นผู้รับประโยชน์เพียงฝ่ายเดียว 
(4) เมื่อปรากฏเหตุที่ทำให้มีการเปลี่ยนแปลงทรัสตีตามมาตรา 22 (1) (2) (3) หรือ (4) แต่สัญญาก่อตั้งทรัสต์กำหนดไว้มิให้มีการเปลี่ยนแปลงทรัสตี",1146,228,1374,0.16094860003795475,3.5516800999757834,3.712628700013738,0,0,0.0,0.0,0.0,0.0,0.8196220993995667
302,sparse_rag,ความผิดตามพระราชบัญญัติทรัสต์เพื่อธุรกรรมในตลาดทุน พ.ศ. 2550 มีความผิดในฐานะเป็นผู้ใช้ให้กระทำผิดหรือไม่,ผู้ใดก่อให้ผู้อื่นกระทำความผิดตามมาตรา 80 ถึงมาตรา 88 แห่งพระราชบัญญัติทรัสต์เพื่อธุรกรรมในตลาดทุน พ.ศ. 2550 ด้วยการใช้ บังคับ ขู่เข็ญ จ้างวาน ยุยงส่งเสริม หรือด้วยวิธีอื่นใด ถือว่าเป็นผู้ใช้ให้กระทำความผิด และต้องระวางโทษตามที่บัญญัติไว้ในมาตรานั้น ๆ เช่นเดียวกับผู้กระทำผิดโดยตรง ตามมาตรา 89 แห่งพระราชบัญญัติดังกล่าว,มี ในกรณีที่ก่อให้ผู้อื่นกระทำความผิดตามที่บัญญัติไว้ในมาตรา 80 มาตรา 81 มาตรา 82 มาตรา 83 มาตรา 84 มาตรา 85 มาตรา 86 มาตรา 87 หรือมาตรา 88 ย่อมเป็นผู้ใช้ให้กระทำความผิด,มี ในกรณีที่ก่อให้ผู้อื่นกระทำความผิดตามที่บัญญัติไว้ในมาตรา 80 มาตรา 81 มาตรา 82 มาตรา 83 มาตรา 84 มาตรา 85 มาตรา 86 มาตรา 87 หรือมาตรา 88 ย่อมเป็นผู้ใช้ให้กระทำความผิด  คำอธิบายเพิ่มเติม : ตามมาตรา 89 พระราชบัญญัติทรัสต์เพื่อธุรกรรมในตลาดทุน พ.ศ. 2550 ผู้ใดก่อให้ผู้อื่นกระทำความผิดตามที่บัญญัติไว้ในมาตรา 80 มาตรา 81 มาตรา 82 มาตรา 83 มาตรา 84 มาตรา 85 มาตรา 86 มาตรา 87 หรือมาตรา 88 ไม่ว่าด้วยการใช้ บังคับ ขู่เข็ญ จ้างวาน ยุยงส่งเสริม หรือด้วยวิธีอื่นใด ผู้นั้นเป็นผู้ใช้ให้กระทำความผิด ต้องระวางโทษดังที่บัญญัติไว้ในมาตรานั้น ๆ,1562,188,1750,0.14499090000754222,3.7817319000023417,3.926722800009884,1,0,0.1,1.0,0.2222222222222222,0.2222222222222222,0.9319928884506226
303,sparse_rag,ทรัสตีต้องเลือกผู้รับมอบหมายให้จัดการกองทรัสต์อย่างไร,ตามมาตรา 38 แห่งพระราชบัญญัติทรัสต์เพื่อธุรกรรมในตลาดทุน พ.ศ. 2550 ทรัสตีต้องเลือกผู้รับมอบหมายด้วยความรอบคอบและระมัดระวัง และต้องกำกับและตรวจสอบการจัดการแทนอย่างเพียงพอ,ทรัสตีต้องเลือกผู้มอบหมายด้วยความรอบคอบและระมัดระวังรวมทั้งต้องกำกับและตรวจสอบการจัดการแทนอย่างเพียงพอ,"ทรัสตีต้องเลือกผู้มอบหมายด้วยความรอบคอบและระมัดระวังรวมทั้งต้องกำกับและตรวจสอบการจัดการแทนอย่างเพียงพอ 

คำอธิบายขยายความเพิ่มเติมตามพระราชบัญญัติทรัสต์เพื่อธุรกรรมในตลาดทุน พ.ศ. 2550 มาตรา 38 ในกรณีที่ทรัสตีมอบหมายให้ผู้อื่นจัดการกองทรัสต์โดยชอบตามมาตรา 37 ทรัสตีต้องเลือกผู้รับมอบหมายด้วยความรอบคอบและระมัดระวัง รวมทั้งต้องกำกับและตรวจสอบการจัดการแทนอย่างเพียงพอ ทั้งนี้ คณะกรรมการ ก.ล.ต. อาจประกาศกำหนดรายละเอียดในการปฏิบัติของทรัสตีในกรณีดังกล่าวได้",1135,89,1224,0.14121579995844513,1.7212766000302508,1.862492399988696,1,0,0.5,1.0,0.0,0.0,0.907791256904602
304,sparse_rag,สามารถนำทรัสต์มาใช้ในการดำเนินธุรกรรมในตลาดทุนได้หรือไม่,สามารถนำทรัสต์มาใช้ในการดำเนินธุรกรรมในตลาดทุนได้ ตามมาตรา 4 แห่งพระราชบัญญัติทรัสต์เพื่อธุรกรรมในตลาดทุน พ.ศ. 2550 ซึ่งระบุว่า ทรัสต์อาจก่อตั้งขึ้นเพื่อประโยชน์ในการดำเนินธุรกรรมในตลาดทุนตามที่คณะกรรมการ ก.ล.ต. ประกาศกำหนด ได้แก่ การออกหลักทรัพย์ การแปลงสินทรัพย์เป็นหลักทรัพย์ หรือธุรกรรมอื่นที่ส่งเสริมตลาดทุน,ได้ โดยต้องปฏิบัติตามที่กฎหมายกำหนด,ได้ โดยต้องปฏิบัติตามที่กฎหมายกำหนด  คำอธิบายเพิ่มเติม : ตามมาตรา 61 พระราชบัญญัติทรัสต์เพื่อธุรกรรมในตลาดทุน พ.ศ. 2550 เพื่อมิให้มีข้อติดขัดตามกฎหมายอื่นเมื่อมีการนำทรัสต์มาใช้ในการดำเนินธุรกรรมในตลาดทุน ให้มีการถือปฏิบัติดังต่อไปนี้ (1) ในกรณีที่ทรัสตีได้จัดทำบัญชีทรัพย์สินและแยกทรัพย์สินในกองทรัสต์ไว้อย่างถูกต้องตามมาตรา 34 มิให้ผู้กำกับดูแลตามกฎหมายที่กำกับดูแลธนาคารพาณิชย์หรือสถาบันการเงิน กฎหมายว่าด้วยหลักทรัพย์และตลาดหลักทรัพย์ และกฎหมายอื่นที่กำหนดเพิ่มเติมโดยกฎกระทรวง นำทรัพย์สินในกองทรัสต์มาพิจารณาหรือคำนวณรวมกับทรัพย์สินที่เป็นส่วนตัวของทรัสตี ในการพิจารณาหน้าที่หรือการปฏิบัติตามกฎหมายดังกล่าวของทรัสตี (2) เพื่อให้เป็นไปตามเจตนารมณ์ของกฎหมายที่กำหนดใน (1) ให้รัฐมนตรีโดยคำแนะนำของผู้กำกับดูแลตามกฎหมายดังกล่าวออกกฎกระทรวงกำหนดการพิจารณาหรือคำนวณทรัพย์สินในกองทรัสต์รวมเป็นทรัพย์สินของผู้รับประโยชน์เพื่อให้มีการปฏิบัติให้เป็นไปตามที่กฎหมายนั้นกำหนดได้,1351,174,1525,0.13344220002181828,2.845685600012075,2.9791278000338934,1,0,0.5,0.5,0.0,0.0,0.8162804841995239
305,sparse_rag,ถ้าทรัสตีไม่ได้ดำเนินการให้ทรัสตีจัดทําบัญชีทรัพย์สินของกองทรัสต์แยกต่างหากจากบัญชีอื่น ๆ ของทรัสตีจนทำให้กองทรัสต์แต่ละกองปะปนกันจนไม่อาจแยกได้ว่าทรัพย์สินใดเป็นของกองทรัสต์ใด ผลทางกฎหมายเป็นอย่างไร,ตามมาตรา 36 แห่งพระราชบัญญัติทรัสต์เพื่อธุรกรรมในตลาดทุน พ.ศ. 2550 ถ้าทรัสตีไม่ได้ดำเนินการให้ทรัพย์สินของกองทรัสต์แต่ละกองแยกต่างหากจนทำให้ปะปนกันจนไม่สามารถแยกได้ว่าทรัพย์สินใดเป็นของกองทรัสต์ใด ให้สันนิษฐานว่าทรัพย์สินนั้นรวมทั้งทรัพย์สินที่ถูกเปลี่ยนรูปหรือเปลี่ยนสภาพไปจากทรัพย์สินดังกล่าว ผลประโยชน์หรือหนี้สินที่เกิดจากการจัดการทรัพย์สินดังกล่าว เป็นของกองทรัสต์แต่ละกองตามสัดส่วนของทรัพย์สินที่นำมาเป็นต้นทุนที่ปะปนกัน,ให้สันนิษฐานว่าทรัพย์สินนั้นรวมทั้งทรัพย์สินที่ถูกเปลี่ยนรูปหรือถูกเปลี่ยนสภาพไปจากทรัพย์สินนั้นและประโยชน์ใด ๆ หรือหนี้สินที่เกิดขึ้นจากการจัดการทรัพย์สินดังกล่าว เป็นของกองทรัสต์แต่ละกองตามสัดส่วนของทรัพย์สินที่นำมาเป็นต้นทุนที่ปะปนกัน,ให้สันนิษฐานว่าทรัพย์สินนั้นรวมทั้งทรัพย์สินที่ถูกเปลี่ยนรูปหรือถูกเปลี่ยนสภาพไปจากทรัพย์สินนั้นและประโยชน์ใด ๆ หรือหนี้สินที่เกิดขึ้นจากการจัดการทรัพย์สินดังกล่าว เป็นของกองทรัสต์แต่ละกองตามสัดส่วนของทรัพย์สินที่นำมาเป็นต้นทุนที่ปะปนกัน,1427,251,1678,0.1538291000179015,5.116434399969876,5.270263499987777,1,0,0.5,0.5,0.0,0.0,0.930186927318573
306,sparse_rag,คุณสมบัติของผู้สอบบัญชี ตามกฎหมายมีอะไรบ้าง,"ตามพระราชบัญญัติวิชาชีพบัญชี พ.ศ. 2547 มาตรา 39 ผู้สอบบัญชีรับอนุญาตต้องมีคุณสมบัติดังนี้  
(1) เป็นสมาชิกสามัญหรือสมาชิกวิสามัญของสภาวิชาชีพบัญชี โดยหากเป็นคนต่างด้าวต้องมีภูมิลำเนาในประเทศไทย รู้ภาษาไทยดีพอที่จะสอบบัญชีและจัดทำรายงานเป็นภาษาไทยได้ และต้องได้รับใบอนุญาตทำงานตามกฎหมายว่าด้วยการทำงานของคนต่างด้าวด้วย  
(2) ผ่านการทดสอบ ฝึกอบรม ฝึกงาน หรือเคยปฏิบัติงานเกี่ยวกับวิชาชีพบัญชีตามที่กำหนดในข้อบังคับสภาวิชาชีพบัญชี  
(3) ไม่เคยต้องคำพิพากษาถึงที่สุดให้จำคุกเนื่องจากความผิดตามมาตรา 269, 323 หรือความผิดเกี่ยวกับทรัพย์เว้นแต่ความผิดฐานทำให้เสียทรัพย์หรือบุกรุก รวมถึงความผิดตามกฎหมายว่าด้วยการบัญชี ผู้สอบบัญชี หรือกฎหมายเกี่ยวกับห้างหุ้นส่วน บริษัท สมาคม และมูลนิธิเฉพาะที่เกี่ยวกับการรับรองงบการเงินหรือบัญชีอื่นที่ไม่ถูกต้อง หรือทำรายงานเท็จ หรือความผิดตามหมวด 5 และหมวด 6 แห่งพระราชบัญญัตินี้ เว้นแต่จะพ้นโทษมาแล้วไม่น้อยกว่า 5 ปี  
(4) ไม่เป็นบุคคลล้มละลาย  
(5) ต้องมีคุณสมบัติและไม่มีลักษณะต้องห้ามอื่นตามที่กำหนดในข้อบังคับสภาวิชาชีพบัญชี  

นอกจากนี้ ตามพระราชบัญญัติบริษัทมหาชนจำกัด พ.ศ. 2535 มาตรา 121 ผู้สอบบัญชีต้องไม่เป็นกรรมการ พนักงาน ลูกจ้าง หรือผู้ดำรงตำแหน่งหน้าที่ใด ๆ ของบริษัท",ตามพระราชบัญญัติวิชาชีพบัญชี พ.ศ. 2547 มาตรา 39 ผู้ขอรับใบอนุญาตเป็นผู้สอบบัญชีรับอนุญาตต้องมีคุณสมบัติและไม่มีลักษณะต้องห้าม ดังต่อไปนี้ (1) เป็นสมาชิกสามัญหรือสมาชิกวิสามัญตามมาตรา 14 วรรคสอง แต่ในกรณีเป็นสมาชิกวิสามัญซึ่งเป็นคนต่างด้าวต้องเป็นผู้มีความรู้ภาษาไทยดีพอที่จะสามารถสอบบัญชีและจัดทำรายงานเป็นภาษาไทยได้ และมีภูมิลำเนาในประเทศไทย และเมื่อได้รับใบอนุญาตแล้วต้องได้รับใบอนุญาตตามกฎหมายว่าด้วยการทำงานของคนต่างด้าวด้วย จึงจะปฏิบัติงานเป็นผู้สอบบัญชีรับอนุญาตได้ (2) ผ่านการทดสอบหรือฝึกอบรมหรือฝึกงานหรือเคยปฏิบัติงานเกี่ยวกับวิชาชีพบัญชีมาแล้วตามที่กำหนดในข้อบังคับสภาวิชาชีพบัญชี (3) ไม่เคยต้องคำพิพากษาถึงที่สุดให้จำคุก เนื่องจากกระทำความผิดตามมาตรา 269 มาตรา 323 หรือความผิดเกี่ยวกับทรัพย์เว้นแต่ความผิดฐานทำให้เสียทรัพย์และความผิดฐานบุกรุกตามประมวลกฎหมายอาญา ความผิดตามกฎหมายว่าด้วยการบัญชี กฎหมายว่าด้วยผู้สอบบัญชี หรือกฎหมายว่าด้วยการกำหนดความผิดเกี่ยวกับห้างหุ้นส่วนจดทะเบียน ห้างหุ้นส่วนจำกัด บริษัทจำกัด สมาคม และมูลนิธิ เฉพาะที่เกี่ยวกับการรับรองงบการเงินหรือบัญชีอื่นใดอันไม่ถูกต้องหรือทำรายงานเท็จ หรือความผิดตามหมวด 5 และหมวด 6 แห่งพระราชบัญญัตินี้ เว้นแต่ต้องคำพิพากษาหรือพ้นโทษมาแล้วไม่น้อยกว่าห้าปี (4) ไม่เป็นบุคคลล้มละลาย (5) มีคุณสมบัติและไม่มีลักษณะต้องห้ามอื่นตามที่กำหนดในข้อบังคับสภาวิชาชีพบัญชี,"ตามพระราชบัญญัติวิชาชีพบัญชี พ.ศ. 2547 มาตรา 39 ผู้ขอรับใบอนุญาตเป็นผู้สอบบัญชีรับอนุญาตต้องมีคุณสมบัติและไม่มีลักษณะต้องห้าม ดังต่อไปนี้ 
(1) เป็นสมาชิกสามัญหรือสมาชิกวิสามัญตามมาตรา 14 วรรคสอง แต่ในกรณีเป็นสมาชิกวิสามัญซึ่งเป็นคนต่างด้าวต้องเป็นผู้มีความรู้ภาษาไทยดีพอที่จะสามารถสอบบัญชีและจัดทำรายงานเป็นภาษาไทยได้ และมีภูมิลำเนาในประเทศไทย และเมื่อได้รับใบอนุญาตแล้วต้องได้รับใบอนุญาตตามกฎหมายว่าด้วยการทำงานของคนต่างด้าวด้วย จึงจะปฏิบัติงานเป็นผู้สอบบัญชีรับอนุญาตได้ 
(2) ผ่านการทดสอบหรือฝึกอบรมหรือฝึกงานหรือเคยปฏิบัติงานเกี่ยวกับวิชาชีพบัญชีมาแล้วตามที่กำหนดในข้อบังคับสภาวิชาชีพบัญชี 
(3) ไม่เคยต้องคำพิพากษาถึงที่สุดให้จำคุก เนื่องจากกระทำความผิดตามมาตรา 269 มาตรา 323 หรือความผิดเกี่ยวกับทรัพย์เว้นแต่ความผิดฐานทำให้เสียทรัพย์และความผิดฐานบุกรุกตามประมวลกฎหมายอาญา ความผิดตามกฎหมายว่าด้วยการบัญชี กฎหมายว่าด้วยผู้สอบบัญชี หรือกฎหมายว่าด้วยการกำหนดความผิดเกี่ยวกับห้างหุ้นส่วนจดทะเบียน ห้างหุ้นส่วนจำกัด บริษัทจำกัด สมาคม และมูลนิธิ เฉพาะที่เกี่ยวกับการรับรองงบการเงินหรือบัญชีอื่นใดอันไม่ถูกต้องหรือทำรายงานเท็จ หรือความผิดตามหมวด 5 และหมวด 6 แห่งพระราชบัญญัตินี้ เว้นแต่ต้องคำพิพากษาหรือพ้นโทษมาแล้วไม่น้อยกว่าห้าปี 
(4) ไม่เป็นบุคคลล้มละลาย 
(5) มีคุณสมบัติและไม่มีลักษณะต้องห้ามอื่นตามที่กำหนดในข้อบังคับสภาวิชาชีพบัญชี",1427,623,2050,0.1383231999934651,13.058370499988087,13.196693699981552,1,0,0.5,1.0,0.9166666666666666,0.9166666666666666,0.9635369777679443
307,sparse_rag,เงื่อนไขในการยื่นขอจดทะเบียนต่อสภาวิชาชีพบัญชีของนิติบุคคลที่ให้บริการการสอบบัญชีมีอะไรบ้าง,"นิติบุคคลที่ให้บริการการสอบบัญชีต้องยื่นขอจดทะเบียนต่อสภาวิชาชีพบัญชีตามเงื่อนไขดังนี้ ตามมาตรา 11 แห่งพระราชบัญญัติวิชาชีพบัญชี พ.ศ. 2547:  
(1) ต้องจัดให้มีหลักประกันเพื่อประกันความรับผิดต่อบุคคลที่สาม ตามประเภท จำนวน หลักเกณฑ์ และวิธีการที่กำหนดโดยกฎกระทรวง  
(2) บุคคลซึ่งมีอำนาจลงนามผูกพันนิติบุคคลในการให้บริการการสอบบัญชีต้องเป็นผู้ได้รับใบอนุญาตให้เป็นผู้สอบบัญชีรับอนุญาต",1. นิติบุคคลนั้นต้องจัดให้มีหลักประกันตามมาตรา 11 (1) ให้ครบถ้วนภายในระยะเวลาตามที่กำหนดในกฎกระทรวงซึ่งต้องไม่เกินกว่าสามปี 2. ดำเนินการให้ถูกต้องตามมาตรา 11 (2) ให้ครบถ้วนภายในสามปีนับแต่วันที่พระราชบัญญัตินี้ใช้บังคับ,"1. นิติบุคคลนั้นต้องจัดให้มีหลักประกันตามมาตรา 11 (1) ให้ครบถ้วนภายในระยะเวลาตามที่กำหนดในกฎกระทรวงซึ่งต้องไม่เกินกว่าสามปี 2.ดำเนินการให้ถูกต้องตามมาตรา 11 (2) ให้ครบถ้วนภายในสามปีนับแต่วันที่พระราชบัญญัตินี้ใช้บังคับ 

คำอธิบายขยายความเพิ่มเติมตามพระราชบัญญัติวิชาชีพบัญชี พ.ศ. 2547 มาตรา 78 นิติบุคคลใดให้บริการการสอบบัญชีหรือการทำบัญชีอยู่แล้วก่อนวันที่พระราชบัญญัตินี้ใช้บังคับ ให้ยื่นขอจดทะเบียนต่อสภาวิชาชีพบัญชีภายในหนึ่งปีนับแต่วันที่พระราชบัญญัตินี้ใช้บังคับตามเงื่อนไข ดังต่อไปนี้ (1) นิติบุคคลนั้นต้องจัดให้มีหลักประกันตามมาตรา 11 (1) ให้ครบถ้วนภายในระยะเวลาตามที่กำหนดในกฎกระทรวงซึ่งต้องไม่เกินกว่าสามปี (2) ดำเนินการให้ถูกต้องตามมาตรา 11 (2) ให้ครบถ้วนภายในสามปีนับแต่วันที่พระราชบัญญัตินี้ใช้บังคับ",1577,221,1798,0.13558499998180196,4.100346599996556,4.2359315999783576,1,1,1.0,1.0,0.5,0.5,0.8898319005966187
308,sparse_rag,ถ้าสมาชิกสภาวิชาชีพบัญชี ไม่จ่ายค่าบำรุงสมาชิก โดยไม่มีเหตุอันสมควร จะมีผลเป็นอย่างไร,ตามมาตรา 17 วรรคสอง แห่งพระราชบัญญัติวิชาชีพบัญชี พ.ศ. 2547 สมาชิกภาพของสมาชิกสิ้นสุดลง เมื่อไม่ชำระค่าบำรุงสมาชิก โดยไม่มีเหตุอันสมควรตามที่กำหนดในข้อบังคับสภาวิชาชีพบัญชี,สมาชิกภาพของสมาชิกนั้นสิ้นสุดลง,"สมาชิกภาพของสมาชิกนั้นสิ้นสุดลง  
คำอธิบายขยายความ มาตรา 17 แห่งพระราชบัญญัติวิชาชีพบัญชี พ.ศ. 2547 สมาชิกภาพของสมาชิกสิ้นสุดลง เมื่อ 
(1) ตาย 
(2) ลาออก 
(3) ขาดคุณสมบัติหรือมีลักษณะต้องห้ามตามมาตรา 13 หรือมาตรา 14 หรือคณะกรรมการสภาวิชาชีพบัญชีมีมติเพิกถอนสำหรับกรณีสมาชิกกิตติมศักดิ์ 
(4) ไม่ชำระค่าบำรุงสมาชิก โดยไม่มีเหตุอันสมควรตามที่กำหนดในข้อบังคับสภาวิชาชีพบัญชี",1072,98,1170,0.14491510001244023,1.7332055000006221,1.8781206000130624,1,0,0.3333333333333333,0.5,0.0,0.0,0.8957647681236267
309,sparse_rag,กรรมการจรรยาบรรณพ้นจากตำเเหน่งเมื่อ,"กรรมการจรรยาบรรณพ้นจากตำแหน่งเมื่อตาย, ลาออก, ขาดคุณสมบัติหรือมีลักษณะต้องห้ามตามมาตรา 50 ของพระราชบัญญัติวิชาชีพบัญชี พ.ศ. 2547 หรือเมื่อที่ประชุมใหญ่สภาวิชาชีพบัญชีมีมติให้ออกด้วยคะแนนเสียงไม่น้อยกว่าสองในสามของจำนวนสมาชิกสามัญที่มาประชุม แต่ต้องไม่น้อยกว่าสองร้อยคะแนนเสียง",(1) ตาย (2) ลาออก (3) ขาดคุณสมบัติหรือมีลักษณะต้องห้ามตามมาตรา 50 (4) ที่ประชุมใหญ่สภาวิชาชีพบัญชีมีมติให้ออกด้วยคะแนนเสียงไม่น้อยกว่าสองในสามของจำนวนสมาชิกสามัญที่มาประชุม แต่ต้องไม่น้อยกว่าสองร้อยคะแนนเสียง,(1) ตาย (2) ลาออก (3) ขาดคุณสมบัติหรือมีลักษณะต้องห้ามตามมาตรา 50 (4) ที่ประชุมใหญ่สภาวิชาชีพบัญชีมีมติให้ออกด้วยคะแนนเสียงไม่น้อยกว่าสองในสามของจำนวนสมาชิกสามัญที่มาประชุม แต่ต้องไม่น้อยกว่าสองร้อยคะแนนเสียง ในกรณีที่ตำแหน่งว่างลงก่อนครบวาระ ให้คณะกรรมการสภาวิชาชีพบัญชีแต่งตั้งกรรมการ  พระราชบัญญัติวิชาชีพบัญชี พ.ศ. 2547 มาตรา 52 นอกจากการพ้นจากตำแหน่งตามวาระ ให้กรรมการจรรยาบรรณพ้นจากตำแหน่ง เมื่อ (1) ตาย (2) ลาออก (3) ขาดคุณสมบัติหรือมีลักษณะต้องห้ามตามมาตรา 50 (4) ที่ประชุมใหญ่สภาวิชาชีพบัญชีมีมติให้ออกด้วยคะแนนเสียงไม่น้อยกว่าสองในสามของจำนวนสมาชิกสามัญที่มาประชุม แต่ต้องไม่น้อยกว่าสองร้อยคะแนนเสียง ในกรณีที่ตำแหน่งว่างลงก่อนครบวาระ ให้คณะกรรมการสภาวิชาชีพบัญชีแต่งตั้งกรรมการจรรยาบรรณแทนตำแหน่งที่ว่างไปพลางก่อน และให้กรรมการจรรยาบรรณซึ่งได้รับแต่งตั้งปฏิบัติหน้าที่ได้จนถึงการประชุมใหญ่คราวต่อไปจรรยาบรรณแทนตำแหน่งที่ว่างไปพลางก่อน และให้กรรมการจรรยาบรรณซึ่งได้รับแต่งตั้งปฏิบัติหน้าที่ได้จนถึงการประชุมใหญ่คราวต่อไป,1170,150,1320,0.15632300003198907,2.5959117999882437,2.752234800020233,1,0,0.5,1.0,0.2,0.2,0.906519889831543
310,sparse_rag,ถ้าผู้ใดประกอบอาชีพทางด้านบัญชีโดยไม่ได้รับอนุญาตจากสภาวิชาชีพบัญชีมีโทษอย่างไร,ผู้ใดประกอบวิชาชีพบัญชีโดยไม่ได้รับอนุญาตจากสภาวิชาชีพบัญชี ซึ่งเป็นการฝ่าฝืนมาตรา 9 แห่งพระราชบัญญัติวิชาชีพบัญชี พ.ศ. 2547 ต้องระวางโทษจำคุกไม่เกินสองปี หรือปรับไม่เกินสี่หมื่นบาท หรือทั้งจำทั้งปรับ,ต้องระวางโทษจำคุกไม่เกินสามปี หรือปรับไม่เกินหกหมื่นบาท หรือทั้งจำทั้งปรับ,ต้องระวางโทษจำคุกไม่เกินสามปี หรือปรับไม่เกินหกหมื่นบาท หรือทั้งจำทั้งปรับ,1575,126,1701,0.13453239999944344,2.1745062999543734,2.309038699953817,0,0,0.0,0.0,0.0,0.0,0.8104977011680603
311,sparse_rag,ในการประชุมใหญ่ของสภาวิชาชีพบัญชี องค์ประชุมต้องมีสมาชิกสามัญไม่น้อยกว่ากี่คน,ตามมาตรา 20 แห่งพระราชบัญญัติวิชาชีพบัญชี พ.ศ. 2547 การประชุมใหญ่ของสภาวิชาชีพบัญชีต้องมีสมาชิกสามัญมาประชุมไม่น้อยกว่าสองร้อยคน จึงจะเป็นองค์ประชุม,ไม่น้อยกว่าสองร้อยคน,"ไม่น้อยกว่าสองร้อยคน  




พระราชบัญญัติวิชาชีพบัญชี พ.ศ. 2547 มาตรา 20 ในการประชุมใหญ่ ต้องมีสมาชิกสามัญมาประชุมไม่น้อยกว่าสองร้อยคนจึงเป็นองค์ประชุม การประชุมใหญ่ครั้งใด เมื่อล่วงพ้นเวลาที่กำหนดไว้เป็นเวลาสามสิบนาทีแล้วมีสมาชิกสามัญมาประชุมไม่ครบองค์ประชุมตามวรรคหนึ่ง และการประชุมนั้นได้เรียกประชุมตามมาตรา 19 ให้งดการประชุมครั้งนั้น แต่ถ้าคณะกรรมการสภาวิชาชีพบัญชีเป็นผู้จัดให้มีการประชุม ให้เลื่อนการประชุมนั้นออกไป โดยให้นายกสภาวิชาชีพบัญชีเรียกประชุมใหญ่อีกครั้งหนึ่งภายในสามสิบวันและในการประชุมใหญ่ครั้งนี้ ให้องค์ประชุมประกอบด้วยสมาชิกสามัญเท่าที่มาประชุม",1146,85,1231,0.1327630000305362,1.515270000032615,1.6480330000631511,1,0,0.5,1.0,0.0,0.0,0.9022104740142822
312,sparse_rag,นายกสภาวิชาชีพบัญชีมีวาระดำรงตำแหน่งกี่ปี,นายกสภาวิชาชีพบัญชีมีวาระการดำรงตำแหน่งคราวละสามปี ตามมาตรา 23 แห่งพระราชบัญญัติวิชาชีพบัญชี พ.ศ. 2547,คราวละ 3 ปี,คราวละ 3 ปี  ตามมาตรา 23  วรรค 1 พระราชบัญญัติวิชาชีพบัญชี พ.ศ. 2547 นายกสภาวิชาชีพบัญชี และกรรมการตามมาตรา 22 (3) และ (4) มีวาระการดำรงตำแหน่งคราวละสามปี,1706,64,1770,0.13006130000576377,1.516051700047683,1.6461130000534467,1,1,1.0,1.0,0.0,0.0,0.9438914060592651
313,sparse_rag,นักบัญชีต้องปฏิบัติตามคำสั่งของคณะกรรมการจรรยาบรรณตามมาตราใดบ้าง,นักบัญชีต้องปฏิบัติตามคำสั่งของคณะกรรมการจรรยาบรรณตามมาตรา 53 วรรคห้า แห่งพระราชบัญญัติวิชาชีพบัญชี พ.ศ. 2547 และหากไม่ปฏิบัติตาม ต้องระวางโทษจำคุกไม่เกินหนึ่งเดือน หรือปรับไม่เกินหนึ่งพันบาท หรือทั้งจำทั้งปรับ ตามมาตรา 71 แห่งพระราชบัญญัติวิชาชีพบัญชี พ.ศ. 2547,นักบัญชีต้องปฏิบัติตามคำสั่งของคณะกรรมการจรรยาบรรณตามมาตรา ดังนี้ 1 มาตรา 53 วรรคห้า 2 มาตรา 61(2) 3 มาตรา 61(3),"นักบัญชีต้องปฏิบัติตามคำสั่งของคณะกรรมการจรรยาบรรณตามมาตรา ดังนี้ 1 มาตรา 53 วรรคห้า 2 มาตรา 61(2) 3 มาตรา 61(3)  พระราชบัญญัติวิชาชีพบัญชี พ.ศ. 2547 มาตรา 71 หากไม่ปฏิบัติตามมีโทษ ดังนี้ ต้องระวางโทษจำคุกไม่เกิน 1 เดือน หรือปรับไม่เกิน 1,000 บาท หรือทั้งจำทั้งปรับ",1063,164,1227,0.13525540003320202,3.623675299983006,3.758930700016208,1,0,0.3333333333333333,1.0,0.125,0.125,0.9694769978523254
314,sparse_rag,การประชุมของคณะกรรมการจรรยาบรรณวิชาชีพบัญชี นำหลักที่ว่าด้วยมติและองค์ประชุมคณะกรรมการสภาวิชาชีพบัญชีมาใช้บังคับได้หรือไม่,"การประชุมของคณะกรรมการจรรยาบรรณวิชาชีพบัญชี ไม่สามารถนำหลักเกี่ยวกับมติและองค์ประชุมของคณะกรรมการสภาวิชาชีพบัญชีมาใช้บังคับได้โดยอัตโนมัติ เนื่องจากมาตรา 26 แห่งพระราชบัญญัติวิชาชีพบัญชี พ.ศ. 2547 กล่าวถึงองค์ประชุมและมติของ ""คณะกรรมการสภาวิชาชีพบัญชี"" เท่านั้น ไม่ได้ครอบคลุมคณะกรรมการอื่น เช่น คณะกรรมการจรรยาบรรณ ซึ่งต้องอาศัยข้อบังคับหรือระเบียบที่กำหนดไว้เฉพาะสำหรับคณะกรรมการนั้น ๆ",ได้ เป็นการอนุโลมให้ใช้ได้ ตาม พระราชบัญญัติวิชาชีพบัญชี พ.ศ. 2547 มาตรา 58 ให้นำความในมาตรา 26 มาใช้บังคับกับการประชุมของคณะกรรมการจรรยาบรรณและคณะอนุกรรมการจรรยาบรรณโดยอนุโลม,ได้ เป็นการอนุโลมให้ใช้ได้ ตาม พระราชบัญญัติวิชาชีพบัญชี พ.ศ. 2547 มาตรา 58 ให้นำความในมาตรา 26 มาใช้บังคับกับการประชุมของคณะกรรมการจรรยาบรรณและคณะอนุกรรมการจรรยาบรรณโดยอนุโลม,1328,202,1530,0.1345930999959819,4.10059079999337,4.235183899989352,1,0,0.5,0.0,0.6666666666666666,0.3333333333333333,0.8680362701416016
315,sparse_rag,จะต้องเก็บค่าธรรมเนียมในการขึ้นทะเบียนประกอบวิชาชีพบัญชีอย่างไร,ตามมาตรา 10 แห่งพระราชบัญญัติวิชาชีพบัญชี พ.ศ. 2547 สภาวิชาชีพบัญชีอาจกำหนดให้ผู้ขึ้นทะเบียนที่ไม่ใช่สมาชิกเสียค่าธรรมเนียมเป็นรายปีได้ แต่ต้องไม่สูงกว่าค่าบำรุงสมาชิกและค่าธรรมเนียมใบอนุญาตที่เรียกเก็บจากสมาชิกสภาวิชาชีพบัญชีเป็นรายปี,ผู้ขึ้นทะเบียนโดยไม่ได้เป็นสมาชิกวิชาชีพบัญชี => จะถูกเก็บเป็นค่าธรรมเนียมรายปีก็ได้ แต่ค่าธรรมเนียมดังกล่าวจะต้องไม่เกินกว่าค่าบำรุงสมาชิกและค่าธรรมเนียมใบอนุญาตที่เรียกเก็บจากสมาชิกสภาวิชาชีพบัญชีเป็นรายปี,ผู้ขึ้นทะเบียนโดยไม่ได้เป็นสมาชิกวิชาชีพบัญชี => จะถูกเก็บเป็นค่าธรรมเนียมรายปีก็ได้ แต่ค่าธรรมเนียมดังกล่าวจะต้องไม่เกินกว่าค่าบำรุงสมาชิกและค่าธรรมเนียมใบอนุญาตที่เรียกเก็บจากสมาชิกสภาวิชาชีพบัญชีเป็นรายปี คำอธิบายขยายความ : พระราชบัญญัติวิชาชีพบัญชี พ.ศ. 2547 มาตรา 10 เมื่อมีพระราชกฤษฎีกาตามมาตรา 9 ใช้บังคับสำหรับวิชาชีพบัญชีด้านใด ห้ามผู้ใดประกอบวิชาชีพบัญชีด้านนั้น เว้นแต่ได้รับใบอนุญาตหรือขึ้นทะเบียนกับสภาวิชาชีพบัญชี การขอรับใบอนุญาต การอนุญาต การออกใบอนุญาต และการขึ้นทะเบียนผู้ประกอบวิชาชีพบัญชีตามวรรคหนึ่ง ให้เป็นไปตามแบบ หลักเกณฑ์ วิธีการ และเงื่อนไขที่กำหนดในข้อบังคับสภาวิชาชีพบัญชี ในการขึ้นทะเบียนประกอบวิชาชีพบัญชี สภาวิชาชีพบัญชีจะกำหนดให้ผู้ขึ้นทะเบียนซึ่งไม่ได้เป็นสมาชิกต้องเสียค่าธรรมเนียมเป็นรายปีก็ได้ แต่จะกำหนดค่าธรรมเนียมดังกล่าวให้สูงกว่าค่าบำรุงสมาชิกและค่าธรรมเนียมใบอนุญาตที่เรียกเก็บจากสมาชิกสภาวิชาชีพบัญชีเป็นรายปีไม่ได้,1233,134,1367,0.13830699998652562,2.675718099984806,2.8140250999713317,1,0,0.5,1.0,0.0,0.0,0.8998979926109314
316,sparse_rag,การเปิดบริษัทให้บริการด้านการสอบบัญชี มีเงื่อนไขในการจดทะเบียนอย่างไร,"การเปิดบริษัทให้บริการด้านการสอบบัญชีต้องจดทะเบียนต่อสภาวิชาชีพบัญชีตามมาตรา 11 แห่งพระราชบัญญัติวิชาชีพบัญชี พ.ศ. 2547 โดยต้องปฏิบัติตามเงื่อนไขดังนี้  
(1) ต้องจัดให้มีหลักประกันเพื่อประกันความรับผิดต่อบุคคลที่สาม ตามประเภท จำนวน หลักเกณฑ์ และวิธีการที่กำหนดโดยกฎกระทรวง  
(2) บุคคลที่มีอำนาจลงนามผูกพันนิติบุคคลในการให้บริการการสอบบัญชีต้องเป็นผู้ได้รับใบอนุญาตให้เป็นผู้สอบบัญชีรับอนุญาต",ต้องจดทะเบียนต่อสภาวิชาชีพบัญชีตามเงื่อนไข ดังต่อไปนี้ 1) ต้องจัดให้มีหลักประกันเพื่อประกันความรับผิดต่อบุคคลที่สาม โดยให้คำนึงถึงขนาดและรายได้ของนิติบุคคลนั้น และให้นำความเห็นของหน่วยงานที่เกี่ยวข้องและสภาวิชาชีพบัญชีมาพิจารณาประกอบด้วย 2) บุคคลซึ่งมีอำนาจลงนามผูกพันนิติบุคคลในการให้บริการการสอบบัญชีต้องเป็นผู้ได้รับใบอนุญาตให้เป็นผู้สอบบัญชีรับอนุญาต,ต้องจดทะเบียนต่อสภาวิชาชีพบัญชีตามเงื่อนไข ดังต่อไปนี้ 1) ต้องจัดให้มีหลักประกันเพื่อประกันความรับผิดต่อบุคคลที่สาม โดยให้คำนึงถึงขนาดและรายได้ของนิติบุคคลนั้น และให้นำความเห็นของหน่วยงานที่เกี่ยวข้องและสภาวิชาชีพบัญชีมาพิจารณาประกอบด้วย 2) บุคคลซึ่งมีอำนาจลงนามผูกพันนิติบุคคลในการให้บริการการสอบบัญชีต้องเป็นผู้ได้รับใบอนุญาตให้เป็นผู้สอบบัญชีรับอนุญาต  ตามพระราชบัญญัติวิชาชีพบัญชี พ.ศ. 2547 มาตรา 11,1561,223,1784,0.13196700002299622,4.9025280000059865,5.034495000028983,1,0,0.5,0.5,1.0,1.0,0.9369603395462036
317,sparse_rag,คณะกรรมการกำกับดูแลการประกอบวิชาชีพบัญชีมีอำนาจอะไรบ้าง,"คณะกรรมการกำกับดูแลการประกอบวิชาชีพบัญชีมีอำนาจหน้าที่ตามมาตรา 60 แห่งพระราชบัญญัติวิชาชีพบัญชี พ.ศ. 2547 ดังนี้  
(1) กำกับดูแลการดำเนินกิจการของสภาวิชาชีพบัญชีให้เป็นไปตามกฎหมายและสอดคล้องกับวัตถุประสงค์ของสภาวิชาชีพบัญชี  
(2) เสนอแนะให้มีการตราพระราชกฤษฎีกาตามมาตรา 9  
(3) ให้ความเห็นชอบข้อบังคับสภาวิชาชีพบัญชีตามมาตรา 30 วรรคสอง และมาตรฐานการบัญชีตามมาตรา 34 วรรคสาม  
(4) พิจารณาอุทธรณ์ของผู้ขอรับใบอนุญาตเป็นผู้สอบบัญชีรับอนุญาตตามมาตรา 42 วรรคสอง  
(5) พิจารณาอุทธรณ์ของผู้กล่าวหาหรือผู้ซึ่งถูกคณะกรรมการจรรยาบรรณสั่งลงโทษตามมาตรา 55 วรรคหนึ่ง  
(6) แต่งตั้งคณะอนุกรรมการเพื่อปฏิบัติการตามที่อยู่ในอำนาจหน้าที่ของคณะกรรมการกำกับดูแลการประกอบวิชาชีพบัญชี",(1) สอบสวนข้อเท็จจริงเกี่ยวกับการดำเนินงานของสภาวิชาชีพบัญชี (2) สั่งเป็นหนังสือให้สมาชิก กรรมการ หรืออนุกรรมการอื่นใดของสภาวิชาชีพบัญชีหรือบุคคลใดชี้แจงข้อเท็จจริงเกี่ยวกับกิจการของสภาวิชาชีพบัญชี (3) สั่งเป็นหนังสือให้สภาวิชาชีพบัญชี คณะกรรมการ หรือคณะอนุกรรมการตามพระราชบัญญัตินี้ระงับ แก้ไข หรือวางมาตรการแก้ไขการกระทำอันเป็นการขัดต่อกฎหมาย วัตถุประสงค์ หรือข้อบังคับสภาวิชาชีพบัญชี,(1) สอบสวนข้อเท็จจริงเกี่ยวกับการดำเนินงานของสภาวิชาชีพบัญชี (2) สั่งเป็นหนังสือให้สมาชิก กรรมการ หรืออนุกรรมการอื่นใดของสภาวิชาชีพบัญชีหรือบุคคลใดชี้แจงข้อเท็จจริงเกี่ยวกับกิจการของสภาวิชาชีพบัญชี (3) สั่งเป็นหนังสือให้สภาวิชาชีพบัญชี คณะกรรมการ หรือคณะอนุกรรมการตามพระราชบัญญัตินี้ระงับ แก้ไข หรือวางมาตรการแก้ไขการกระทำอันเป็นการขัดต่อกฎหมาย วัตถุประสงค์ หรือข้อบังคับสภาวิชาชีพบัญชี,1552,372,1924,0.13386369997169822,7.6679560000193305,7.801819699991029,1,0,0.5,0.0,1.0,1.0,0.8583894371986389
318,sparse_rag,หากไม่ได้รับอนุญาต แต่ลงลายมือชื่อรับรองเอกสารในฐานะผู้สอบบัญชี มีความผิดหรือไม่,มีความผิดตามมาตรา 37 แห่งพระราชบัญญัติวิชาชีพบัญชี พ.ศ. 2547 ซึ่งห้ามมิให้ผู้ใดลงลายมือชื่อรับรองเอกสารหรือแสดงความเห็นในฐานะผู้สอบบัญชี เว้นแต่เป็นผู้สอบบัญชีรับอนุญาต ผู้ฝ่าฝืนมีโทษจำคุกไม่เกินสองปี หรือปรับไม่เกินสี่หมื่นบาท หรือทั้งจำทั้งปรับ,มี ต้องระวางโทษจำคุกไม่เกินสามปี หรือปรับไม่เกินหกหมื่นบาท หรือทั้งจำทั้งปรับ,มี ต้องระวางโทษจำคุกไม่เกินสามปี หรือปรับไม่เกินหกหมื่นบาท หรือทั้งจำทั้งปรับ คำอธิบายขยายความ ตามพระราชบัญญัติวิชาชีพบัญชี พ.ศ. 2547 มาตรา 67 ผู้ใดฝ่าฝืนมาตรา 37 (ห้ามมิให้ผู้ใดลงลายมือชื่อรับรองการสอบบัญชี รับรองเอกสารหรือแสดงความเห็นในฐานะผู้สอบบัญชี เว้นแต่เป็นผู้สอบบัญชีรับอนุญาต หรือเป็นการกระทำในอำนาจหน้าที่ทางราชการ) ต้องระวางโทษจำคุกไม่เกินสามปี หรือปรับไม่เกินหกหมื่นบาท หรือทั้งจำทั้งปรับ,1061,149,1210,0.13796099997125566,3.381575600011274,3.51953659998253,1,0,0.5,0.0,0.0,0.0,0.9361553192138672
319,sparse_rag,ใบอนุญาตเป็นผู้สอบบัญชีรับอนุญาตสิ้นผลเมื่อใด,ใบอนุญาตเป็นผู้สอบบัญชีรับอนุญาตสิ้นผลเมื่อผู้รับใบอนุญาตตาย พ้นจากสมาชิกภาพของสภาวิชาชีพบัญชี ขาดคุณสมบัติหรือมีลักษณะต้องห้ามตามมาตรา 39 ถูกเพิกถอนใบอนุญาตเนื่องจากประพฤติผิดจรรยาบรรณ ไม่ชำระค่าธรรมเนียมใบอนุญาตและไม่ได้รับการผ่อนผันตามที่คณะกรรมการสภาวิชาชีพบัญชีกำหนด หรือไม่เข้ารับการอบรมตามหลักสูตรที่สภาวิชาชีพบัญชีกำหนดให้ครบถ้วนตามมาตรา 43 และสภาวิชาชีพบัญชีไม่ได้มีคำสั่งพักใช้ใบอนุญาต (ตามมาตรา 41 แห่งพระราชบัญญัติวิชาชีพบัญชี พ.ศ. 2547),ใบอนุญาตเป็นผู้สอบบัญชีรับอนุญาตสิ้นผล กรณีดังต่อไปนี้ 1 ตาย 2 พ้นจากสมาชิกภาพของสมาชิกสภาวิชาชีพบัญชี 3 ขาดคุณสมบัติหรือมีลักษณะต้องห้ามตามมาตรา 39 4 ถูกเพิกถอนใบอนุญาตเนื่องจากประพฤติผิดจรรยาบรรณ 5 ไม่ชำระค่าธรรมเนียมใบอนุญาตและไม่ได้รับการผ่อนผันตามที่คณะกรรมการสภาวิชาชีพบัญชีกำหนด 6 ไม่เข้ารับการอบรมตามหลักสูตรที่สภาวิชาชีพบัญชีกำหนดให้ครบถ้วนตามมาตรา 43 และสภาวิชาชีพบัญชีไม่ได้มีคำสั่งพักใช้ใบอนุญาต,ใบอนุญาตเป็นผู้สอบบัญชีรับอนุญาตสิ้นผล กรณีดังต่อไปนี้ 1 ตาย 2 พ้นจากสมาชิกภาพของสมาชิกสภาวิชาชีพบัญชี 3 ขาดคุณสมบัติหรือมีลักษณะต้องห้ามตามมาตรา 39 4 ถูกเพิกถอนใบอนุญาตเนื่องจากประพฤติผิดจรรยาบรรณ 5 ไม่ชำระค่าธรรมเนียมใบอนุญาตและไม่ได้รับการผ่อนผันตามที่คณะกรรมการสภาวิชาชีพบัญชีกำหนด 6 ไม่เข้ารับการอบรมตามหลักสูตรที่สภาวิชาชีพบัญชีกำหนดให้ครบถ้วนตามมาตรา 43 และสภาวิชาชีพบัญชีไม่ได้มีคำสั่งพักใช้ใบอนุญาต,1696,259,1955,0.13305780000519007,5.104864799999632,5.237922600004822,1,0,0.6666666666666666,1.0,0.25,0.25,0.9674769639968872
320,sparse_rag,ผู้ทำบัญชีที่จะขึ้นทะเบียนกับสภาวิชาชีพบัญชีต้องมีคุณสมบัติอย่างไร,"ผู้ทำบัญชีที่จะขึ้นทะเบียนกับสภาวิชาชีพบัญชีต้องมีคุณสมบัติดังต่อไปนี้ ตามมาตรา 45 แห่งพระราชบัญญัติวิชาชีพบัญชี พ.ศ. 2547  
(1) มีภูมิลำเนาหรือถิ่นที่อยู่ในราชอาณาจักร  
(2) มีความรู้ภาษาไทยเพียงพอที่จะทำบัญชีเป็นภาษาไทยได้  
(3) ไม่เคยต้องคำพิพากษาถึงที่สุดให้จำคุก เนื่องจากกระทำความผิดตามฐานความผิดหรือกฎหมายที่กำหนดในมาตรา 39 (3) เว้นแต่ต้องคำพิพากษาหรือพ้นโทษมาแล้วไม่น้อยกว่าสามปี  
(4) มีคุณวุฒิการศึกษาตามที่กำหนดในข้อบังคับสภาวิชาชีพบัญชี  
(5) ไม่มีลักษณะต้องห้ามอื่น ตามที่กำหนดในข้อบังคับสภาวิชาชีพบัญชี",ต้องมีภูมิลำเนาหรือถิ่นที่อยู่ในราชอาณาจักร มีความรู้ภาษาไทยเพียงพอที่จะทำบัญชีเป็นภาษาไทยได้ มีคุณวุฒิการศึกษาตามที่กำหนดในข้อบังคับสภาวิชาชีพบัญชี และต้องไม่มีลักษณะต้องห้ามตามที่กำหนดในข้อบังคับสภาวิชาชีพบัญชี.,ต้องมีภูมิลำเนาหรือถิ่นที่อยู่ในราชอาณาจักร มีความรู้ภาษาไทยเพียงพอที่จะทำบัญชีเป็นภาษาไทยได้ มีคุณวุฒิการศึกษาตามที่กำหนดในข้อบังคับสภาวิชาชีพบัญชี เป็นต้น ตามพระราชบัญญัติวิชาชีพบัญชี พ.ศ. 2547 มาตรา 45 ผู้ทำบัญชีที่จะขึ้นทะเบียนกับสภาวิชาชีพบัญชีต้องมีคุณสมบัติและไม่มีลักษณะต้องห้าม ดังต่อไปนี้ (1) มีภูมิลำเนาหรือถิ่นที่อยู่ในราชอาณาจักร (2) มีความรู้ภาษาไทยเพียงพอที่จะทำบัญชีเป็นภาษาไทยได้ (3) ไม่เคยต้องคำพิพากษาถึงที่สุดให้จำคุก เนื่องจากกระทำความผิดตามฐานความผิดหรือกฎหมายที่กำหนดในมาตรา 39 (3) เว้นแต่ต้องคำพิพากษาหรือพ้นโทษมาแล้วไม่น้อยกว่าสามปี (4) มีคุณวุฒิการศึกษาตามที่กำหนดในข้อบังคับสภาวิชาชีพบัญชี (5) ไม่มีลักษณะต้องห้ามอื่น ตามที่กำหนดในข้อบังคับสภาวิชาชีพบัญชี,1154,306,1460,0.13365480001084507,6.777251599996816,6.910906400007661,1,0,0.5,1.0,0.0,0.0,0.9792611002922058
321,sparse_rag,คณะกรรมการจรรยาบรรณมีมติสั่งยกคำกล่าวหา หมายความว่าอย่างไร,เมื่อคณะกรรมการจรรยาบรรณมีมติสั่งยกคำกล่าวหา หมายความว่า ผู้ถูกกล่าวหามิได้ประพฤติผิดจรรยาบรรณตามที่ถูกกล่าวหาไว้ ตามมาตรา 54 แห่งพระราชบัญญัติวิชาชีพบัญชี พ.ศ. 2547 และให้แจ้งคำสั่งยกคำกล่าวหาแก่ผู้กล่าวหาและผู้ถูกกล่าวหาทราบเป็นหนังสือโดยเร็ว,คณะกรรมการจรรยาบรรณมีมติว่าผู้ถูกกล่าวหามิได้ประพฤติผิดจรรยาบรรณ,คณะกรรมการจรรยาบรรณมีมติว่าผู้ถูกกล่าวหามิได้ประพฤติผิดจรรยาบรรณ   ตามพระราชบัญญัติวิชาชีพบัญชี พ.ศ. 2547 มาตรา 54  เมื่อคณะกรรมการจรรยาบรรณพิจารณาจากผลการสอบสวนแล้วมีมติว่าผู้ใดประพฤติผิดจรรยาบรรณ ให้มีคำสั่งลงโทษผู้นั้นตามมาตรา 49 ในกรณีที่คณะกรรมการจรรยาบรรณมีมติว่าผู้ถูกกล่าวหามิได้ประพฤติผิดจรรยาบรรณให้สั่งยกคำกล่าวหา การออกคำสั่งลงโทษตามวรรคหนึ่งหรือการออกคำสั่งยกคำกล่าวหาตามวรรคสอง ให้แจ้งคำสั่งให้ผู้กล่าวหาและผู้ถูกกล่าวหาทราบเป็นหนังสือโดยเร็ว,1023,138,1161,0.13531420001527295,7.012847600039095,7.148161800054368,1,0,0.5,1.0,0.0,0.0,0.9287228584289551
322,sparse_rag,การประชุมคณะกรรมการกำกับดูแลการประกอบวิชาชีพบัญชี และคณะอนุกรรมการ ซึ่งคณะกรรมการกำกับดูแลการประกอบวิชาชีพบัญชีแต่งตั้ง มีมาตราใดมาบังคับโดยอนุโลมบ้าง,การประชุมคณะกรรมการกำกับดูแลการประกอบวิชาชีพบัญชี และคณะอนุกรรมการ ซึ่งคณะกรรมการกำกับดูแลการประกอบวิชาชีพบัญชีแต่งตั้ง ให้นำความในมาตรา 26 แห่งพระราชบัญญัติวิชาชีพบัญชี พ.ศ. 2547 มาใช้บังคับโดยอนุโลม,มาตรา 26 พระราชบัญญัติวิชาชีพบัญชี พ.ศ. 2547,มาตรา 26 พระราชบัญญัติวิชาชีพบัญชี พ.ศ. 2547,916,109,1025,0.14614959998289123,2.9492787000490353,3.0954283000319265,1,0,0.5,1.0,1.0,1.0,0.8719853162765503
323,sparse_rag,สภาวิชาชีพบัญชีต้องออกใบอนุญาตเป็นผู้สอบบัญชีเมื่อใด,สภาวิชาชีพบัญชีต้องออกใบอนุญาตเป็นผู้สอบบัญชีรับอนุญาตเมื่อผู้ขอรับใบอนุญาตได้ปฏิบัติตามแบบและหลักเกณฑ์ที่กำหนดในข้อบังคับสภาวิชาชีพบัญชี ตามมาตรา 38 แห่งพระราชบัญญัติวิชาชีพบัญชี พ.ศ. 2547,ให้สภาวิชาชีพบัญชีออกใบอนุญาตโดยเร็ว ซึ่งต้องไม่เกิน 90 วัน นับแต่วันที่ได้รับคำขอให้ออกใบอนุญาตนั้น,ให้สภาวิชาชีพบัญชีออกใบอนุญาตโดยเร็ว ซึ่งต้องไม่เกิน 90 วัน นับแต่วันที่ได้รับคำขอให้ออกใบอนุญาตนั้น คำอธิบายขยายความ: ตามพระราชบัญญัติวิชาชีพบัญชี พ.ศ. 2547 มาตรา 42 สภาวิชาชีพบัญชีต้องออกใบอนุญาตให้แก่ผู้ยื่นคำขอที่มีคุณสมบัติและไม่มีลักษณะต้องห้ามในการเป็นผู้สอบบัญชีโดยเร็ว แต่ต้องไม่เกิน 90 วัน นับแต่วันที่ได้รับคำขอนั้น หากสภาวิชาชีพบัญชีไม่ออกใบอนุญาตให้ จะต้องแสดงเหตุผลในการไม่ออกใบอนุญาตไว้โดยชัดแจ้งด้วย ซึ่งผู้ยื่นคำขอมีสิทธิอุทธรณ์การไม่ออกใบอนุญาตต่อคณะกรรมการกำกับดูแลการประกอบวิชาชีพบัญชีได้ตามหลักเกณฑ์และวิธีการที่คณะกรรมการกำกับดูแลการประกอบวิชาชีพบัญชีกำหนด,1157,119,1276,0.13334160001249984,2.9804025000194088,3.1137441000319086,0,0,0.0,0.0,0.0,0.0,0.8759862780570984
324,sparse_rag,นายกสภาวิชาชีพบัญชีและกรรมการพ้นจากตำแหน่งเมื่อใด,"นายกสภาวิชาชีพบัญชีและกรรมการพ้นจากตำแหน่งเมื่อ:  
(1) ตาย,  
(2) ลาออก,  
(3) พ้นจากสมาชิกภาพของสมาชิกสภาวิชาชีพบัญชี,  
(4) ขาดคุณสมบัติหรือมีลักษณะต้องห้ามตามข้อบังคับสภาวิชาชีพบัญชี,  
(5) รัฐมนตรีมีคำสั่งให้พ้นจากตำแหน่งตามมาตรา 63  
ตามมาตรา 24 แห่งพระราชบัญญัติวิชาชีพบัญชี พ.ศ. 2547",นายกสภาวิชาชีพบัญชีและกรรมการพ้นจากตำแหน่ง เมื่อ (1) เมื่อครบวาระ (2) ตาย (3) ลาออก (4) พ้นจากสมาชิกภาพของสมาชิกสภาวิชาชีพบัญชี (5) ขาดคุณสมบัติหรือมีลักษณะต้องห้ามตามข้อบังคับสภาวิชาชีพบัญชี (6) รัฐมนตรีมีคำสั่งให้พ้นจากตำแหน่งตามกฎหมาย,"นายกสภาวิชาชีพบัญชีและกรรมการพ้นจากตำแหน่ง เมื่อ (1) เมื่อครบวาระ (2) ตาย (3) ลาออก (4) พ้นจากสมาชิกภาพของสมาชิกสภาวิชาชีพบัญชี (5) ขาดคุณสมบัติหรือมีลักษณะต้องห้ามตามข้อบังคับสภาวิชาชีพบัญชี (6) รัฐมนตรีมีคำสั่งให้พ้นจากตำแหน่งตามกฎหมาย 

คำอธิบายขยายความ: พระราชบัญญัติวิชาชีพบัญชี พ.ศ. 2547 มาตรา 24 นอกจากการพ้นจากตำแหน่งตามวาระ ให้นายกสภาวิชาชีพบัญชีและกรรมการตามมาตรา 22 (3) และ (4) พ้นจากตำแหน่ง เมื่อ (1) ตาย (2) ลาออก (3) พ้นจากสมาชิกภาพของสมาชิกสภาวิชาชีพบัญชี (4) ขาดคุณสมบัติหรือมีลักษณะต้องห้ามตามข้อบังคับสภาวิชาชีพบัญชี (5) รัฐมนตรีมีคำสั่งให้พ้นจากตำแหน่งตามมาตรา 63",1303,174,1477,0.13368059997446835,3.6880912000196986,3.821771799994167,1,0,0.6666666666666666,1.0,0.8333333333333334,0.8333333333333334,0.9513095617294312
325,sparse_rag,อายุความสิทธิกล่าวหาผู้ประกอบวิชาชีพบัญชี,อายุความสิทธิเรียกร้องจากกรณีการกล่าวหาผู้ประกอบวิชาชีพบัญชี ให้เริ่มนับตั้งแต่ขณะที่สามารถบังคับสิทธิเรียกร้องได้ ตามมาตรา 193/12 แห่งประมวลกฎหมายแพ่งและพาณิชย์ และหากไม่มีการกำหนดไว้เฉพาะ ให้มีกำหนดอายุความสิบปี ตามมาตรา 193/30 แห่งประมวลกฎหมายแพ่งและพาณิชย์,สิทธิการกล่าวหาสิ้นสุดลงเมื่อพ้น1 ปีนับแต่วันที่ผู้ได้รับความเสียหายหรือผู้กล่าวหารู้เรื่องการประพฤติผิดจรรยาบรรณและรู้ตัวผู้ประพฤติผิดจรรยาบรรณ ทั้งนี้ ไม่เกิน 3 ปีนับแต่วันที่มีการประพฤติผิดจรรยาบรรณนั้น,สิทธิการกล่าวหาสิ้นสุดลงเมื่อพ้น1 ปีนับแต่วันที่ผู้ได้รับความเสียหายหรือผู้กล่าวหารู้เรื่องการประพฤติผิดจรรยาบรรณและรู้ตัวผู้ประพฤติผิดจรรยาบรรณ ทั้งนี้ ไม่เกิน 3 ปีนับแต่วันที่มีการประพฤติผิดจรรยาบรรณนั้น,811,138,949,0.13366499997209758,3.3992345000151545,3.532899499987252,0,0,0.0,0.0,0.0,0.0,0.7730104327201843
326,sparse_rag,โรงงานหรืออาคารควบคุมใดที่มีผู้รับผิดชอบด้านพลังงานประจำแต่ละแห่ง แต่ไม่มีคุณสมบัติตามที่กฎกระทรวงกำหนด จะถือว่ามีความผิดหรือไม่,ตามพระราชบัญญัติการส่งเสริมการอนุรักษ์พลังงาน พ.ศ. 2535 มาตรา 9 วรรคสอง และมาตรา 21 ซึ่งบัญญัติให้รัฐมนตรีมีอำนาจออกกฎกระทรวงกำหนดคุณสมบัติของผู้รับผิดชอบด้านพลังงานในโรงงานควบคุมและอาคารควบคุม ดังนั้น หากเจ้าของโรงงานหรืออาคารควบคุมมีผู้รับผิดชอบด้านพลังงานประจำแต่ไม่มีคุณสมบัติตามที่กฎกระทรวงกำหนด ถือว่าไม่ปฏิบัติตามข้อกำหนดที่กฎหมายบัญญัติไว้ และอาจถือว่ามีความผิดได้,มีความผิด เพราะเจ้าหน้าที่ผู็มีความรับชอบด้านพลังงานที่ประจำแต่ละแห่งจะต้องมีคุณสมบัติตามที่กฎกระทรวงกำหนดด้วย,"มีความผิด เพราะเจ้าหน้าที่ผู็มีความรับชอบด้านพลังงานที่ประจำแต่ละแห่งจะต้องมีคุณสมบัติตามที่กฎกระทรวงกำหนดด้วย

คำอธิบาย : พระราชบัญญัติการส่งเสริมการอนุรักษ์พลังงาน พ.ศ. 2535 มาตรา 55 เจ้าของโรงงานควบคุม เจ้าของอาคารควบคุม หรือผู้รับผิดชอบด้านพลังงานผู้ใดไม่ปฏิบัติตามกฎกระทรวงที่ออกตามความในมาตรา 9 หรือมาตรา 21 มีความผิดทางพินัยต้องชำระค่าปรับเป็นพินัยไม่เกินสองแสนบาท*",1332,198,1530,0.13964850001502782,4.563653899997007,4.703302400012035,1,0,0.6666666666666666,0.0,0.0,0.0,0.9033632278442383
327,sparse_rag,ค่าธรรมเนียมพิเศษการใช้ไฟ้ฟ้าคิดจากอะไร,ค่าธรรมเนียมพิเศษการใช้ไฟฟ้าตามพระราชบัญญัติการส่งเสริมการอนุรักษ์พลังงาน พ.ศ. 2535 มาตรา 43 คิดจากความแตกต่างระหว่างอัตราค่าไฟฟ้าที่โรงงานควบคุมหรืออาคารควบคุมชำระให้แก่การไฟฟ้ากับต้นทุนรวมในการผลิตและจ่ายไฟฟ้า ซึ่งรวมถึงค่าลงทุน ค่าเชื้อเพลิง ค่าบำรุงรักษา ค่าบริหาร ความสูญเสียในระบบไฟฟ้า และค่าใช้จ่ายอื่น ๆ ที่เกี่ยวข้องกับการประกอบกิจการไฟฟ้า รวมถึงผลกระทบต่อสิ่งแวดล้อมหรือประชาชนที่ไม่เป็นภาระโดยตรงของผู้ประกอบการไฟฟ้าด้วย,คิดจากปริมาณไฟฟ้าที่ซื้อหรือได้มาจากการไฟฟ้าฝ่ายผลิตแห่งประเทศไทย การไฟฟ้านครหลวง หรือการไฟฟ้าส่วนภูมิภาค,"คิดจากปริมาณไฟฟ้าที่ซื้อหรือได้มาจากการไฟฟ้าฝ่ายผลิตแห่งประเทศไทย การไฟฟ้านครหลวง หรือการไฟฟ้าส่วนภูมิภาค

คำอธิบาย : พระราชบัญญัติการส่งเสริมการอนุรักษ์พลังงาน พ.ศ. 2535 มาตรา 42 เมื่อพ้นกำหนดสามปีนับแต่วันที่กฎกระทรวงที่ออกตามมาตรา 9 (1) หรือมาตรา 21 (1) ใช้บังคับ ในกรณีที่เป็นโรงงานควบคุมหรืออาคารควบคุมก่อนหรือในวันที่กฎกระทรวงดังกล่าวใช้บังคับ หรือนับแต่วันที่เป็นโรงงานควบคุมหรืออาคารควบคุมในกรณีเป็นโรงงานควบคุมหรืออาคารควบคุมหลังวันที่กฎกระทรวงดังกล่าวใช้บังคับ ถ้าเจ้าของโรงงานควบคุม หรือเจ้าของอาคารควบคุมผู้ใดไม่ปฏิบัติตามกฎกระทรวงดังกล่าว ต้องชำระค่าธรรมเนียมพิเศษการใช้ไฟฟ้าตามหมวดนี้
ค่าธรรมเนียมพิเศษการใช้ไฟฟ้าตามวรรคหนึ่งจะเรียกเก็บจากโรงงานควบคุมหรืออาคารควบคุมตามปริมาณไฟฟ้าที่ซื้อหรือได้มาจากการไฟฟ้าฝ่ายผลิตแห่งประเทศไทย การไฟฟ้านครหลวง หรือการไฟฟ้าส่วนภูมิภาค โดยให้ถือว่ามีผลบังคับเช่นเดียวกับการเรียกเก็บค่าไฟฟ้าตามกฎหมายว่าด้วยการไฟฟ้าฝ่ายผลิตแห่งประเทศไทย กฎหมายว่าด้วยการไฟฟ้านครหลวง หรือกฎหมายว่าด้วยการไฟฟ้าส่วนภูมิภาค แล้วแต่กรณี",1420,229,1649,0.13494630000786856,4.6259597999742255,4.760906099982094,0,0,0.0,0.0,0.0,0.0,0.8706338405609131
328,sparse_rag,การอุทธรณ์ใบแจ้งชำระค่าธรรมเนียมพิเศษการใช้ไฟฟ้า ทำให้ไม่ต้องจ่ายเงินค่าธรรมเนียมพิเศษการใช้ไฟใช่หรือไม่,การยื่นคำอุทธรณ์ใบแจ้งชำระค่าธรรมเนียมพิเศษการใช้ไฟฟ้า ไม่ทำให้ผู้ถูกเรียกเก็บค่าธรรมเนียมพิเศษการใช้ไฟฟ้าได้รับการยกเว้นการชำระเงินในระหว่างรอผลการพิจารณาอุทธรณ์ เนื่องจากมาตรา 44 แห่งพระราชบัญญัติการส่งเสริมการอนุรักษ์พลังงาน พ.ศ. 2535 กำหนดให้ภาระการชำระค่าธรรมเนียมพิเศษเริ่มมีผลตั้งแต่วันที่หนึ่งของเดือนถัดไปนับแต่วันที่ได้รับแจ้งจากอธิบดี แม้จะมีการอุทธรณ์ก็ตาม ดังนั้น ต้องชำระตามใบแจ้งจนกว่าจะมีคำสั่งสิ้นสุดการอุทธรณ์ที่ยกเลิกการเรียกเก็บ,ไม่ใช่,"ไม่ใช่ การอุทธรณ์ไม่ได้เป็นผลให้มีการยกเลิกการบังคับนั้น เพียงแต่สามารถชะลอไว้เป็นการชั่วคราวได้หากรัฐมนตรีมีคำสั่ง

คำอธิบาย : พระราชบัญญัติการส่งเสริมการอนุรักษ์พลังงาน พ.ศ. 2535 มาตรา 51 ผู้ได้รับหนังสือแจ้งตามมาตรา 44 วรรคหนึ่งผู้ใดไม่เห็นด้วยกับหนังสือแจ้งให้อุทธรณ์ต่อรัฐมนตรีภายในสามสิบวันนับแต่วันที่ได้รับแจ้ง
การอุทธรณ์ไม่เป็นเหตุทุเลาการบังคับตามกฎหมาย เว้นแต่รัฐมนตรีจะเห็นสมควรให้มีการทุเลาการบังคับตามกฎหมายนั้นไว้ชั่วคราว",1465,264,1729,0.13637159997597337,5.591849000018556,5.728220599994529,1,0,0.5,0.0,0.0,0.0,0.8095493316650391
329,sparse_rag,ค่ำสั่งยุติการเก็บค่าธรรมเนียมพิเศษการใช้ไฟฟ้ามีผลเมื่อใด,คำสั่งยุติการเก็บค่าธรรมเนียมพิเศษการใช้ไฟฟ้าตามมาตรา 46 แห่งพระราชบัญญัติการส่งเสริมการอนุรักษ์พลังงาน พ.ศ. 2535 มีผลใช้บังคับตั้งแต่วันที่หนึ่งของเดือนถัดไปนับจากวันที่มีคำสั่ง.,เมื่อมีคำสั่งออกมาจะมีผลบังคับใช้ในวันที่ 1 ของเดือนถัดไป,"เมื่อมีคำสั่งออกมาจะมีผลบังคับใช้ในวันที่ 1 ของเดือนถัดไป

คำอธิบาย : พระราชบัญญัติการส่งเสริมการอนุรักษ์พลังงาน พ.ศ. 2535 มาตรา 46 
คำสั่งยุติการเก็บค่าธรรมเนียมพิเศษการใช้ไฟฟ้าตามวรรคสอง ให้มีผลใช้บังคับตั้งแต่วันที่หนึ่งของเดือนถัดไป",1389,111,1500,0.13892549998126924,2.16477939998731,2.3037048999685794,1,0,0.3333333333333333,1.0,0.0,0.0,0.9564467668533325
330,sparse_rag,คณะกรรมการกองทุนมีอำนาจหน้าที่ใดบ้าง,"ตามพระราชบัญญัติการส่งเสริมการอนุรักษ์พลังงาน พ.ศ. 2535 มาตรา 28 คณะกรรมการกองทุนมีอำนาจหน้าที่ดังต่อไปนี้  
(1) เสนอแนวทาง หลักเกณฑ์ เงื่อนไข และลำดับความสำคัญของการใช้จ่ายเงินกองทุนตามวัตถุประสงค์ที่กำหนดไว้ในมาตรา 25 ต่อคณะกรรมการนโยบายพลังงานแห่งชาติ  
(2) พิจารณาจัดสรรเงินกองทุนเพื่อใช้ตามวัตถุประสงค์ที่กำหนดไว้ในมาตรา 25 ทั้งนี้ ตามแนวทาง หลักเกณฑ์ เงื่อนไข และลำดับความสำคัญที่คณะกรรมการนโยบายพลังงานแห่งชาติกำหนดตามมาตรา 4 (4)  
(3) กำหนดระเบียบเกี่ยวกับหลักเกณฑ์และวิธีการขอจัดสรร ขอเงินช่วยเหลือ หรือขอเงินอุดหนุนจากกองทุน  
(4) เสนออัตราการส่งเงินเข้ากองทุนสำหรับน้ำมันเชื้อเพลิงต่อคณะกรรมการนโยบายพลังงานแห่งชาติ  
(5) เสนอชนิดของน้ำมันเชื้อเพลิงที่ได้รับยกเว้นไม่ต้องส่งเงินเข้ากองทุนต่อคณะกรรมการนโยบายพลังงานแห่งชาติ  
(6) กำหนดอัตราค่าธรรมเนียมพิเศษโดยความเห็นชอบของคณะกรรมการนโยบายพลังงานแห่งชาติ  
(7) ยกเว้นค่าธรรมเนียมพิเศษ  
(8) พิจารณาอนุมัติคำขอรับการส่งเสริมและช่วยเหลือตามมาตรา 40 (2) ตามแนวทาง หลักเกณฑ์และเงื่อนไขที่คณะกรรมการนโยบายพลังงานแห่งชาติกำหนดตามมาตรา 4 (8)  
(9) กำหนดระเบียบเกี่ยวกับหลักเกณฑ์และวิธีการขอรับการส่งเสริมและช่วยเหลือตามมาตรา 41  
(10) ปฏิบัติการอื่นใดตามที่กำหนดไว้ในพระราชบัญญัตินี้  

การกำหนดตามข้อ (3), (7) และ (9) ต้องประกาศในราชกิจจานุเบกษา",มีหน้าที่ในการเสนอแนวทาง หลักเกณฑ์ เงื่อนไข และลำดับความสำคัญของการใช้จ่ายเงินกองทุนต่อคณะกรรมการนโยบายพลังงานแห่งชาติ เพื่อกำหนดระเบียบเกี่ยวกับหลักเกณฑ์และวิธีการรับการสนับสนุนและพิจารณาจัดสรรเงินกองทุน ตลอดจนเสนออัตราเงินเข้ากองทุนและค่าธรรมเนียมพิเศษการใช้ไฟฟ้าโดยความเห็นชอบของคณะกรรมการนโยบายพลังงานแห่งชาติ.,"มีหน้าที่ในการเสนอแนวทาง หลักเกณฑ์ เงื่อนไข และลำดับความสำคัญของการใช้จ่ายเงินกองทุนต่อคณะกรรมการนโยบายพลังงานแห่งชาติ เพื่อกำหนดระเบียบเกี่ยวกับหลักเกณฑ์และวิธีการรับการสนับสนุนและพิจารณาจัดสรรเงินกองทุน ตลอดจนเสนออัตราเงินเข้ากองทุนและค่าธรรมเนียมพิเศษการใช้ไฟฟ้าโดยความเห็นชอบของคณะกรรมการนโยบายพลังงานแห่งชาติ

คำอธิบาย : พระราชบัญญัติการส่งเสริมการอนุรักษ์พลังงาน พ.ศ. 2535 มาตรา 28 ให้คณะกรรมการกองทุนมีอำนาจหน้าที่ดังต่อไปนี้
(1) เสนอแนวทาง หลักเกณฑ์ เงื่อนไข และลำดับความสำคัญของการใช้จ่ายเงินกองทุนตามวัตถุประสงค์ที่กำหนดไว้ในมาตรา 25 ต่อคณะกรรมการนโยบายพลังงานแห่งชาติ
(2) พิจารณาจัดสรรเงินกองทุนเพื่อใช้ตามวัตถุประสงค์ที่กำหนดไว้ในมาตรา 25 ทั้งนี้ ตามแนวทาง หลักเกณฑ์ เงื่อนไข และลำดับความสำคัญที่คณะกรรมการนโยบายพลังงานแห่งชาติกำหนดตามมาตรา 4 (4)
(3) กำหนดระเบียบเกี่ยวกับหลักเกณฑ์และวิธีการขอจัดสรร ขอเงินช่วยเหลือ หรือขอเงินอุดหนุนจากกองทุน
(4) เสนออัตราการส่งเงินเข้ากองทุนสำหรับน้ำมันเชื้อเพลิงต่อคณะกรรมการนโยบายพลังงานแห่งชาติ
(5) เสนอชนิดของน้ำมันเชื้อเพลิงที่ได้รับยกเว้นไม่ต้องส่งเงินเข้ากองทุนต่อคณะกรรมการนโยบายพลังงานแห่งชาติ
(6) กำหนดอัตราค่าธรรมเนียมพิเศษโดยความเห็นชอบของคณะกรรมการนโยบายพลังงานแห่งชาติ
(7) ยกเว้นค่าธรรมเนียมพิเศษ
(8) พิจารณาอนุมัติคำขอรับการส่งเสริมและช่วยเหลือตามมาตรา 40 (2) ตามแนวทาง หลักเกณฑ์และเงื่อนไขที่คณะกรรมการนโยบายพลังงานแห่งชาติกำหนดตามมาตรา 4 (8)
(9) กำหนดระเบียบเกี่ยวกับหลักเกณฑ์และวิธีการขอรับการส่งเสริมและช่วยเหลือตามมาตรา 41
(10) ปฏิบัติการอื่นใดตามที่กำหนดไว้ในพระราชบัญญัตินี้
การกำหนดตาม (3) (7) และ (9) ให้ประกาศในราชกิจจานุเบกษา",1549,613,2162,0.13495229999534786,12.471443200018257,12.606395500013605,1,0,0.2,1.0,0.0,0.0,0.965087890625
331,sparse_rag,หากกรรมการผู้ทรงคุณวุฒิต้องโทษจำคุกต้องออกจากตำแหน่งไหม,ตามมาตรา 30 แห่งพระราชบัญญัติการส่งเสริมการอนุรักษ์พลังงาน พ.ศ. 2535 กรรมการผู้ทรงคุณวุฒิพ้นจากตำแหน่งเมื่อได้รับโทษจำคุกโดยคำพิพากษาถึงที่สุด ยกเว้นเป็นโทษสำหรับความผิดที่ได้กระทำโดยประมาทหรือความผิดลหุโทษ,ต้องออกตำแหน่ง เว้นแต่โทษนั้นจะเป็นโทษสำหรับความผิดที่ได้กระทำโดยประมาท หรือเป็นความผิดลหุโทษ,"ต้องออกตำแหน่ง เว้นแต่โทษนั้นจะเป็นโทษสำหรับความผิดที่ได้กระทำโดยประมาท หรือเป็นความผิดลหุโทษ

คำอธิบาย : พระราชบัญญัติการส่งเสริมการอนุรักษ์พลังงาน พ.ศ. 2535 มาตรา 30 นอกจากการพ้นจากตำแหน่งตามวาระตามมาตรา 29 กรรมการผู้ทรงคุณวุฒิพ้นจากตำแหน่งเมื่อ
(1) ตาย
(2) ลาออก
(3) คณะรัฐมนตรีให้ออกเพราะบกพร่อง หรือไม่สุจริตต่อหน้าที่ หรือหย่อนความสามารถ
(4) เป็นบุคคลล้มละลาย
(5) เป็นคนไร้ความสามารถหรือคนเสมือนไร้ความสามารถ
(6) ได้รับโทษจำคุกโดยคำพิพากษาถึงที่สุดให้จำคุก เว้นแต่เป็นโทษสำหรับความผิดที่ได้กระทำโดยประมาทหรือความผิดลหุโทษ",1673,116,1789,0.1390075000235811,2.659878199978266,2.798885700001847,1,0,0.5,1.0,0.0,0.0,0.8909071683883667
332,sparse_rag,การไม่ส่งเงินเข้ากองทุนหรือส่งไม่ครบมีโทษยังไง,ผู้ใดไม่ส่งเงินเข้ากองทุนหรือส่งเงินเข้ากองทุนไม่ครบตามจำนวนที่ต้องส่ง ต้องระวางโทษจำคุกตั้งแต่สามเดือนถึงสองปี หรือปรับตั้งแต่หนึ่งแสนบาทถึงสิบล้านบาท หรือทั้งจำทั้งปรับ ตามมาตรา 58 แห่งพระราชบัญญัติการส่งเสริมการอนุรักษ์พลังงาน พ.ศ. 2535,มีโทษจำคุกตั้งแต่สามเดือนถึงสองปี หรือปรับตั้งแต่หนึ่งแสนบาทถึงสิบล้านบาท หรือทั้งจำทั้งปรับ,"มีโทษจำคุกตั้งแต่สามเดือนถึงสองปี หรือปรับตั้งแต่หนึ่งแสนบาทถึงสิบล้านบาท หรือทั้งจำทั้งปรับ

คำอธิบาย : พระราชบัญญัติการส่งเสริมการอนุรักษ์พลังงาน พ.ศ. 2535 มาตรา 58 ผู้ใดไม่ส่งเงินเข้ากองทุนหรือส่งเงินเข้ากองทุนไม่ครบตามจำนวนที่ต้องส่งตามมาตรา 35 มาตรา 36 หรือมาตรา 37 ต้องระวางโทษจำคุกตั้งแต่สามเดือนถึงสองปี หรือปรับตั้งแต่หนึ่งแสนบาทถึงสิบล้านบาท หรือทั้งจำทั้งปรับ",1686,143,1829,0.13876770000206307,3.0599145999876782,3.1986822999897413,1,0,0.25,1.0,0.0,0.0,0.9683908820152283
333,sparse_rag,รัฐมนตรีมีสิทธิยื้อคำอุทธรณ์ไว้หรือไม่,รัฐมนตรีมีสิทธิยื้อคำอุทธรณ์ไว้ได้เฉพาะในกรณีที่รัฐมนตรีโดยคำแนะนำของคณะกรรมการสั่งทุเลาการบังคับตามคำสั่งอธิบดี ตามมาตรา 20 แห่งพระราชบัญญัติการประกอบธุรกิจของคนต่างด้าว พ.ศ. 2542 ซึ่งการอุทธรณ์ไม่เป็นการทุเลาการบังคับเอง แต่ต้องอาศัยคำสั่งทุเลาจากผู้มีอำนาจเท่านั้น,ไม่มีสิทธิ,"ไม่มีสิทธิ หลังจากรัฐมนตรีได้รับคำอุทธรณ์แล้วนั้นจะต้องพิจารณาโดยเร็ว

คำอธิบาย : พระราชบัญญัติการส่งเสริมการอนุรักษ์พลังงาน พ.ศ. 2535 มาตรา 52 การพิจารณาอุทธรณ์ตามมาตรา 50 และมาตรา 51 ให้รัฐมนตรีพิจารณาโดยเร็ว
คำวินิจฉัยของรัฐมนตรีให้เป็นที่สุด",1420,164,1584,0.1426727999933064,2.921249400009401,3.0639222000027075,0,0,0.0,0.0,0.0,0.0,0.8120794892311096
334,sparse_rag,เงินจำนวนใดให้ถือว่าเป็นรายจ่ายตามประมวลรัษฎากร ตามที่บัญญัติไว้ใน พระราชบัญญัติการส่งเสริมการอนุรักษ์พลังงาน พ.ศ. 2535,ตามมาตรา 39 แห่งพระราชบัญญัติการส่งเสริมการอนุรักษ์พลังงาน พ.ศ. 2535 เงินที่ส่งเข้ากองทุนตามมาตรา 35 มาตรา 36 และมาตรา 37 ให้ถือว่าเป็นรายจ่ายตามประมวลรัษฎากร,"1. เงินที่ส่งเข้ากองทุนจากการที่ผู้ซื้อหรือได้มาซึ่งก๊าซจากผู้รับสัมปทานตามกฎหมายว่าด้วยการปิโตรเลียมซึ่งเป็นผู้ผลิตได้จากการแยกก๊าซธรรมชาติ
2. เงินที่ส่งเข้ากองทุนจากการที่ผู้นำเข้าน้ำมันเชื้อเพลิงเพื่อใช้ในราชอาณาจักรส่งเงินเข้ากองทุนตามปริมาณน้ำมันเชื้อเพลิงที่นำเข้ามาเพื่อใช้ในราชอาณาจักรในอัตราที่คณะกรรมการนโยบายพลังงานแห่งชาติกำหนด.","1. เงินที่ส่งเข้ากองทุน จากการที่ผู้ซื้อหรือได้มาซึ่งก๊าซจากผู้รับสัมปทานตามกฎหมายว่าด้วยการปิโตรเลียมซึ่งเป็นผู้ผลิตได้จากการแยกก๊าซธรรมชาติ
2.เงินที่ส่งเข้ากองทุนจากการที่ผู้นำเข้าน้ำมันเชื้อเพลิงเพื่อใช้ในราชอาณาจักรส่งเงินเข้ากองทุนตามปริมาณน้ำมันเชื้อเพลิงที่นำเข้ามาเพื่อใช้ในราชอาณาจักรในอัตราที่คณะกรรมการนโยบายพลังงานแห่งชาติกำหนด

อธิบาย : พระราชบัญญัติการส่งเสริมการอนุรักษ์พลังงาน พ.ศ. 2535 มาตรา 39 เงินที่ส่งเข้ากองทุนตามมาตรา 35 มาตรา 36 และมาตรา 37 ให้ถือว่าเป็นรายจ่ายตามประมวลรัษฎากร
พระราชบัญญัติการส่งเสริมการอนุรักษ์พลังงาน พ.ศ. 2535 มาตรา 37 ให้ผู้ซื้อหรือได้มาซึ่งก๊าซจากผู้รับสัมปทานตามกฎหมายว่าด้วยการปิโตรเลียมซึ่งเป็นผู้ผลิตได้จากการแยกก๊าซธรรมชาติ ส่งเงินเข้ากองทุนในอัตราที่คณะกรรมการนโยบายพลังงานแห่งชาติกำหนด
การส่งเงินเข้ากองทุนตามวรรคหนึ่ง ให้ส่งแก่กรมเชื้อเพลิงธรรมชาติ*พร้อมกับการชำระค่าภาคหลวงสำหรับก๊าซ ถ้ามี ทั้งนี้ ตามระเบียบที่กรมเชื้อเพลิงธรรมชาติ*กำหนด
พระราชบัญญัติการส่งเสริมการอนุรักษ์พลังงาน พ.ศ. 2535 มาตรา 36 ให้ผู้นำเข้าน้ำมันเชื้อเพลิงเพื่อใช้ในราชอาณาจักรส่งเงินเข้ากองทุนตามปริมาณน้ำมันเชื้อเพลิงที่นำเข้ามาเพื่อใช้ในราชอาณาจักรในอัตราที่คณะกรรมการนโยบายพลังงานแห่งชาติกำหนด
การส่งเงินเข้ากองทุนตามวรรคหนึ่ง ให้ส่งแก่กรมศุลกากรพร้อมกับการชำระค่าภาษีอากรสำหรับน้ำมันเชื้อเพลิงนั้น ถ้ามี ทั้งนี้ ตามระเบียบที่กรมศุลกากรกำหนด",1254,92,1346,0.15146439999807626,2.1576919999788515,2.309156399976928,1,0,0.25,1.0,0.0,0.0,0.7842763066291809
335,sparse_rag,คณะกรรมการนโยบายพลังงานแห่งชาติมีหน้าที่เสนอนโยบาย หรือมาตรการใดต่อคณะรัฐมนตรีเกี่ยวกับการอนุรักษ์พลังงานหรือไม่,"คณะกรรมการนโยบายพลังงานแห่งชาติมีหน้าที่เสนอ ""นโยบาย เป้าหมาย หรือมาตรการเกี่ยวกับการอนุรักษ์พลังงาน"" ต่อคณะรัฐมนตรี ตามมาตรา 4 (1) แห่งพระราชบัญญัติการส่งเสริมการอนุรักษ์พลังงาน พ.ศ. 2535",มี คณะกรรมการนโยบายพลังงานแห่งชาติมีหน้าที่เสนอนโยบาย เป้าหมาย หรือมาตรการที่เกี่ยวกับการอนุรักษ์พลังงาน,"มี คณะกรรมการนโยบายพลังงานแห่งชาติมีหน้าที่เสนอนโยบาย เป้าหมาย หรือมาตรการที่เกี่ยวกับการอนุรักษ์พลังงาน
คำอธิบาย :  ตามมาตรา 4 ของพระราชบัญยัติการส่งเสริมการอนุรักษ์พลังงานให้คณะกรรมการนโยบายพลังงานแห่งชาติมีอำนาจ ดังต่อไปนี้  (1) เสนอนโยบาย เป้าหมาย หรือมาตรการเกี่ยวกับการอนุรักษ์พลังงานต่อคณะรัฐมนตรี",2450,96,2546,0.13659839995671064,2.3355386000475846,2.4721370000042953,1,0,0.07692307692307693,1.0,0.0,0.0,0.9579262733459473
336,sparse_rag,เจ้าของอาคารต้องจัดการพลังงานในอาคารควบคุมอย่างไร,ตามพระราชบัญญัติการส่งเสริมการอนุรักษ์พลังงาน พ.ศ. 2535 มาตรา 21 รัฐมนตรีมีอำนาจออกกฎกระทรวงกำหนดมาตรฐาน หลักเกณฑ์ และวิธีการจัดการพลังงานให้เจ้าของอาคารควบคุมต้องปฏิบัติตาม และให้จัดให้มีผู้รับผิดชอบด้านพลังงานประจำในอาคารควบคุมแต่ละแห่ง พร้อมกำหนดคุณสมบัติและหน้าที่ของผู้นั้นด้วย,เจ้าของอาคารต้องปฏิบัติตามมาตรฐาน หลักเกณฑ์ วิธีการที่รัฐมนตรีออกเป็นกฎกระทรวงในการจัดการพลังงาน,"เจ้าของอาคารต้องปฏิบัติตามมาตรฐาน หลักเกณฑ์ วิธีการที่รัฐมนตรีออกเป็นกฎกระทรวงในการจัดการพลังงาน

คำอธิบาย : พระราชบัญญัติการส่งเสริมการอนุรักษ์พลังงาน พ.ศ. 2535 มาตรา 21 เพื่อประโยชน์ในการอนุรักษ์พลังงานในอาคารควบคุม ให้รัฐมนตรีโดยคำแนะนำของคณะกรรมการนโยบายพลังงานแห่งชาติ มีอำนาจออกกฎกระทรวงในเรื่องดังต่อไปนี้
(1) กำหนดมาตรฐาน หลักเกณฑ์ และวิธีการจัดการพลังงานให้เจ้าของอาคารควบคุมต้องปฏิบัติ
(2) กำหนดให้เจ้าของอาคารควบคุมต้องจัดให้มีผู้รับผิดชอบด้านพลังงานประจำในอาคารควบคุมแต่ละแห่ง ตลอดจนกำหนดคุณสมบัติและหน้าที่ของผู้รับผิดชอบด้านพลังงาน
ให้นำมาตรา 9 วรรคสองและมาตรา 10 มาใช้บังคับโดยอนุโลม",1034,148,1182,0.13804379996145144,3.3654970999923535,3.503540899953805,1,0,0.3333333333333333,0.5,0.0,0.0,0.9287339448928833
337,sparse_rag,หากโรงงานควบคุมหรืออาคารควบคุมได้รับหนังสือแจ้งให้ชำระค่าธรรมเนียมพิเศษการใช้ไฟฟ้าจะต้องทำอย่างไร,หากโรงงานควบคุมหรืออาคารควบคุมได้รับหนังสือแจ้งให้ชำระค่าธรรมเนียมพิเศษการใช้ไฟฟ้า ต้องชำระค่าธรรมเนียมดังกล่าวตั้งแต่วันที่หนึ่งของเดือนถัดไปนับจากวันที่ได้รับแจ้ง ตามมาตรา 44 แห่งพระราชบัญญัติการส่งเสริมการอนุรักษ์พลังงาน พ.ศ. 2535,จะต้องชำระค่าธรรมเนียมการใช้ไฟฟ้าให้แก่การไฟฟ้า โดยให้มีผลตั้งแต่วันที่ 1 ของเดือนถัดไปนับจากวันที่ได้รับแจ้งเป็นหนังสือจากอธิบดี,"จะต้องชำระค่าธรรมเนียมการใช้ไฟฟ้าให้แก่การไฟฟ้า โดยให้มีผลตั้งแต่วันที่ 1 ของเดือนถัดไปนับจากวันที่ได้รับแจ้งเป็นหนังสือจากอธิบดี

คำอธิบาย : พระราชบัญญัติการส่งเสริมการอนุรักษ์พลังงาน พ.ศ. 2535 มาตรา 44 เมื่อมีกรณีที่ต้องดำเนินการเรียกเก็บค่าธรรมเนียมพิเศษ การใช้ไฟฟ้าตามมาตรา 42 ให้อธิบดีมีหนังสือแจ้งให้เจ้าของโรงงานควบคุมหรือเจ้าของอาคารควบคุมที่จะต้องชำระค่าธรรมเนียมพิเศษการใช้ไฟฟ้าทราบ และให้ภาระการชำระค่าธรรมเนียมพิเศษการใช้ไฟฟ้าเริ่มมีผลตั้งแต่วันที่หนึ่งของเดือนถัดไปนับแต่วันที่ได้รับแจ้งจากอธิบดี
ให้การไฟฟ้าฝ่ายผลิตแห่งประเทศไทย การไฟฟ้านครหลวง หรือการไฟฟ้าส่วนภูมิภาค เป็นผู้จัดเก็บค่าธรรมเนียมพิเศษการใช้ไฟฟ้าจากโรงงานควบคุมหรืออาคารควบคุมที่ซื้อหรือได้ไปจากตนพร้อมกับการจัดเก็บค่าไฟฟ้าปกติประจำเดือน และนำส่งกองทุนภายในสามสิบวันนับแต่วันที่ได้รับค่าธรรมเนียมพิเศษการใช้ไฟฟ้า",1399,126,1525,0.1357844000449404,2.628979699977208,2.7647641000221483,1,0,0.5,1.0,0.0,0.0,0.876369833946228
338,sparse_rag,ผู้ใดมีสิทธิขอรับการส่งเสริมและเงินช่วยเหลือในการอนุรักษ์พลังงานในเครื่องจักรหรืออุปกรณ์,ผู้ที่มีสิทธิขอรับการส่งเสริมและเงินช่วยเหลือในการอนุรักษ์พลังงานในเครื่องจักรหรืออุปกรณ์ ได้แก่ โรงงานควบคุมหรืออาคารควบคุมที่ต้องจัดให้มีการอนุรักษ์พลังงาน รวมถึงผู้ผลิตหรือผู้จำหน่ายเครื่องจักรหรืออุปกรณ์ที่มีประสิทธิภาพสูง หรือวัสดุเพื่อการอนุรักษ์พลังงาน ตามมาตรา 40 แห่งพระราชบัญญัติการส่งเสริมการอนุรักษ์พลังงาน พ.ศ. 2535 และผู้ผลิตหรือผู้จำหน่ายที่เครื่องจักรหรืออุปกรณ์นั้นเป็นเครื่องจักรหรืออุปกรณ์ที่มีประสิทธิภาพสูงตามที่กำหนดในกฎกระทรวงตามมาตรา 23 วรรคสอง แห่งพระราชบัญญัติดังกล่าว,ผู้ผลิตและผู้จำหน่ายเครื่องจักรหรืออุปกรณ์ หรือวัสดุหรืออุปกรณ์เพื่อการอนุรักษ์พลังงานที่มีประสิทธิภาพสูง,"ผู้ผลิตและผู้จำหน่ายเครื่องจักรหรืออุปกรณ์ หรือวัสดุหรืออุปกรณ์เพื่อการอนุรักษ์พลังงานที่มีประสิทธิภาพสูง

คำอธิบาย : พระราชบัญญัติการส่งเสริมการอนุรักษ์พลังงาน พ.ศ. 2535 มาตรา 23 เพื่อประโยชน์ในการอนุรักษ์พลังงานในเครื่องจักร หรืออุปกรณ์ รวมทั้งให้มีการส่งเสริมการใช้วัสดุหรืออุปกรณ์เพื่อการอนุรักษ์พลังงาน ให้รัฐมนตรีโดยคำแนะนำของคณะกรรมการนโยบายพลังงานแห่งชาติ มีอำนาจออกกฎกระทรวงในเรื่องดังต่อไปนี้
(1) กำหนดมาตรฐานด้านประสิทธิภาพการใช้พลังงานของเครื่องจักร หรืออุปกรณ์
(2) กำหนดเครื่องจักร หรืออุปกรณ์ตามประเภท ขนาด ปริมาณการใช้พลังงาน อัตราการเปลี่ยนแปลงพลังงาน และประสิทธิภาพการใช้พลังงานอย่างใด เป็นเครื่องจักร หรืออุปกรณ์ที่มีประสิทธิภาพสูง
(3) กำหนดวัสดุหรืออุปกรณ์เพื่อการอนุรักษ์พลังงานตามประเภท คุณภาพและมาตรฐานอย่างใด เป็นวัสดุหรืออุปกรณ์เพื่อการอนุรักษ์พลังงาน
(4) กำหนดให้ผู้ผลิตและผู้จำหน่ายเครื่องจักร หรืออุปกรณ์ ต้องแสดงค่าประสิทธิภาพการใช้พลังงาน
ผู้ผลิตและผู้จำหน่ายเครื่องจักรหรืออุปกรณ์ หรือวัสดุหรืออุปกรณ์เพื่อการอนุรักษ์พลังงานที่มีประสิทธิภาพสูงตามวรรคหนึ่ง (2) หรือ (3) มีสิทธิขอรับการส่งเสริมและช่วยเหลือตามมาตรา 40 ได้",1868,271,2139,0.1381048000184819,5.828592500009108,5.96669730002759,1,1,1.0,0.5,0.0,0.0,0.9004045128822327
339,sparse_rag,โรงงานหรืออาคารที่จัดให้มีการอนุรักษ์พลังงานสามารถขอรับการช่วยเหลืออะไรได้บ้าง,"โรงงานหรืออาคารที่จัดให้มีการอนุรักษ์พลังงานสามารถขอรับการช่วยเหลือได้ 2 อย่าง ได้แก่  
(1) ขอรับยกเว้นค่าธรรมเนียมพิเศษตามพระราชบัญญัติการส่งเสริมการอนุรักษ์พลังงาน พ.ศ. 2535 มาตรา 40  
(2) ขอรับเงินช่วยเหลือหรือเงินอุดหนุนจากกองทุนตามมาตรา 25 แห่งพระราชบัญญัติดังกล่าว",ขอรับยกเว้นค่าธรรมเนียมพิเศษตามพระราชบัญญัติการส่งเสริมการอนุรักษ์พลังงาน และ ขอรับเงินช่วยเหลือหรือเงินอุดหนุนจากกองทุน,"ขอรับยกเว้นค่าธรรมเนียมพิเศษตามพระราชบัญญัติการส่งเสริมการอนุรักษ์พลังงาน และ ขอรับเงินช่วยเหลือหรือเงินอุดหนุนจากกองทุน

คำอธิบาย : พระราชบัญญัติการส่งเสริมการอนุรักษ์พลังงาน พ.ศ. 2535 มาตรา 40 โรงงานควบคุมหรืออาคารควบคุมที่จะต้องจัดให้มีการอนุรักษ์พลังงาน รวมทั้งมีเครื่องจักร อุปกรณ์ เครื่องมือ เครื่องใช้ และวัสดุที่จำเป็นเพื่อการนั้น ๆ หรือผู้ผลิตหรือผู้จำหน่ายเครื่องจักรหรืออุปกรณ์ที่มีประสิทธิภาพสูงหรือวัสดุเพื่อใช้ในการอนุรักษ์พลังงาน มีสิทธิขอรับการส่งเสริมและช่วยเหลือได้ดังต่อไปนี้
(1) ขอรับยกเว้นค่าธรรมเนียมพิเศษตามพระราชบัญญัตินี้
(2) ขอรับเงินช่วยเหลือหรือเงินอุดหนุนจากกองทุนตามมาตรา 25",1442,146,1588,0.13501960004214197,2.8524682999704964,2.9874879000126384,1,0,0.5,1.0,0.0,0.0,0.9052054286003113
340,sparse_rag,หากผู้ที่มีหน้าที่นำส่งเงินเข้ากองทุน ไม่ส่งเงินเข้ากองทุนจะมีความผิดหรือไม่,หากผู้ที่มีหน้าที่นำส่งเงินเข้ากองทุนไม่ส่งเงินเข้ากองทุนหรือส่งไม่ครบตามจำนวนที่ต้องส่งภายในเวลาที่กำหนด ถือว่ามีความผิดตามมาตรา 38 แห่งพระราชบัญญัติการส่งเสริมการอนุรักษ์พลังงาน พ.ศ. 2535 อย่างไรก็ตาม ผู้นั้นจะไม่ถือว่ามีความผิด หากได้ดำเนินการส่งเงินตามจำนวนที่ต้องส่งหรือตามจำนวนที่ขาด พร้อมเงินเพิ่มตามอัตราที่กำหนดไว้ในมาตราดังกล่าว ภายในระยะเวลาที่กำหนด,มีความผิด แต่จะไม่มีความผิดหากได้ดำเนินการตามข้อใดข้อหนึ่งต่อไปนี้ 1. ผู้นำส่งรู้ตัวและนำส่งเงินให้แก่หน่วยงานที่เกี่ยวข้องพร้อมค่าปรับในอัตราร้อยละ 3 ต่อเดือนของจำนวนเงินที่ต้องนำส่งหรือจำนวนที่ขาดนับตั้งแต่วันที่ครบกำหนดต้องนำส่งจนกว่าจะนำส่งครบถ้วน 2. ได้รับหนังสือจากหน่วยงานที่เกี่ยวข้อง และนำเงินส่งเข้ากองทุนภายในระยะเวลาที่กำหนด พร้อมทั้งค่าปรับในอัตราร้อยละ 6 ต่อเดือนของจำนวนเงินที่ต้องนำส่งหรือจำนวนที่ขาดนับแต่วันที่ครบกำหนดจนกว่าจะนำส่งครบถ้วน,"มีความผิด แต่จะไม่มีความผิดหากได้ดำเนินการตามข้อใดข้อหนึ่งต่อไปนี้
1. ผู้นำส่งรู้ตัวและนำส่งเงินให้แก่หน่วยงานที่เกี่ยวข้องพร้อมค่าปรับในอัตราร้อยละ 3 ต่อเดือนของจำนวนเงินที่ต้องนำส่งหรือจำนวนที่ขาดนับตั้งแต่วันที่ครบกำหนดต้องนำส่งจนกว่าจะนำส่งครบถ้วน
2. ได้รับหนังสือจากหน่วยงานที่เกี่ยวข้อง และนำเงินส่งเข้ากองทุนภายในระยะเวลาที่กำหนด พร้อมทั้งค่าปรับในอัตราร้อยละ 6 ต่อเดือนของจำนวนเงินที่ต้องนำส่งหรือจำนวนที่ขาดนับแต่วันที่ครบกำหนดจนกว่าจะนำส่งครบถ้วน

คำอธิบาย : พระราชบัญญัติการส่งเสริมการอนุรักษ์พลังงาน พ.ศ. 2535 มาตรา 38 ในกรณีที่ผู้มีหน้าที่ส่งเงินเข้ากองทุนตามมาตรา 35 มาตรา 36 หรือมาตรา 37 ไม่ส่งเงินเข้ากองทุนหรือส่งเงินเข้ากองทุนไม่ครบตามจำนวนที่ต้องส่งกองทุนภายในเวลาที่กำหนดแก่กรมสรรพสามิตสำหรับผู้ผลิตน้ำมันเชื้อเพลิง ณ โรงกลั่นและจำหน่ายเพื่อใช้ในราชอาณาจักร หรือกรมศุลกากรสำหรับผู้นำเข้าน้ำมันเชื้อเพลิง หรือกรมเชื้อเพลิงธรรมชาติสำหรับผู้ที่ซื้อหรือได้มาซึ่งก๊าซจากผู้รับสัมปทานตามกฎหมายว่าด้วยการปิโตรเลียมให้กรมสรรพสามิต หรือกรมศุลกากร หรือกรมเชื้อเพลิงธรรมชาติ แล้วแต่กรณี ดำเนินคดีตามมาตรา 58 โดยเร็ว เว้นแต่ในกรณีดังต่อไปนี้
(1) ในกรณีที่ผู้นั้นเห็นเองว่าตนมีกรณีดังกล่าว ให้ผู้นั้นส่งเงินตามจำนวนที่ต้องส่งหรือตามจำนวนที่ขาด พร้อมทั้งเงินเพิ่มในอัตราร้อยละสามต่อเดือนของจำนวนเงินดังกล่าวนับแต่วันที่ครบกำหนดส่งเงินเข้ากองทุนจนกว่าจะครบแก่กรมสรรพสามิต กรมศุลกากร หรือกรมเชื้อเพลิงธรรมชาติ แล้วแต่กรณี
(2) ในกรณีที่กรมสรรพสามิต กรมศุลกากร หรือกรมเชื้อเพลิงธรรมชาติ แล้วแต่กรณี ตรวจพบว่ามีกรณีดังกล่าว และแจ้งเป็นหนังสือให้ผู้มีหน้าที่ส่งเงินเข้ากองทุนส่งเงินเข้ากองทุนภายในระยะเวลาที่กำหนด และผู้นั้นได้ส่งเงินตามจำนวนที่ต้องส่งหรือตามจำนวนที่ขาด พร้อมทั้งเงินเพิ่มในอัตราร้อยละหกต่อเดือนของจำนวนเงินดังกล่าวนับแต่วันที่ครบกำหนดส่งเงินเข้ากองทุนจนกว่าจะครบแก่กรมสรรพสามิตกรมศุลกากร หรือกรมเชื้อเพลิงธรรมชาติ แล้วแต่กรณี ภายในระยะเวลาที่กำหนด
เมื่อผู้มีหน้าที่ส่งเงินเข้ากองทุนได้ดำเนินการตามที่กำหนดไว้ใน (1) หรือ (2) ผู้นั้นไม่มีความผิด
ให้ถือว่าเงินเพิ่มเป็นเงินที่ต้องส่งเข้ากองทุนด้วย และในการคำนวณระยะเวลาเพื่อการคำนวณเงินเพิ่มตาม (1) หรือ (2) นั้น หากมีเศษของเดือนให้นับเป็นหนึ่งเดือน",1843,187,2030,0.13452189997769892,3.079073500004597,3.213595399982296,1,0,0.2,1.0,0.0,0.0,0.8062416315078735
341,sparse_rag,หลังจากโรงงานหรืออาคารควบคุมมีการขออุทธรณ์หนังสือแจ้งผลการผ่อนผันแล้วนั้นกรมพัฒนาและส่งเสริมพลังงานจะต้องทำอย่างไรต่อไป,ไม่พบข้อมูลที่ตรงกับคำถามในฐานข้อมูลกฎหมายที่มีอยู่,กรมพัฒนาและส่งเสริมพลังงานจะต้องรอจนกว่าจะมีคำวินิจฉัยของรัฐมนตรีและได้แจ้งคำวินิจฉัยนั้นให้แก่โรงงานหรืออาคารควบคุมทราบแล้ว,"กรมพัฒนาและส่งเสริมพลังงานจะต้องรอจนกว่าจะมีคำวินิจฉัยของรัฐมนตรีและได้แจ้งคำวินิจฉัยนั้นให้แก่โรงงานหรืออาคารควบคุมทราบแล้ว

คำอธิบาย : พระราชบัญญัติการส่งเสริมการอนุรักษ์พลังงาน พ.ศ. 2535 มาตรา 50 ผู้ได้รับหนังสือแจ้งผลตามมาตรา 8 วรรคสามผู้ใดไม่เห็นด้วยกับหนังสือแจ้งดังกล่าว ให้อุทธรณ์ต่อรัฐมนตรีภายในสามสิบวันนับแต่วันที่ได้รับแจ้ง
ในกรณีเช่นว่านี้ ให้กรมพัฒนาและส่งเสริมพลังงานรอการดำเนินการไว้ก่อนจนกว่าจะมีคำวินิจฉัยของรัฐมนตรีและแจ้งคำวินิจฉัยให้ผู้ยื่นคำร้องทราบแล้ว",1489,24,1513,0.13519919995451346,0.5800172000308521,0.7152163999853656,1,0,0.5,0.0,0.0,0.0,0.6248403787612915
342,sparse_rag,ใครเป็นผู้มีอำนาจออกคำสั่งให้เจ้าของโรงงานควบคุมแจ้งข้อเท็จจริงเกี่ยวกับการใช้พลังงาน,ตามมาตรา 10 แห่งพระราชบัญญัติการส่งเสริมการอนุรักษ์พลังงาน พ.ศ. 2535 อธิบดีมีอำนาจออกคำสั่งให้เจ้าของโรงงานควบคุมแจ้งข้อเท็จจริงเกี่ยวกับการใช้พลังงานเพื่อตรวจสอบการอนุรักษ์พลังงาน,อธิบดีกรมพัฒนาพลังงานทดแทน และอนุรักษ์พลังงาน,"อธิบดีกรมพัฒนาพลังงานทดแทน และอนุรักษ์พลังงาน

คำอธิบาย : คำอธิบาย : พระราชบัญญัติการส่งเสริมการอนุรักษ์พลังงาน พ.ศ. 2535 มาตรา 10 ในกรณีที่มีเหตุอันสมควร อธิบดีมีอำนาจออกคำสั่งให้เจ้าของโรงงานควบคุมรายใดแจ้งข้อเท็จจริงเกี่ยวกับการใช้พลังงานเพื่อตรวจสอบให้การอนุรักษ์พลังงานเป็นไปตามมาตรฐาน หลักเกณฑ์และวิธีการที่กำหนดในกฎกระทรวงที่ออกตามมาตรา 9 และให้เจ้าของโรงงานควบคุมรายนั้นปฏิบัติตามภายในสามสิบวันนับแต่วันที่ได้รับคำสั่งนั้น",1249,98,1347,0.13220320001710206,1.7373223999748006,1.8695255999919027,1,0,0.5,1.0,0.0,0.0,0.8803766965866089
343,sparse_rag,การกำหนดว่าอาคารใดเป็นอาคารควบคุมนั้นสามารถทำได้เมื่อใด,การกำหนดว่าอาคารใดเป็นอาคารควบคุมนั้นทำได้โดยการออกพระราชกฤษฎีกา ตามมาตรา 18 แห่งพระราชบัญญัติการส่งเสริมการอนุรักษ์พลังงาน พ.ศ. 2535,สามารถทำได้เมื่อมีการตราเป็นพระราชกฤษฎีกา และได้ลงประกาศในพระราชกิจจานุเบกษามาแล้วไม่น้อยกว่า 120 วัน,"สามารถทำได้เมื่อมีการตราเป็นพระราชกฤษฎีกา และได้ลงประกาศในพระราชกิจจานุเบกษามาแล้วไม่น้อยกว่า 120 วัน

คำอธิบาย : พระราชบัญญัติการส่งเสริมการอนุรักษ์พลังงาน พ.ศ. 2535 มาตรา 18 การกำหนดอาคารประเภทใด ขนาด ปริมาณการใช้พลังงาน และวิธีการใช้พลังงานอย่างใดให้เป็นอาคารควบคุม ให้ตราเป็นพระราชกฤษฎีกา
ให้นำมาตรา 8 วรรคสองและวรรคสามมาใช้บังคับโดยอนุโลม

มาตรา 8 วรรคสอง พระราชกฤษฎีกาตามวรรคหนึ่งให้ใช้บังคับเมื่อพ้นกำหนดหนึ่งร้อยยี่สิบวันนับแต่วันประกาศในราชกิจจานุเบกษา",911,70,981,0.1258928999886848,1.317609200021252,1.4435021000099368,1,0,0.5,1.0,0.0,0.0,0.8604940176010132
344,sparse_rag,กฎหมายกำหนดโทษไว้อย่างไรสำหรับโณงงานหรืออาคารควบคุมที่แจ้งเหตุผลเท็จในการผ่อนผันใช้ระดับพลังงานต่ำ,ตามมาตรา 53 แห่งพระราชบัญญัติการส่งเสริมการอนุรักษ์พลังงาน พ.ศ. 2535 เจ้าของโรงงานควบคุมที่แจ้งรายละเอียดหรือเหตุผลตามมาตรา 8 วรรคสาม อันเป็นเท็จ ต้องระวางโทษจำคุกไม่เกินสามเดือน หรือปรับไม่เกินหนึ่งแสนห้าหมื่นบาท หรือทั้งจำทั้งปรับ,ต้องระวางโทษจำคุกไม่เกินสามเดือน หรือปรับไม่เกินหนึ่งแสนห้าหมื่นบาท หรือทั้งจำทั้งปรับ,"ต้องระวางโทษจำคุกไม่เกินสามเดือน หรือรับไม่เกินหนึ่งแสนห้าหมื่นบาท หรือทั้งจำทั้งปรับ

คำอธิบาย : พระราชบัญญัติการส่งเสริมการอนุรักษ์พลังงาน พ.ศ. 2535 มาตรา 53 เจ้าของโรงงานควบคุมแห่งใดแจ้งรายละเอียดหรือเหตุผลตามมาตรา 8 วรรคสาม อันเป็นเท็จ ต้องระวางโทษจำคุกไม่เกินสามเดือน หรือปรับไม่เกินหนึ่งแสนห้าหมื่นบาท หรือทั้งจำทั้งปรับ",1188,131,1319,0.06973709998419508,2.262343700043857,2.332080800028052,1,1,1.0,1.0,0.0,0.0,0.9724206924438477
345,sparse_rag,การกำหนดประเภท หรือขนาดของอาคารที่จะมีการก่อสร้างหรือดัดแปลง และ กำหนดมาตรฐาน หลักเกณฑ์ และวิธีการออกแบบอาคาร สามารถนำมาใช้บังคับกับการควบคุมอาคารตามกฎหมายควบคุมอาคารได้ไหม,ได้ ตามมาตรา 20 แห่งพระราชบัญญัติการส่งเสริมการอนุรักษ์พลังงาน พ.ศ. 2535 หากคณะกรรมการควบคุมอาคารได้พิจารณาให้ความเห็นชอบแล้ว ให้ถือว่ากฎกระทรวงที่ออกตามมาตรา 19 แห่งพระราชบัญญัติดังกล่าวมีผลเสมือนเป็นกฎกระทรวงที่ออกตามมาตรา 8 แห่งพระราชบัญญัติควบคุมอาคาร พ.ศ. 2522 และให้ผู้มีอำนาจหน้าที่ตามกฎหมายว่าด้วยการควบคุมอาคารมีอำนาจควบคุมดูแลให้การก่อสร้างหรือดัดแปลงอาคารเป็นไปตามกฎกระทรวงนั้น,ได้ ต่อเมื่อคณะกรรมการควบคุมอาคารให้ความเห็นชอบแล้ว,"ได้ ต่อเมื่อคณะกรรมการควบคุมอาคารให้ความเห็นชอบแล้ว

คำอธิบาย : พระราชบัญญัติการส่งเสริมการอนุรักษ์พลังงาน พ.ศ. 2535 มาตรา 20 ในการออกกฎกระทรวงตามมาตรา 19 ถ้าคณะกรรมการควบคุมอาคารตามกฎหมายว่าด้วยการควบคุมอาคารได้พิจารณาให้ความเห็นชอบที่จะนำมาใช้บังคับกับการควบคุมอาคารตามกฎหมายว่าด้วยการควบคุมอาคารด้วยแล้ว ให้ถือว่ากฎกระทรวงดังกล่าวมีผลเสมือนเป็นกฎกระทรวงที่ออกตามมาตรา 8 แห่งพระราชบัญญัติควบคุมอาคาร พ.ศ. 2522 และให้บรรดาผู้มีอำนาจหน้าที่ตามกฎหมายว่าด้วยการควบคุมอาคารมีอำนาจหน้าที่ควบคุมดูแลให้การก่อสร้างหรือดัดแปลงอาคารเป็นไปตามกฎกระทรวงดังกล่าว และในกรณีเช่นว่านี้ แม้ว่าอาคารที่เข้าลักษณะเป็นอาคารควบคุมจะอยู่ในท้องที่ที่ยังมิได้มีพระราชกฤษฎีกาใช้บังคับกฎหมายว่าด้วยการควบคุมอาคารก็ตาม ให้ถือว่าอยู่ในบังคับแห่งกฎหมายว่าด้วยการควบคุมอาคารด้วย ทั้งนี้ เฉพาะในขอบเขตที่เกี่ยวข้องเพื่อประโยชน์ในการปฏิบัติตามพระราชบัญญัตินี้",1389,193,1582,0.1466268000076525,2.479369200009387,2.6259960000170395,1,1,1.0,1.0,0.0,0.0,0.9232873320579529
346,sparse_rag,สมาคมที่ไม่ได้จดทะเบียนต่อนายทะเบียนภายในระยะเวลาที่กำหนด จะมีความรับผิดอย่างไร,สมาคมที่ไม่ได้จดทะเบียนข้อบังคับที่แก้ไขเพิ่มเติม หรือการแต่งตั้งหรือเปลี่ยนแปลงกรรมการต่อนายทะเบียนภายในระยะเวลาที่กำหนด มีความผิดทางพินัย ต้องชำระค่าปรับไม่เกินหนึ่งหมื่นบาท ตามมาตรา 53 และมาตรา 54 แห่งพระราชบัญญัติกำหนดความผิดเกี่ยวกับห้างหุ้นส่วนจดทะเบียน ห้างหุ้นส่วนจำกัด บริษัทจำกัด สมาคม และมูลนิธิ พ.ศ. 2499,"ต้องชำระค่าปรับเป็นพินัยไม่เกิน 10,000 บาท","ต้องชำระค่าปรับเป็นพินัยไม่เกิน 10,000 บาท ตามมาตรา 54 แห่งพระราชบัญญัติกำหนดความผิดเกี่ยวกับห้างหุ้นส่วนจดทะเบียน ห้างหุ้นส่วนจำกัด บริษัทจำกัด สมาคม และมูลนิธิ พ.ศ. 2499 สมาคมใดมิได้จดทะเบียนการแต่งตั้งหรือเปลี่ยนแปลงกรรมการของสมาคมต่อนายทะเบียนภายในระยะเวลาที่กำหนดตามมาตรา 85 แห่งประมวลกฎหมายแพ่งและพาณิชย์ มีความผิดทางพินัยต้องชำระค่าปรับเป็นพินัยไม่เกินหนึ่งหมื่นบาท*",1090,173,1263,0.13166400004411116,3.0858155000023544,3.2174795000464655,1,0,0.5,0.5,0.0,0.0,0.9540573954582214
347,sparse_rag,หากบุคคลโอนทรัพย์สินของสมาคมที่เหลืออยู่ไปให้แก่บุคคลอื่นจะมีความผิดและต้องรับโทษอย่างไรบ้าง,ผู้ใดโอนทรัพย์สินของสมาคมที่เหลืออยู่เมื่อได้ชำระบัญชีแล้วให้แก่บุคคลอื่นอันเป็นการฝ่าฝืนมาตรา 107 แห่งประมวลกฎหมายแพ่งและพาณิชย์ ต้องระวางโทษจำคุกไม่เกินหนึ่งปี หรือปรับไม่เกินสองหมื่นบาท หรือทั้งจำทั้งปรับ ตามมาตรา 58 แห่งพระราชบัญญัติกำหนดความผิดเกี่ยวกับห้างหุ้นส่วนจดทะเบียน ห้างหุ้นส่วนจำกัด บริษัทจำกัด สมาคม และมูลนิธิ พ.ศ. 2499,"ต้องรับโทษจำคุกไม่เกิน 1 ปี หรือปรับไม่เกิน 20,000 บาท หรือทั้งจำทั้งปรับ","ต้องรับโทษจำคุกไม่เกิน 1 ปี หรือปรับไม่เกิน 20,000 บาท หรือทั้งจำทั้งปรับ   ตามพระราชบัญญัติกำหนดความผิดเกี่ยวกับห้างหุ้นส่วนจดทะเบียน ห้างหุ้นส่วนจำกัด บริษัทจำกัด สมาคม และมูลนิธิ พ.ศ. 2499 มาตรา 58 หากบุคคลแบ่งทรัพย์สินของสมาคมที่เหลืออยู่เมื่อได้ชำระบัญชีแล้วให้แก่สมาชิกของสมาคม หรือโอนทรัพย์สินนั้นให้แก่บุคคลอื่น ต้องรับโทษจำคุกไม่เกิน 1 ปี หรือปรับไม่เกิน 20,000 บาท หรือทั้งจำทั้งปรับ",1187,198,1385,0.13482269999803975,3.498674300033599,3.633497000031639,1,0,0.5,1.0,0.0,0.0,0.9404910802841187
348,sparse_rag,ถ้าต้องเรียกประชุมวิสามัญแต่กรรมการบริษัทไม่เรียกประชุม มีความผิดไหม,ใช่ มีความผิดตามพระราชบัญญัติกำหนดความผิดเกี่ยวกับห้างหุ้นส่วนจดทะเบียน ห้างหุ้นส่วนจำกัด บริษัทจำกัด สมาคม และมูลนิธิ พ.ศ. 2499 มาตรา 27 ซึ่งกำหนดว่า กรรมการของบริษัทจำกัดที่ไม่เรียกประชุมวิสามัญตามมาตรา 1172 วรรคสอง หรือมาตรา 1174 วรรคหนึ่ง แห่งประมวลกฎหมายแพ่งและพาณิชย์ มีความผิดทางพินัย ต้องชำระค่าปรับไม่เกินสองหมื่นบาท,กรรมการใดของบริษัทจำกัดไม่เรียกประชุมวิสามัญตามกฎหมาย มีความผิดทางพินัยต้องชำระค่าปรับเป็นพินัยไม่เกินสองหมื่นบาท,กรรมการใดของบริษัทจำกัดไม่เรียกประชุมวิสามัญตามกฎหมาย มีความผิดทางพินัยต้องชำระค่าปรับเป็นพินัยไม่เกินสองหมื่นบาท   พระราชบัญญัติกำหนดความผิดเกี่ยวกับห้างหุ้นส่วนจดทะเบียน ห้างหุ้นส่วนจำกัด บริษัทจำกัด สมาคม และมูลนิธิ พ.ศ. 2499 มาตรา 27 กรรมการใดของบริษัทจำกัดไม่เรียกประชุมวิสามัญตามมาตรา 1172 วรรคสอง หรือมาตรา 1174 วรรคหนึ่ง แห่งประมวลกฎหมายแพ่งและพาณิชย์ มีความผิดทางพินัยต้องชำระค่าปรับเป็นพินัยไม่เกินสองหมื่นบาท*,1030,185,1215,0.13215130002936348,2.7848728999961168,2.9170242000254802,1,0,0.3333333333333333,1.0,0.0,0.0,0.9637645483016968
349,sparse_rag,ถ้าบริษัทจำกัดไม่มีสมุดทะเบียนผู้ถือหุ้น มีความผิดไหม,ใช่ บริษัทจำกัดที่ไม่มีสมุดทะเบียนผู้ถือหุ้นตามมาตรา 1138 แห่งประมวลกฎหมายแพ่งและพาณิชย์ มีความผิดทางพินัย ต้องชำระค่าปรับไม่เกินสองหมื่นบาท ตามมาตรา 10 แห่งพระราชบัญญัติกำหนดความผิดเกี่ยวกับห้างหุ้นส่วนจดทะเบียน ห้างหุ้นส่วนจำกัด บริษัทจำกัด สมาคม และมูลนิธิ พ.ศ. 2499,"มีความผิดทางพินัยต้องชำระค่าปรับเป็นพินัยไม่เกิน 20,000 บาท","มีความผิดทางพินัยต้องชำระค่าปรับเป็นพินัยไม่เกิน 20,000 บาท",1213,154,1367,0.16118060000007972,2.9922205000184476,3.1534011000185274,1,0,0.5,1.0,0.0,0.0,0.8142738938331604
350,sparse_rag,ถ้าเป็นกรรมการบริษัทจำกัด ไม่ส่งบัญชีรายชื่อผู้ขาดจากการเป็นผู้ถือหุ้น มีความผิดตามไหม,ใช่ กรรมการบริษัทจำกัดที่ไม่ส่งสำเนาบัญชีรายชื่อผู้ที่ขาดจากเป็นผู้ถือหุ้นตามมาตรา 1139 วรรคสอง แห่งประมวลกฎหมายแพ่งและพาณิชย์ มีความผิดตามมาตรา 26 แห่งพระราชบัญญัติกำหนดความผิดเกี่ยวกับห้างหุ้นส่วนจดทะเบียน ห้างหุ้นส่วนจำกัด บริษัทจำกัด สมาคม และมูลนิธิ พ.ศ. 2499 ซึ่งต้องระวางโทษปรับไม่เกินหนึ่งหมื่นบาท,กรรมการบริษัทไม่ส่งสำเนาบัญชีรายชื่อผู้ถือหุ้นและผู้ที่ขาดจากเป็นผู้ถือหุ้นตามประมวลกฎหมายแพ่งและพาณิชย์ มีความผิดทางพินัยต้องชำระค่าปรับเป็นพินัยไม่เกินหนึ่งหมื่นบาท,กรรมการบริษัทไม่ส่งสำเนาบัญชีรายชื่อผู้ถือหุ้นและผู้ที่ขาดจากเป็นผู้ถือหุ้นตามประมวลกฎหมายแพ่งและพาณิชย์ มีความผิดทางพินัยต้องชำระค่าปรับเป็นพินัยไม่เกินหนึ่งหมื่นบาท คำอธิบายขยายความ: พระราชบัญญัติกำหนดความผิดเกี่ยวกับห้างหุ้นส่วนจดทะเบียน ห้างหุ้นส่วนจำกัด บริษัทจำกัด สมาคม และมูลนิธิ พ.ศ. 2499 มาตรา 26 กรรมการใดของบริษัทจำกัดไม่ส่งสำเนาบัญชีรายชื่อผู้ถือหุ้นและผู้ที่ขาดจากเป็นผู้ถือหุ้นตามมาตรา 1139 วรรคสอง แห่งประมวลกฎหมายแพ่งและพาณิชย์ มีความผิดทางพินัยต้องชำระค่าปรับเป็นพินัยไม่เกินหนึ่งหมื่นบาท*,1264,178,1442,0.13603009999496862,4.032723499985877,4.168753599980846,1,1,1.0,1.0,0.0,0.0,0.9341319799423218
351,sparse_rag,สมาคมที่ไม่ได้จดทะเบียนข้อบังคับที่มีการแก้ไขเพิ่มเติมต่อนายทะเบียนตามระยะเวลาที่กำหนด จะมีความผิดอย่างไร,สมาคมที่ไม่ได้จดทะเบียนข้อบังคับที่มีการแก้ไขเพิ่มเติมต่อนายทะเบียนภายในระยะเวลาที่กำหนด ตามมาตรา 84 แห่งประมวลกฎหมายแพ่งและพาณิชย์ จะมีความผิดทางพินัย ตามมาตรา 53 แห่งพระราชบัญญัติกำหนดความผิดเกี่ยวกับห้างหุ้นส่วนจดทะเบียน ห้างหุ้นส่วนจำกัด บริษัทจำกัด สมาคม และมูลนิธิ พ.ศ. 2499 ต้องชำระค่าปรับไม่เกินหนึ่งหมื่นบาท,มีความผิดทางพินัยต้องชำระค่าปรับเป็นพินัยไม่เกินหนึ่งหมื่นบาท,"มีความผิดทางพินัยต้องชำระค่าปรับเป็นพินัยไม่เกินหนึ่งหมื่นบาท
คำอธิบายขยายความ : มาตรา 53 แห่งพระราชบัญญัติกำหนดความผิดเกี่ยวกับห้างหุ้นส่วนจดทะเบียน ห้างหุ้นส่วนจำกัด บริษัทจำกัด สมาคม และมูลนิธิ พ.ศ. 2499 สมาคมใดมิได้จดทะเบียนข้อบังคับที่ได้แก้ไขเพิ่มเติมต่อนายทะเบียนภายในระยะเวลาที่กำหนดตามมาตรา 84 แห่งประมวลกฎหมายแพ่งและพาณิชย์ มีความผิดทางพินัยต้องชำระค่าปรับเป็นพินัยไม่เกินหนึ่งหมื่นบาท",1077,173,1250,0.13651830004528165,2.7844262000289746,2.920944500074256,1,1,1.0,1.0,0.0,0.0,0.9568440914154053
352,sparse_rag,หากบริษัทจำกัดไม่รักษาสมุดทะเบียนผู้ถือหุ้น มีความผิดหรือไม่,ใช่ มีความผิดตามมาตรา 11 แห่งพระราชบัญญัติกำหนดความผิดเกี่ยวกับห้างหุ้นส่วนจดทะเบียน ห้างหุ้นส่วนจำกัด บริษัทจำกัด สมาคม และมูลนิธิ พ.ศ. 2499 ซึ่งบัญญัติว่า บริษัทจำกัดที่ไม่รักษาสมุดทะเบียนผู้ถือหุ้น มีความผิดทางพินัย ต้องชำระค่าปรับไม่เกินสองหมื่นบาท,"มีความผิดทางพินัย ต้องชำระค่าปรับเป็นพินัย ไม่เกิน 20,000 บาท","มีความผิดทางพินัย ต้องชำระค่าปรับเป็นพินัย ไม่เกิน 20,000 บาท  

ตามมาตรา 11 พระราชบัญญัติกำหนดความผิดเกี่ยวกับห้างหุ้นส่วนจดทะเบียน ห้างหุ้นส่วนจำกัด บริษัทจำกัด สมาคม และมูลนิธิ พ.ศ. 2499 บริษัทจำกัดใดไม่รักษาสมุดทะเบียนผู้ถือหุ้น หรือเมื่อผู้ถือหุ้นร้องขอไม่เปิดสมุดทะเบียนให้ผู้ถือหุ้นดูตามมาตรา 1139 วรรคหนึ่ง แห่งประมวลกฎหมายแพ่งและพาณิชย์ มีความผิดทางพินัยต้องชำระค่าปรับเป็นพินัยไม่เกินสองหมื่นบาท",1265,150,1415,0.13690679997671396,2.5648600999847986,2.7017668999615125,1,1,1.0,1.0,0.0,0.0,0.9291538000106812
353,sparse_rag,กรณีที่ผู้ชำระบัญชีแบ่งคืนทรัพย์สินทั้งหมดของบริษัทให้แก่ผู้ถือหุ้น โดยไม่แบ่งไปชำระหนี้ของบริษัท มีความผิดหรือไม่,ผู้ชำระบัญชีมีความผิดตามประมวลกฎหมายแพ่งและพาณิชย์ มาตรา 1269 เนื่องจากทรัพย์สินของบริษัทต้องไม่ถูกแบ่งคืนให้แก่ผู้ถือหุ้นก่อนที่จะชำระหนี้ของบริษัทให้ครบถ้วน และหากมีการแบ่งทรัพย์สินทั้งหมดให้ผู้ถือหุ้นโดยไม่ชำระหนี้ก่อน ถือว่าฝ่าฝืนบทบัญญัติดังกล่าว,มีความผิดทางพินัยต้องชำระค่าปรับเป็นพินัยไม่เกินสองหมื่นบาท,มีความผิดทางพินัยต้องชำระค่าปรับเป็นพินัยไม่เกินสองหมื่นบาท  ตามพระราชบัญญัติกำหนดความผิดเกี่ยวกับห้างหุ้นส่วนจดทะเบียน ห้างหุ้นส่วนจำกัด บริษัทจำกัด สมาคม และมูลนิธิ พ.ศ. 2499 มาตรา 37  ผู้ชำระบัญชีใดของห้างหุ้นส่วนจดทะเบียน ห้างหุ้นส่วนจำกัดหรือบริษัทจำกัด แบ่งคืนทรัพย์สินโดยฝ่าฝืนมาตรา 1269 แห่งประมวลกฎหมายแพ่งและพาณิชย์ มีความผิดทางพินัยต้องชำระค่าปรับเป็นพินัยไม่เกินสองหมื่นบาท,1006,149,1155,0.14382960001239553,2.7011263000313193,2.844955900043715,1,0,0.5,0.0,0.0,0.0,0.8384014964103699
354,sparse_rag,ถ้าไม่ยอมให้เจ้าหน้าที่เข้าไปตรวจสอบกิจการ มีความผิดไหม,หากไม่ยอมให้เจ้าหน้าที่เข้าไปตรวจสอบกิจการ อาจมีความผิดตามมาตรา 122 วรรคสอง แห่งพระราชบัญญัติการประกอบกิจการพลังงาน พ.ศ. 2550 ซึ่งบัญญัติว่า พนักงานเจ้าหน้าที่มีอำนาจเข้าไปตรวจสอบกิจการ สมุดบัญชี เอกสารหลักฐาน หรือข้อมูลที่เกี่ยวข้องในสถานประกอบกิจการพลังงานได้ และหากผู้รับใบอนุญาตไม่ยอมให้เข้าตรวจสอบ ถือว่าฝ่าฝืนบทบัญญัติดังกล่าว ซึ่งอาจถูกดำเนินคดีตามกฎหมายได้,ต้องระวางโทษจำคุกไม่เกินหนึ่งเดือน หรือปรับไม่เกินหนึ่งหมื่นบาท หรือทั้งจำทั้งปรับ,มาตรา 65 ผู้ใดฝ่าฝืนหรือไม่ปฏิบัติตามคำสั่งของนายทะเบียนหรือพนักงานเจ้าหน้าที่ซึ่งสั่งตามมาตรา 128 วรรคหนึ่ง (1) แห่งประมวลกฎหมายแพ่งและพาณิชย์ หรือไม่อำนวยความสะดวกแก่นายทะเบียนหรือพนักงานเจ้าหน้าที่ซึ่งเข้าไปตรวจสอบกิจการของมูลนิธิตามมาตรา 128 วรรคหนึ่ง (2) แห่งประมวลกฎหมายแพ่งและพาณิชย์ ต้องระวางโทษจำคุกไม่เกินหนึ่งเดือน หรือปรับไม่เกินหนึ่งหมื่นบาท หรือทั้งจำทั้งปรับ,1493,195,1688,0.1417430000146851,3.5409889000002295,3.6827319000149146,0,0,0.0,0.0,0.0,0.0,0.7814559936523438
355,sparse_rag,ถ้าคณะกรรมการของสมาคมไม่แจ้งการยกเลิกสมาคมต่อนายทะเบียนภายในระยะเวลาที่กำหนดจะเสียค่าปรับเท่าไร,หากคณะกรรมการของสมาคมไม่แจ้งการเลิกสมาคมต่อนายทะเบียนภายในระยะเวลาที่กำหนด กรรมการนั้นมีความผิดทางพินัยต้องชำระค่าปรับไม่เกินคนละหนึ่งหมื่นบาท ตามมาตรา 57 แห่งพระราชบัญญัติกำหนดความผิดเกี่ยวกับห้างหุ้นส่วนจดทะเบียน ห้างหุ้นส่วนจำกัด บริษัทจำกัด สมาคม และมูลนิธิ พ.ศ. 2499,กรรมการของสมาคมนั้นมีความผิดทางพินัยต้องชำระค่าปรับเป็นพินัยไม่เกินคนละหนึ่งหมื่นบาท,กรรมการของสมาคมนั้นมีความผิดทางพินัยต้องชำระค่าปรับเป็นพินัยไม่เกินคนละหนึ่งหมื่นบาท,1200,136,1336,0.1446976000443101,2.022564999992028,2.167262600036338,1,0,0.5,1.0,0.0,0.0,0.9114376306533813
356,sparse_rag,กรณีมูลนิธิไม่ปฏิบัติตามมาตรา 113 แห่งประมวลกฎหมายแพ่งและพาณิชย์ มีความผิดหรือไม่,มีความผิดตามพระราชบัญญัติกำหนดความผิดเกี่ยวกับห้างหุ้นส่วนจดทะเบียน ห้างหุ้นส่วนจำกัด บริษัทจำกัด สมาคม และมูลนิธิ พ.ศ. 2499 มาตรา 62 ซึ่งกำหนดให้มูลนิธิที่ไม่ปฏิบัติตามมาตรา 113 แห่งประมวลกฎหมายแพ่งและพาณิชย์ มีความผิดทางพินัย ต้องชำระค่าปรับไม่เกินสองหมื่นบาท และค่าปรับรายวันไม่เกินห้าร้อยบาท จนกว่าจะปฏิบัติให้ถูกต้อง,"มีความผิดทางพินัย โดยต้องชำระค่าปรับเป็นพินัยไม่เกิน 20,000 บาท และชำระค่าปรับเป็นพินัยอีกวันละไม่เกิน 500 บาท จนกว่าจะได้ปฏิบัติให้ถูกต้อง","มีความผิดทางพินัย โดยต้องชำระค่าปรับเป็นพินัยไม่เกิน 20,000 บาท และชำระค่าปรับเป็นพินัยอีกวันละไม่เกิน 500 บาท จนกว่าจะได้ปฏิบัติให้ถูกต้อง คำอธิบายเพิ่มเติม : ตามมาตรา 62 พระราชบัญญัติกำหนดความผิดเกี่ยวกับห้างหุ้นส่วนจดทะเบียน ห้างหุ้นส่วนจำกัด บริษัทจำกัด สมาคม และมูลนิธิ พ.ศ. 2499 มูลนิธิใดไม่ปฏิบัติตามมาตรา 113 แห่งประมวลกฎหมายแพ่งและพาณิชย์ มีความผิดทางพินัยต้องชำระค่าปรับเป็นพินัยไม่เกินสองหมื่นบาท และชำระค่าปรับเป็นพินัยอีกวันละไม่เกินห้าร้อยบาท จนกว่าจะได้ปฏิบัติให้ถูกต้อง",960,183,1143,0.1341229000245221,2.683085399970878,2.8172082999954,1,1,1.0,1.0,0.0,0.0,0.9512261152267456
357,sparse_rag,บริษัทจำกัดชวนประชาชนให้ซื้อหุ้นได้ไหม,ไม่สามารถกระทำได้ เว้นแต่จะปฏิบัติตามกฎหมายที่เกี่ยวข้องอย่างเคร่งครัด ตามมาตรา 1102 แห่งประมวลกฎหมายแพ่งและพาณิชย์ ที่ห้ามมิให้ชี้ชวนประชาชนให้ซื้อหุ้น และตามมาตรา 80 แห่งพระราชบัญญัติหลักทรัพย์และตลาดหลักทรัพย์ พ.ศ. 2535 ที่กำหนดให้การโฆษณาชี้ชวนให้ซื้อหลักทรัพย์ต้องทำได้เฉพาะเมื่อมีแบบแสดงรายการข้อมูลการเสนอขายหลักทรัพย์และร่างหนังสือชี้ชวนมีผลใช้บังคับแล้ว และต้องไม่ใช้ถ้อยคำหรือข้อความที่เกินความจริงหรืออาจทำให้บุคคลอื่นสำคัญผิด,"ไม่ได้ มีโทษผิดทางพินัยต้องชำระค่าปรับเป็นพินัยไม่เกิน 50,000 บาท ตามพระราชบัญญัติกำหนดความผิดเกี่ยวกับห้างหุ้นส่วนจดทะเบียน ห้างหุ้นส่วนจำกัด บริษัทจำกัด สมาคม และมูลนิธิ พ.ศ. 2499 มาตรา 43","ไม่ได้ มีโทษผิดทางพินัยต้องชำระค่าปรับเป็นพินัยไม่เกิน 50,000 บาท ตามพระราชบัญญัติกำหนดความผิดเกี่ยวกับห้างหุ้นส่วนจดทะเบียน ห้างหุ้นส่วนจำกัด บริษัทจำกัด สมาคม และมูลนิธิ พ.ศ. 2499 มาตรา 43",1175,235,1410,0.13081389997387305,3.4079552000039257,3.5387690999777988,1,0,0.5,0.0,0.0,0.0,0.7309464812278748
358,sparse_rag,บริษัทจำกัดไม่เสนอหุ้นที่ออกใหม่ให้แก่ผู้ถือหุ้นเดิมได้หรือไม่,บริษัทจำกัดไม่สามารถไม่เสนอหุ้นที่ออกใหม่ให้แก่ผู้ถือหุ้นเดิมได้ เว้นแต่จะปฏิบัติตามมาตรา 1222 แห่งประมวลกฎหมายแพ่งและพาณิชย์ ซึ่งกำหนดให้ต้องเสนอหุ้นใหม่แก่ผู้ถือหุ้นเดิมก่อน หากไม่ปฏิบัติตามจะมีความผิดตามมาตรา 21 แห่งพระราชบัญญัติกำหนดความผิดเกี่ยวกับห้างหุ้นส่วนจดทะเบียน ห้างหุ้นส่วนจำกัด บริษัทจำกัด สมาคม และมูลนิธิ พ.ศ. 2499 ต้องชำระค่าปรับไม่เกินสองหมื่นบาท,"ไม่ได้ ไม่อย่างนั้นจะมีความผิดทางพินัยต้องชำระค่าปรับเป็นพินัยไม่เกิน 20,000 บาท","ไม่ได้ ไม่อย่างนั้นจะมีความผิดทางพินัยต้องชำระค่าปรับเป็นพินัยไม่เกิน 20,000 บาท คำอธิบายเพิ่มเติม : ตามมาตรา 21 พระราชบัญญัติกำหนดความผิดเกี่ยวกับห้างหุ้นส่วนจดทะเบียน ห้างหุ้นส่วนจำกัด บริษัทจำกัด สมาคม และมูลนิธิ พ.ศ. 2499",1036,215,1251,0.1350903999991715,2.8982208999805152,3.0333112999796867,1,0,0.5,1.0,0.0,0.0,0.874758243560791
359,sparse_rag,หนังสือบอกกล่าวของบริษัทที่เสนอให้ผู้ถือหุ้นซื้อหุ้นใหม่โดยไม่เป็นไปตามที่กฎหมายกำหนด มีความรับผิดหรือไม่,หนังสือบอกกล่าวของบริษัทที่เสนอให้ผู้ถือหุ้นซื้อหุ้นใหม่โดยไม่เป็นไปตามที่กฎหมายกำหนด มีความรับผิดทางพินัย ตามมาตรา 29 แห่งพระราชบัญญัติกำหนดความผิดเกี่ยวกับห้างหุ้นส่วนจดทะเบียน ห้างหุ้นส่วนจำกัด บริษัทจำกัด สมาคม และมูลนิธิ พ.ศ. 2499 ซึ่งบัญญัติว่า บริษัทจำกัดที่เสนอหนังสือบอกกล่าวให้ผู้ถือหุ้นซื้อหุ้นใหม่โดยฝ่าฝืนมาตรา 1223 แห่งประมวลกฎหมายแพ่งและพาณิชย์ มีความผิดต้องชำระค่าปรับไม่เกินสองหมื่นบาท,"มีความผิดทางพินัยต้องชำระค่าปรับเป็นพินัยไม่เกิน 20,000 บาท","มีความผิดทางพินัยต้องชำระค่าปรับเป็นพินัยไม่เกิน 20,000 บาท  ตามมาตรา 29 พระราชบัญญัติกำหนดความผิดเกี่ยวกับห้างหุ้นส่วนจดทะเบียน ห้างหุ้นส่วนจำกัด บริษัทจำกัด สมาคม และมูลนิธิ พ.ศ. 2499 บริษัทจำกัดใดเสนอหนังสือบอกกล่าวให้ผู้ถือหุ้นที่ซื้อหุ้นใหม่โดยฝ่าฝืนมาตรา 1223 แห่งประมวลกฎหมายแพ่งและพาณิชย์ มีความผิดทางพินัยต้องชำระค่าปรับเป็นพินัยไม่เกินสองหมื่นบาท",967,234,1201,0.14070930000161752,3.5417901999899186,3.682499499991536,1,1,1.0,1.0,0.0,0.0,0.9619851112365723
360,sparse_rag,ความรับผิดและโทษของการที่บริษัทจำกัดไม่เรียกประชุมสามัญ คืออะไร,ตามมาตรา 16 แห่งพระราชบัญญัติกำหนดความผิดเกี่ยวกับห้างหุ้นส่วนจดทะเบียน ห้างหุ้นส่วนจำกัด บริษัทจำกัด สมาคม และมูลนิธิ พ.ศ. 2499 บริษัทจำกัดที่ไม่เรียกประชุมตามมาตรา 1171 วรรคหนึ่ง แห่งประมวลกฎหมายแพ่งและพาณิชย์ มีความผิดทางพินัย ต้องชำระค่าปรับไม่เกินสองหมื่นบาท,"มีความผิดทางพินัย โดยต้องรับโทษเป็นค่าปรับเป็นพินัยไม่เกิน 20,000 บาท","มีความผิดทางพินัย โดยต้องรับโทษเป็นค่าปรับเป็นพินัยไม่เกิน 20,000 บาท คำอธิบายขยายความ : พระราชบัญญัติกำหนดความผิดเกี่ยวกับห้างหุ้นส่วนจดทะเบียน ห้างหุ้นส่วนจำกัด บริษัทจำกัด สมาคม และมูลนิธิ พ.ศ. 2499 มาตรา 16 บริษัทจำกัดใดไม่เรียกประชุมตามมาตรา 1171 วรรคหนึ่ง แห่งประมวลกฎหมายแพ่งและพาณิชย์ มีความผิดทางพินัยต้องชำระค่าปรับเป็นพินัยไม่เกิน 20,000 บาท",1072,151,1223,0.13349590002326295,2.702522899955511,2.836018799978774,1,0,0.5,0.5,0.0,0.0,0.962876558303833
361,sparse_rag,ความผิดทางพินัยของผู้ชำระบัญชีที่ไม่ขอให้ศาลสั่งให้ล้มละลายเมื่อสินทรัพย์ไม่พอชำระหนี้,ผู้ชำระบัญชีที่ไม่ร้องขอต่อศาลให้สั่งล้มละลายเมื่อสินทรัพย์ไม่พอชำระหนี้ ถือเป็นความผิดตามมาตรา 1266 แห่งประมวลกฎหมายแพ่งและพาณิชย์ ซึ่งอาจถูกปรับไม่เกินสองหมื่นบาท และหากมีเจตนาไม่ชอบด้วยธรรมเนียม อาจถูกดำเนินคดีอาญาตามมาตรา 173 แห่งพระราชบัญญัติบริษัทมหาชนจำกัด พ.ศ. 2535 ได้ด้วย,มีความผิดทางพินัยต้องชำระค่าปรับเป็นพินัยไม่เกินห้าหมื่นบาท,ชำระบัญชีใดของห้างหุ้นส่วนจดทะเบียน ห้างหุ้นส่วนจำกัดหรือบริษัทจำกัด ไม่ร้องขอต่อศาลตามกฎหมาย มีความผิดทางพินัยต้องชำระค่าปรับเป็นพินัยไม่เกินห้าหมื่นบาท   พระราชบัญญัติกำหนดความผิดเกี่ยวกับห้างหุ้นส่วนจดทะเบียน ห้างหุ้นส่วนจำกัด บริษัทจำกัด สมาคม และมูลนิธิ พ.ศ. 2499 มาตรา 34 ผู้ชำระบัญชีใดของห้างหุ้นส่วนจดทะเบียน ห้างหุ้นส่วนจำกัดหรือบริษัทจำกัด ไม่ร้องขอต่อศาลตามมาตรา 1266 แห่งประมวลกฎหมายแพ่งและพาณิชย์ มีความผิดทางพินัยต้องชำระค่าปรับเป็นพินัยไม่เกินห้าหมื่นบาท*,975,162,1137,0.1367780000437051,2.613299599965103,2.750077600008808,1,0,0.5,0.0,0.0,0.0,0.8690766096115112
362,sparse_rag,ผู้ชำระบัญชีใดของห้างหุ้นส่วนจดทะเบียน ห้างหุ้นส่วนจำกัดหรือบริษัทจำกัด ไม่เรียกประชุมใหญ่ ไม่ทำรายงาน หรือไม่แถลงมีความผิดหรือไม่,ผู้ชำระบัญชีของห้างหุ้นส่วนจดทะเบียน ห้างหุ้นส่วนจำกัด หรือบริษัทจำกัด ที่ไม่เรียกประชุมใหญ่ ไม่ทำรายงาน หรือไม่แถลงตามมาตรา 1268 แห่งประมวลกฎหมายแพ่งและพาณิชย์ มีความผิดทางพินัย ต้องชำระค่าปรับไม่เกินหนึ่งหมื่นบาท ตามมาตรา 36 แห่งพระราชบัญญัติกำหนดความผิดเกี่ยวกับห้างหุ้นส่วนจดทะเบียน ห้างหุ้นส่วนจำกัด บริษัทจำกัด สมาคม และมูลนิธิ พ.ศ. 2499,มีความผิดทางพินัยต้องชำระค่าปรับเป็นพินัยไม่เกินหนึ่งหมื่นบาท,มีความผิดทางพินัยต้องชำระค่าปรับเป็นพินัยไม่เกินหนึ่งหมื่นบาท ตามพระราชบัญญัติกำหนดความผิดเกี่ยวกับห้างหุ้นส่วนจดทะเบียน ห้างหุ้นส่วนจำกัด บริษัทจำกัด สมาคม และมูลนิธิ พ.ศ. 2499 มาตรา 36 ผู้ชำระบัญชีใดของห้างหุ้นส่วนจดทะเบียน ห้างหุ้นส่วนจำกัดหรือบริษัทจำกัด ไม่เรียกประชุมใหญ่ ไม่ทำรายงาน หรือไม่แถลงตามมาตรา 1268 แห่งประมวลกฎหมายแพ่งและพาณิชย์ มีความผิดทางพินัยต้องชำระค่าปรับเป็นพินัยไม่เกินหนึ่งหมื่นบาท,1085,196,1281,0.13694669998949394,2.9985848999931477,3.1355315999826416,1,1,1.0,1.0,0.0,0.0,0.9719494581222534
363,sparse_rag,ถ้าบริษัทมีการควบรวมธุรกิจโดยฝ่าฝืนประมวลกฎหมายแพ่งและพาณิชย์ต้องรับโทษอย่างไรบ้าง,หากบริษัทควบรวมธุรกิจโดยฝ่าฝืนมาตรา 1240 วรรคสอง แห่งประมวลกฎหมายแพ่งและพาณิชย์ ต้องรับโทษทางพินัยตามมาตรา 24 แห่งพระราชบัญญัติกำหนดความผิดเกี่ยวกับห้างหุ้นส่วนจดทะเบียน ห้างหุ้นส่วนจำกัด บริษัทจำกัด สมาคม และมูลนิธิ พ.ศ. 2499 คือ ต้องชำระค่าปรับไม่เกินห้าหมื่นบาท,"บริษัทมีความผิดต้องรับโทษโดยชำระค่าปรับเป็นพินัยไม่เกิน 50,000 บาท","บริษัทมีความผิดต้องรับโทษโดยชำระค่าปรับเป็นพินัยไม่เกิน 50,000 บาท",1026,152,1178,0.1343623999855481,2.2619658000185154,2.3963282000040635,1,0,0.5,1.0,0.0,0.0,0.8523644208908081
364,sparse_rag,โอนทรัพย์สินของมูลนิธิหลังจากชำระบัญชีได้ไหม,"ได้ แต่ต้องโอนให้มูลนิธิหรือนิติบุคคลที่มีวัตถุประสงค์ตามมาตรา 110 แห่งประมวลกฎหมายแพ่งและพาณิชย์ ซึ่งระบุไว้ในข้อบังคับของมูลนิธินั้น หากไม่มีการระบุไว้ ให้ร้องขอต่อศาลเพื่อจัดสรรทรัพย์สินให้มูลนิธิหรือนิติบุคคลที่มีวัตถุประสงค์ใกล้เคียงที่สุดได้ (ตามประมวลกฎหมายแพ่งและพาณิชย์ มาตรา 134)  
หากโอนให้บุคคลอื่นโดยไม่เป็นไปตามมาตราดังกล่าว ถือเป็นความผิดตามพระราชบัญญัติกำหนดความผิดเกี่ยวกับมูลนิธิ พ.ศ. 2499 มาตรา 68 ต้องระวางโทษจำคุกไม่เกินหนึ่งปี หรือปรับไม่เกินสองหมื่นบาท หรือทั้งจำทั้งปรับ",ไม่ได้,"ไม่ได้ โอนทรัพย์สินของมูลนิธิที่เหลืออยู่เมื่อได้ชำระบัญชีแล้วให้แก่บุคคลอื่นเป็นการฝ่าฝืนต่อกฎหมาย ต้องระวางโทษจำคุกไม่เกินหนึ่งปี หรือปรับไม่เกินสองหมื่นบาท หรือทั้งจำทั้งปรับ

 คำอธิบายขยายความ: พระราชบัญญัติกำหนดความผิดเกี่ยวกับห้างหุ้นส่วนจดทะเบียน ห้างหุ้นส่วนจำกัด บริษัทจำกัด สมาคม และมูลนิธิ พ.ศ. 2499 มาตรา 68 ผู้ใดโอนทรัพย์สินของมูลนิธิที่เหลืออยู่เมื่อได้ชำระบัญชีแล้วให้แก่บุคคลอื่นอันเป็นการฝ่าฝืนมาตรา 134 แห่งประมวลกฎหมายแพ่งและพาณิชย์ ต้องระวางโทษจำคุกไม่เกินหนึ่งปี หรือปรับไม่เกินสองหมื่นบาท หรือทั้งจำทั้งปรับ",1266,293,1559,0.13251179998042062,4.995188900036737,5.127700700017158,1,1,1.0,1.0,0.0,0.0,0.8890993595123291
365,sparse_rag,หากบริษัทไม่ได้เอาหุ้นที่ริบไว้ขายทอดตลาดจะมีความผิดอย่างไรบ้าง,หากบริษัทไม่ได้เอาหุ้นที่ริบแล้วออกขายทอดตลาด หรือไม่หักใช้ค่าหุ้นที่เรียกกับดอกเบี้ยค้างชำระ หรือไม่ส่งคืนเงินเหลือให้แก่ผู้ถือหุ้นตามมาตรา 1125 แห่งประมวลกฎหมายแพ่งและพาณิชย์ ถือว่ามีความผิดทางพินัย ตามมาตรา 7 แห่งพระราชบัญญัติกำหนดความผิดเกี่ยวกับห้างหุ้นส่วนจดทะเบียน ห้างหุ้นส่วนจำกัด บริษัทจำกัด สมาคม และมูลนิธิ พ.ศ. 2499 โดยต้องชำระค่าปรับไม่เกินสองหมื่นบาท,"มีความผิดต้องชำระค่าปรับไม่เกิน 20,000 บาท","มีความผิดต้องชำระค่าปรับไม่เกิน 20,000 บาท",1028,209,1237,0.1344066000310704,3.4779195000301115,3.612326100061182,1,1,1.0,0.5,0.0,0.0,0.7867138385772705
366,sparse_rag,ถ้าสมาคมการค้าไม่ยอมให้สมาชิกตรวจสอบกิจการและทรัพย์สินในสมาคมนั้น มีความผิดหรือไม่อย่างไร,ใช่ มีความผิดตามมาตรา 47 แห่งพระราชบัญญัติสมาคมการค้า พ.ศ. 2509 ซึ่งกำหนดให้สมาคมการค้าที่ไม่ยอมให้สมาชิกตรวจสอบกิจการและทรัพย์สินของสมาคมนั้น มีความผิดทางพินัย และต้องชำระค่าปรับเป็นพินัยไม่เกินหนึ่งพันบาท,"มีความผิดโดยต้องชำระค่าปรับเป็นพินัยไม่เกิน 1,000 บาท","มีความผิดโดยต้องชำระค่าปรับเป็นพินัยไม่เกิน 1,000 บาท",870,110,980,0.134557000012137,2.0487846999894828,2.1833417000016198,1,0,0.5,1.0,0.0,0.0,0.816482663154602
367,sparse_rag,ถ้าสงสัยว่าสมาคมการค้าแห่งหนึ่งดำเนินการโดยไม่ชอบด้วยกฎหมาย ต้องดำเนินการอย่างไร,หากสงสัยว่าสมาคมการค้าแห่งหนึ่งดำเนินการไม่ชอบด้วยกฎหมาย ให้นายทะเบียนมีอำนาจสั่งเป็นหนังสือให้สมาคมการค้านั้นแจ้งวันเวลาประชุมทุกคราวล่วงหน้าไม่น้อยกว่าสามวัน และมีอำนาจให้นายทะเบียนหรือพนักงานเจ้าหน้าที่เข้าไปฟังการประชุมได้ ตามมาตรา 34 แห่งพระราชบัญญัติสมาคมการค้า พ.ศ. 2509,ให้นายทะเบียนมีอำนาจสั่งเป็นหนังสือให้สมาคมการค้านั้นแจ้งวันเวลาประชุมทุกคราวมาให้นายทะเบียนทราบล่วงหน้าไม่น้อยกว่าสามวัน ในกรณีเช่นนี้ให้นายทะเบียนหรือพนักงานเจ้าหน้าที่มีอำนาจเข้าไปฟังการประชุมได้,ให้นายทะเบียนมีอำนาจสั่งเป็นหนังสือให้สมาคมการค้านั้นแจ้งวันเวลาประชุมทุกคราวมาให้นายทะเบียนทราบล่วงหน้าไม่น้อยกว่าสามวัน ในกรณีเช่นนี้ให้นายทะเบียนหรือพนักงานเจ้าหน้าที่มีอำนาจเข้าไปฟังการประชุมได้ คำอธิบายขยายความ : ตามพระราชบัญญัติสมาคมการค้า พ.ศ. 2509 มาตรา 34 ... สมาคมการค้าใดไม่แจ้งวันเวลาประชุมตามคำสั่งของนายทะเบียน ให้นายทะเบียนมีอำนาจสั่งให้สมาคมการค้านั้นงดการประชุมได้ครั้งหนึ่งไม่เกินเก้าสิบวันนับแต่วันที่นายทะเบียนสั่ง ในกรณีที่นายทะเบียนมีคำสั่งให้งดการประชุม ให้นำมาตรา 10 วรรคสอง มาใช้บังคับโดยอนุโลม,1366,145,1511,0.13305179995950311,2.5891791000030935,2.7222308999625966,1,0,0.5,1.0,0.0,0.0,0.8887284994125366
368,sparse_rag,รัฐมนตรีมีอำนาจสั่งให้เลิกสมาคมการค้ากรณีใดบ้าง,"รัฐมนตรีมีอำนาจสั่งให้เลิกสมาคมการค้าตามมาตรา 36 แห่งพระราชบัญญัติสมาคมการค้า พ.ศ. 2509 ในกรณีดังต่อไปนี้  
(1) การกระทำของสมาคมการค้าผิดต่อกฎหมาย หรือเป็นภัยต่อเศรษฐกิจ ความมั่นคงของประเทศ หรือต่อความสงบเรียบร้อยหรือศีลธรรมอันดีของประชาชน  
(2) สมาคมการค้าปฏิบัติการอันเป็นการฝ่าฝืนมาตรา 22 และการกระทำนั้นเป็นการเสียหายอย่างร้ายแรง  
(3) สมาคมการค้าไม่สามารถดำเนินกิจการต่อไปหรือหยุดดำเนินกิจการตั้งแต่สองปีขึ้นไป  
(4) ปรากฏว่าสมาคมการค้าให้ หรือยอมให้บุคคลอื่นซึ่งมิใช่กรรมการดำเนินกิจการในหน้าที่ของกรรมการ",รัฐมนตรีมีอำนาจสั่งให้เลิกสมาคมการค้ากรณีดังนี้ 1 เมื่อปรากฏว่าการกระทำของสมาคมการค้าผิดต่อกฎหมาย หรือเป็นภัยต่อเศรษฐกิจ ความมั่นคงของประเทศ หรือต่อความสงบเรียบร้อยหรือศีลธรรมอันดีของประชาชน 2 เมื่อสมาคมการค้าปฏิบัติการอันเป็นการฝ่าฝืนมาตรา 22 และการกระทำนั้นเป็นการเสียหายอย่างร้ายแรง 3 เมื่อสมาคมการค้าไม่สามารถดำเนินกิจการต่อไปหรือหยุดดำเนินกิจการตั้งแต่สองปีขึ้นไป 4 เมื่อปรากฏว่าสมาคมการค้าให้ หรือยอมให้บุคคลอื่นซึ่งมิใช่กรรมการดำเนินกิจการในหน้าที่ของกรรมการ.,"รัฐมนตรีมีอำนาจสั่งให้เลิกสมาคมการค้ากรณีดังนี้ 
1 เมื่อปรากฏว่าการกระทำของสมาคมการค้าผิดต่อกฎหมาย หรือเป็นภัยต่อเศรษฐกิจ ความมั่นคงของประเทศ หรือต่อความสงบเรียบร้อยหรือศีลธรรมอันดีของประชาชน 
2 เมื่อสมาคมการค้าปฏิบัติการอันเป็นการฝ่าฝืนมาตรา 22 และการกระทำนั้นเป็นการเสียหายอย่างร้ายแรง 
3 เมื่อสมาคมการค้าไม่สามารถดำเนินกิจการต่อไปหรือหยุดดำเนินกิจการตั้งแต่สองปีขึ้นไป 
4 เมื่อปรากฏว่าสมาคมการค้าให้ หรือยอมให้บุคคลอื่นซึ่งมิใช่กรรมการดำเนินกิจการในหน้าที่ของกรรมการ 

คำอธิบายขยายความ : ตามพระราชบัญญัติสมาคมการค้า พ.ศ. 2509 มาตรา 36 โทษของกรรมการ กรรมการของสมาคมการค้าที่รัฐมนตรีสั่งให้เลิกตาม (1) (2) หรือ (4) ผู้ใดซึ่งมีส่วนในการกระทำอันเป็นเหตุให้สมาคมการค้านั้นถูกรัฐมนตรีสั่งให้เลิก ไม่มีสิทธิเป็นกรรมการสมาคมการค้าอีก ขอยกเว้นโทษของกรรมการ เว้นแต่จะพ้นกำหนดสามปีนับแต่วันที่รัฐมนตรีสั่งให้เลิกสมาคมการค้านั้น",1325,270,1595,0.13397570000961423,4.1613891999586485,4.295364899968263,1,0,0.5,1.0,1.0,1.0,0.9458597302436829
369,sparse_rag,ผู้ที่ทำการจัดตั้งสมาคมการค้า โดยไม่ได้รับอนุญาตจากนายทะเบียน จะได้รับโทษอย่างไร,ผู้ที่จัดตั้งสมาคมการค้าโดยไม่ได้รับอนุญาตจากนายทะเบียน ถือว่าฝ่าฝืนมาตรา 8 แห่งพระราชบัญญัติสมาคมการค้า พ.ศ. 2509 ซึ่งมีบทลงโทษจำคุกไม่เกินสองปี หรือปรับไม่เกินสี่หมื่นบาท หรือทั้งจำทั้งปรับ,"โทษจำคุกไม่เกิน 1 ปี หรือปรับไม่เกิน 10,000 บาท หรือทั้งจำทั้งปรับ","โทษจำคุกไม่เกิน 1 ปี หรือปรับไม่เกิน 10,000 บาท หรือทั้งจำทั้งปรับ  คำอธิบายขยายความ : มาตรา 41 แห่งพระราชบัญญัติสมาคมการค้า พ.ศ. 2509 มาตรา 41 ผู้ใดฝ่าฝืนมาตรา 6 หรือมาตรา 8 ต้องระวางโทษจำคุกไม่เกินหนึ่งปี หรือปรับไม่เกินหนึ่งหมื่นบาท หรือทั้งจำทั้งปรับ",840,117,957,0.13303329999325797,2.2230648000258952,2.356098100019153,1,0,0.3333333333333333,0.0,0.0,0.0,0.8771666288375854
370,sparse_rag,ถ้าสมาคมการค้าเลิกกิจการ ผลทางกฎหมายเป็นอย่างไร,สมาคมการค้าที่เลิกกิจการตามมาตรา 37 แห่งพระราชบัญญัติสมาคมการค้า พ.ศ. 2509 จะสิ้นสุดความเป็นนิติบุคคล และต้องแจ้งให้นายทะเบียนทราบภายใน 15 วันนับแต่วันที่เกิดเหตุที่ทำให้เลิก กิจการของสมาคมจะต้องดำเนินการชำระบัญชีและจัดการทรัพย์สินตามกฎหมายต่อไป,ให้นายทะเบียนเพิกถอนใบอนุญาตและขีดชื่อสมาคมการค้านั้นออกจากทะเบียน ในกรณีเช่นนี้ ให้ถือว่าสมาคมการค้านั้นคงดำเนินการต่อไปได้เพียงเท่าที่จำเป็นเพื่อการชำระบัญชีเท่านั้น.,ถ้าสมาคมการค้าเลิกกันด้วยเหตุผลดังต่อไปนี้ 1.)มีข้อบังคับบอกให้เลิก 2.)เมื่อสิ้นเวลา3.)เมื่อมีมติขอวที่ประชุมใหญ่ ย่อมเลิกกัน  ผลคือ ให้นายทะเบียนเพิกถอนใบอนุญาตและขีดชื่อสมาคมการค้านั้นออกจากทะเบียน ในกรณีเช่นนี้ ให้ถือว่าสมาคมการค้านั้นคงดำเนินการต่อไปได้เพียงเท่าที่จำเป็นเพื่อการชำระบัญชีเท่านั้น,1320,130,1450,0.13091659999918193,2.6035669000120834,2.7344835000112653,1,0,0.3333333333333333,0.0,0.0,0.0,0.8593226671218872
371,sparse_rag,รัฐมนตรีว่าการกระทรวงเศรษฐการมีอำนาจสั่งให้คณะกรรมการตามกฎหมายว่าด้วยสมาคมการค้าออกจากตำแหน่งได้หรือไม่,รัฐมนตรีว่าการกระทรวงเศรษฐการมีอำนาจสั่งให้คณะกรรมการสมาคมการค้าออกจากตำแหน่งได้ตามมาตรา 33 แห่งพระราชบัญญัติสมาคมการค้า พ.ศ. 2509 หากสมาคมการค้ากระทำผิดตามมาตรา 22,ได้ หากกระทำการฝ่าฝืนที่กฎหมายกำหนด,ได้ หากกระทำการฝ่าฝืนที่กฎหมายกำหนด  ตามมาตรา 33 พระราชบัญญัติสมาคมการค้า พ.ศ. 2509 เมื่อสมาคมการค้ากระทำการอันเป็นการฝ่าฝืนมาตรา 22 รัฐมนตรีมีอำนาจสั่งให้กรรมการทั้งคณะหรือเป็นรายบุคคลออกจากตำแหน่งได้ ในกรณีเช่นนี้ คณะกรรมการหรือกรรมการนั้นไม่มีสิทธิเป็นกรรมการสมาคมการค้าอีก เว้นแต่จะพ้นกำหนดสามปีนับแต่วันที่ถูกรัฐมนตรีสั่งให้ออกจากตำแหน่ง,992,76,1068,0.1380174999940209,1.505224799970165,1.6432422999641858,1,0,0.5,0.5,0.0,0.0,0.8962682485580444
372,sparse_rag,หากสมาคมการค้าได้แบ่งปันผลกำไรหรือรายได้ให้แก่สมาชิก หรือมีการดำเนินการในทางการเมือง มีความผิดและต้องรับโทษอย่างไรบ้าง,หากสมาคมการค้าแบ่งปันผลกำไรหรือรายได้ให้แก่สมาชิก หรือดำเนินการในทางการเมือง จะมีความผิดตามมาตรา 23 แห่งพระราชบัญญัติสมาคมการค้า พ.ศ. 2509 ซึ่งกำหนดให้ต้องระวางโทษจำคุกไม่เกินสองปี หรือปรับไม่เกินสี่หมื่นบาท หรือทั้งจำทั้งปรับ,"มีความผิดทางพินัย และรับโทษชำระค่าปรับเป็นพินัยไม่เกิน 50,000 บาท","มีความผิดทางพินัย และรับโทษชำระค่าปรับเป็นพินัยไม่เกิน 50,000 บาท   ตามพระราชบัญญัติสมาคมการค้า พ.ศ. 2509 มาตรา 48 สมาคมการค้าได้แบ่งปันผลกำไรหรือรายได้ให้แก่สมาชิก หรือมีการดำเนินการในทางการเมือง มีความผิดทางพินัยและรับโทษชำระค่าปรับเป็นพินัยไม่เกิน 50,000 บาท",816,122,938,0.13632839999627322,2.0261626999708824,2.1624910999671556,1,0,0.3333333333333333,0.0,0.0,0.0,0.8951336145401001
373,sparse_rag,การฝ่าฝืนมาตรา 40 พระราชบัญญัติสมาคมการค้า พ.ศ. 2509 ต้องระวางโทษอย่างไร,ผู้ใดฝ่าฝืนมาตรา 40 แห่งพระราชบัญญัติสมาคมการค้า พ.ศ. 2509 ต้องระวางโทษจำคุกไม่เกินหนึ่งปี หรือปรับไม่เกินหนึ่งหมื่นบาท หรือทั้งจำทั้งปรับ,"ต้องระวางโทษจำคุกไม่เกิน 1 ปี หรือปรับไม่เกิน 10,000 บาท หรือทั้งจำทั้งปรับ","ต้องระวางโทษจำคุกไม่เกิน 1 ปี หรือปรับไม่เกิน 10,000 บาท หรือทั้งจำทั้งปรับ  ตามมาตรา 54 พระราชบัญญัติสมาคมการค้า พ.ศ. 2509  ผู้ใดฝ่าฝืนมาตรา 40 ต้องระวางโทษจำคุกไม่เกินหนึ่งปี หรือปรับไม่เกินหนึ่งหมื่นบาท หรือทั้งจำทั้งปรับ",853,87,940,0.13360350002767518,1.311318299965933,1.4449217999936081,1,0,0.5,1.0,0.0,0.0,0.9623123407363892
374,sparse_rag,กรรมการที่กระทำผิดวัตถุที่ประสงค์ของสมาคมการค้าต้องชำระค่าปรับเป็นพินัยไม่เกินกี่บาท,ตามมาตรา 49 แห่งพระราชบัญญัติสมาคมการค้า พ.ศ. 2509 กรรมการของสมาคมการค้าที่ฝ่าฝืนวัตถุที่ประสงค์ของสมาคมการค้า ต้องชำระค่าปรับเป็นพินัยไม่เกินสามหมื่นบาท,สามหมื่นบาท*,สามหมื่นบาท*  พระราชบัญญัติสมาคมการค้า พ.ศ. 2509 มาตรา 49 กรรมการของสมาคมการค้าผู้ใดฝ่าฝืนมาตรา 22 หรือกระทำการอันเป็นการผิดวัตถุที่ประสงค์ของสมาคมการค้าและการกระทำนั้นเป็นภัยต่อเศรษฐกิจ ความมั่นคงของประเทศ หรือต่อความสงบเรียบร้อยหรือศีลธรรมอันดีของประชาชน มีความผิดทางพินัยต้องชำระค่าปรับเป็นพินัยไม่เกินสามหมื่นบาท*,901,81,982,0.1344902000273578,1.58426239999244,1.7187526000197977,1,0,0.5,1.0,0.0,0.0,0.908271312713623
375,sparse_rag,การแก้ไขข้อบังคับของสมาคมการค้าต้องนำไปจดทะเบียนภายในกี่วัน,การแก้ไขหรือเพิ่มเติมข้อบังคับของสมาคมการค้าต้องนำไปจดทะเบียนต่อนายทะเบียนภายในกำหนด **สามสิบวัน** นับแต่วันที่ที่ประชุมใหญ่ลงมติ ตามมาตรา 29 แห่งพระราชบัญญัติสมาคมการค้า พ.ศ. 2509,ต้องนำไปจดทะเบียนภายใน 30 วันนับแต่วันที่ลงมติในที่ประชุมใหญ่,"ต้องนำไปจดทะเบียนภายใน 30 วันนับแต่วันที่ลงมติในที่ประชุมใหญ่  

พระราชบัญญัติสมาคมการค้า พ.ศ. 2509 มาตรา 29 การแก้ไขหรือเพิ่มเติมข้อบังคับของสมาคมการค้าต้องทำโดยมติของที่ประชุมใหญ่ และต้องนำไปจดทะเบียนต่อนายทะเบียนภายในกำหนด 30 วันนับแต่วันที่ที่ประชุมใหญ่ลงมติ และห้ามนายทะเบียนรับจดทะเบียนการแก้ไขหรือเพิ่มเติมข้อบังคับที่ขัดต่อวัตถุที่ประสงค์ของสมาคมการค้าหรือขัดต่อกฎหมาย",1221,98,1319,0.1410545000107959,1.8140608000103384,1.9551153000211343,1,0,0.5,1.0,0.0,0.0,0.9449136257171631
376,sparse_rag,การชำระบัญชีของสมาคมการค้าใช้หลักการเดียวกับบริษัทจำกัดได้หรือไม่,ได้ ตามมาตรา 39 แห่งพระราชบัญญัติสมาคมการค้า พ.ศ. 2509 กำหนดให้การชำระบัญชีสมาคมการค้าที่เลิกกิจการ ให้นำบทบัญญัติแห่งประมวลกฎหมายแพ่งและพาณิชย์ อันว่าด้วยการชำระบัญชีบริษัทจำกัด มาใช้บังคับโดยอนุโลม,ได้,ได้ พระราชบัญญัติสมาคมการค้า พ.ศ. 2509 มาตรา 39 การชำระบัญชีสมาคมการค้าซึ่งเลิกตามมาตรา 37 ให้นำบทบัญญัติแห่งประมวลกฎหมายแพ่งและพาณิชย์อันว่าด้วยการชำระบัญชีห้างหุ้นส่วนจดทะเบียน ห้างหุ้นส่วนจำกัด และบริษัทจำกัด มาใช้บังคับโดยอนุโลม,1054,112,1166,0.13436729996465147,1.9723852000315674,2.106752499996219,1,0,0.5,1.0,0.0,0.0,0.9561645984649658
377,sparse_rag,ไม่ไปตามคำสั่งนายทะเบียนสมาคมการค้าที่เรียกตัวได้ไหม,ไม่สามารถไม่ไปตามคำสั่งนายทะเบียนสมาคมการค้าที่เรียกตัวได้ เนื่องจากตามมาตรา 17 แห่งพระราชบัญญัติสมาคมการค้า พ.ศ. 2509 นายทะเบียนมีอำนาจออกคำสั่งเป็นหนังสือเรียกบุคคลมาสอบถาม ซึ่งหากไม่ปฏิบัติตาม ตามมาตรา 46 แห่งพระราชบัญญัติดังกล่าว จะมีความผิดทางพินัย ต้องชำระค่าปรับไม่เกินหนึ่งพันบาท,ไม่ได้ ผู้ใดไม่ปฏิบัติตามคำสั่งของนายทะเบียนมีความผิดทางพินัยต้องชำระค่าปรับเป็นพินัยไม่เกินหนึ่งพันบาท,ไม่ได้ ผู้ใดไม่ปฏิบัติตามคำสั่งของนายทะเบียนมีความผิดทางพินัยต้องชำระค่าปรับเป็นพินัยไม่เกินหนึ่งพันบาท  พระราชบัญญัติสมาคมการค้า พ.ศ. 2509 มาตรา 46 ผู้ใดไม่ปฏิบัติตามคำสั่งของนายทะเบียนตามมาตรา 17 หรือมาตรา 24 หรือไม่ปฏิบัติตามมาตรา 25 วรรคสี่ มีความผิดทางพินัยต้องชำระค่าปรับเป็นพินัยไม่เกินหนึ่งพันบาท*,873,156,1029,0.14098370005376637,2.2518303000251763,2.3928140000789426,1,0,0.5,0.5,0.0,0.0,0.9252582788467407
378,sparse_rag,สมาคมการค้าเลิกกันด้วยเหตุใด,"สมาคมการค้าเลิกได้ด้วยเหตุตามมาตรา 37 แห่งพระราชบัญญัติสมาคมการค้า พ.ศ. 2509 ได้แก่ (1) มีข้อบังคับกำหนดให้เลิกในกรณีใดกรณีหนึ่งเมื่อมีเหตุนั้นเกิดขึ้น, (2) ตั้งโดยมีกำหนดเวลา เมื่อสิ้นสุดกำหนดเวลานั้น, (3) ที่ประชุมใหญ่ลงมติให้เลิก, (4) ล้มละลาย, หรือ (5) รัฐมนตรีสั่งให้เลิกตามมาตรา 36.",สมาคมการค้าเลิกกันด้วยเหตุ ดังต่อไปนี้ 1 ถ้ามีข้อบังคับกำหนดให้เลิกในกรณีใด เมื่อมีกรณีนั้น 2 ถ้าตั้งโดยมีกำหนดเวลา เมื่อสิ้นกำหนดเวลานั้น 3 เมื่อที่ประชุมใหญ่ลงมติให้เลิก 4 เมื่อล้มละลาย 5 เมื่อรัฐมนตรีสั่งให้เลิกตามมาตรา 36,สมาคมการค้าเลิกกันด้วเหตุ ดังต่อไปนี้ 1 ถ้ามีข้อบังคับกำหนดให้เลิกในกรณีใด เมื่อมีกรณีนั้น 2 ถ้าตั้งโดยมีกำหนดเวลา เมื่อสิ้นกำหนดเวลานั้น 3 เมื่อที่ประชุมใหญ่ลงมติให้เลิก 4 เมื่อล้มละลาย 5 เมื่อรัฐมนตรีสั่งให้เลิกตามมาตรา 36  พระราชบัญญัติสมาคมการค้า พ.ศ. 2509 มาตรา 37 ให้สมาคมการค้าที่เลิกตาม 1 2 3 4 แจ้งให้นายทะเบียนทราบภายในกำหนดเวลา 15 วันนับแต่วันที่เกิดมีเหตุที่ทำให้เลิก,1314,179,1493,0.12954890000401065,3.019713000045158,3.1492619000491686,1,1,1.0,1.0,1.0,1.0,0.9399043917655945
379,sparse_rag,การฝ่าฝืนมาตรา 15 พระราชบัญญัติสมาคมการค้า พ.ศ. 2509 มีความผิดอย่างไร,ผู้ใดฝ่าฝืนมาตรา 15 แห่งพระราชบัญญัติสมาคมการค้า พ.ศ. 2509 มีความผิดทางพินัย ต้องชำระค่าปรับเป็นพินัยไม่เกินหนึ่งพันบาท และต้องชำระค่าปรับเพิ่มเติมอีกไม่เกินวันละห้าสิบบาท จนกว่าจะได้จัดการแก้ไขให้ถูกต้อง ตามมาตรา 44 แห่งพระราชบัญญัติฯ ดังกล่าว,"มีความผิดทางพินัย ต้องชำระค่าปรับเป็นพินัย ไม่เกิน 1,000 บาท และชำระค่าปรับเป็นพินัยอีกไม่เกินวันละ 50 บาทจนกว่าจะได้จัดการแก้ไขให้ถูกต้อง","มีความผิดทางพินัย ต้องชำระค่าปรับเป็นพินัย ไม่เกิน 1,000 บาท และและชำระค่าปรับเป็นพินัยอีกไม่เกินวันละ 50 บาทจนกว่าจะได้จัดการแก้ไขให้ถูกต้อง 

 ตามมาตรา 44 พระราชบัญญัติสมาคมการค้า พ.ศ. 2509  ผู้ใดฝ่าฝืนมาตรา 15 มีความผิดทางพินัยต้องชำระค่าปรับเป็นพินัยไม่เกินหนึ่งพันบาท และชำระค่าปรับเป็นพินัยอีกไม่เกินวันละห้าสิบบาท*จนกว่าจะได้จัดการแก้ไขให้ถูกต้อง",863,142,1005,0.13318880001315847,2.246278699953109,2.3794674999662675,1,0,0.5,1.0,0.0,0.0,0.9718343019485474
380,sparse_rag,หากมีการเลิกสมาคมการค้าเนื่องจากล้มละลายแล้วไม่ได้แจ้งให้นายทะเบียนทราบภายในเวลาที่กำหนด มีความผิดและต้องรับโทษอย่างไรบ้าง,ตามมาตรา 37 แห่งพระราชบัญญัติสมาคมการค้า พ.ศ. 2509 สมาคมการค้าที่เลิกเพราะล้มละลาย ต้องแจ้งให้นายทะเบียนทราบภายในกำหนดเวลาสิบห้าวันนับแต่วันที่เกิดเหตุ อย่างไรก็ตาม บริบทที่ให้มาไม่ได้ระบุโทษทางกฎหมายสำหรับการไม่แจ้งตามเวลาดังกล่าว จึงไม่พบข้อมูลที่ตรงกับคำถามในฐานข้อมูลกฎหมายที่มีอยู่,"มีความผิดทางพินัย และรับโทษชำระค่าปรับเป็นพินัยไม่เกิน 1,000 บาท","มีความผิดทางพินัย และรับโทษชำระค่าปรับเป็นพินัยไม่เกิน 1,000 บาท  ตามพระราชบัญญัติสมาคมการค้า พ.ศ. 2509 มาตรา 53 หากสมาคมการค้าฝ่าฝืนมาตรา 37 วรรคสอง ซึ่งเป็นกรณีในการเลิกสมาคมการค้าจะต้องแจ้งให้นายทะเบียนทราบภายในที่เวลากำหนดด้วย หรือไม่ปฏิบัติตามมาตรา 39 ซึ่งเมื่อเลิกสมาคมการค้าแล้วต้องชําระบัญชีตามที่กฎหมายกำหนดไว้ หากฝ่าฝืนจะมีความผิดทางพินัยต้องชำระค่าปรับเป็นพินัยไม่เกิน 1,000 บาท",1137,143,1280,0.13919429999077693,2.6228063000016846,2.7620005999924615,1,0,0.3333333333333333,0.0,0.0,0.0,0.8330278992652893
381,sparse_rag,หลังจากชำระบัญชีของสมาคมการค้าแล้ว การแบ่งทรัพย์สินต้องทำเช่นไร,ตามมาตรา 40 แห่งพระราชบัญญัติสมาคมการค้า พ.ศ. 2509 หลังจากชำระบัญชีแล้ว ทรัพย์สินที่เหลือต้องไม่แบ่งให้แก่สมาชิก แต่ต้องโอนไปให้แก่นิติบุคคลอื่นที่มีวัตถุประสงค์เพื่อกุศลสาธารณะ ตามที่ระบุไว้ในข้อบังคับของสมาคม หรือตามมติที่ประชุมใหญ่ หากไม่ได้ระบุไว้ กรณีที่ไม่สามารถโอนไปยังนิติบุคคลดังกล่าวได้ ทรัพย์สินที่เหลือจะตกเป็นของรัฐ,หลังชำระบัญชีของสมาคมการค้าแล้วห้ามแบ่งทรัพย์สินที่เหลืออยู่ให้แก่สมาชิกของสมาคมการค้า แต่ทรัพย์สินทั้งนั้นจะต้องโอนไปให้แก่นิติบุคคลอื่นที่มีวัตถุที่ประสงค์เกี่ยวกับการกุศลสาธารณะตามที่ระบุไว้ในข้อบังคับของสมาคมการค้า หรือถ้าไม่ได้ระบุไว้ก็ให้เป็นไปตามมติของที่ประชุมใหญ่ว่าจะโอนไปให้แก่นิติบุคคลใดที่มีวัตถุที่ประสงค์เกี่ยวกับการกุศลสาธารณะ นอกเหนือจากนี้ ให้ทรัพย์สินที่เหลือตกเป็นของรัฐ.,"หลังชำระบัญชีของสมาคมการค้าแล้วห้ามแบ่งทรัพย์สินที่เหลืออยู่ให้แก่สมาชิกของสมาคมการค้า แต่ ทรัพย์สินทั้งนั้นจะต้องโอนไปให้แก่นิติบุคคลอื่นที่มีวัตถุที่ประสงค์เกี่ยวกับการกุศลสาธารณะตามที่ระบุไว้ในข้อบังคับของสมาคมการค้า หรือถ้าไม่ได้ระบุไว้ก็ให้เป็นไปตามมติของที่ประชุมใหญ่ว่าจะโอนไปให้แก่นิติบุคคลใดที่มีวัตถุที่ประสงค์เกี่ยวกับการกุศลสาธารณะ 

นอกเหนือจากนี้ ให้ทรัพย์สินที่เหลือตกเป็นของรัฐ 

ขยายความ : พระราชบัญญัติสมาคมการค้า พ.ศ. 2509 มาตรา 40 เมื่อได้ชำระบัญชีแล้ว ถ้ามีทรัพย์สินเหลืออยู่เท่าใดจะแบ่งให้แก่สมาชิกของสมาคมการค้าไม่ได้ ทรัพย์สินทั้งนั้นจะต้องโอนไปให้แก่นิติบุคคลอื่นที่มีวัตถุที่ประสงค์เกี่ยวกับการกุศลสาธารณะตามที่ระบุไว้ในข้อบังคับของสมาคมการค้า หรือถ้าไม่ได้ระบุไว้ก็ให้เป็นไปตามมติของที่ประชุมใหญ่ว่าจะโอนไปให้แก่นิติบุคคลใดที่มีวัตถุที่ประสงค์เกี่ยวกับการกุศลสาธารณะ ในกรณีนอกจากที่กล่าวมาแล้ว ให้ทรัพย์สินที่เหลือนั้นตกเป็นของรัฐ",1186,192,1378,0.138768499949947,2.7521715000038967,2.8909399999538437,1,1,1.0,1.0,0.0,0.0,0.9160776138305664
382,sparse_rag,การออกของกรรมการสมาคมการค้ามีเหตุใดบ้าง,การออกของกรรมการสมาคมการค้าเกิดขึ้นได้เมื่อสมาคมการค้าถูกสั่งเลิกโดยรัฐมนตรีตามมาตรา 36 วรรคสอง แห่งพระราชบัญญัติสมาคมการค้า พ.ศ. 2509 ในกรณีที่กรรมการมีส่วนร่วมในการกระทำอันเป็นเหตุให้สมาคมการค้าถูกรัฐมนตรีสั่งเลิก เช่น การกระทำผิดกฎหมาย หรือเป็นภัยต่อเศรษฐกิจ ความมั่นคงของประเทศ หรือศีลธรรมอันดีของประชาชน หรือการให้บุคคลอื่นซึ่งไม่ใช่กรรมการดำเนินกิจการแทน ซึ่งกรรมการดังกล่าวจะไม่มีสิทธิเป็นกรรมการสมาคมการค้าอีกเป็นเวลาสามปีนับแต่วันที่รัฐมนตรีสั่งเลิกสมาคมการค้า.,การออกจากกรรมการสมาคมการค้ามีเหตุ ดังนี้ 1 ตามข้อบังคับของสมาคมการค้า 2 เป็นบุคคลล้มละลาย  3 ต้องคำพิพากษาถึงที่สุดให้ลงโทษตามพระราชบัญญัตินี้ และไม่มีสิทธิเป็นกรรมการสมาคมการค้าใด ๆ อีก,การออกจากกรรมการสมาคมการค้ามีเหตุ ดังนี้ 1 ตามข้อบังคับของสมาคมการค้า 2 เป็นบุคคลล้มละลาย  3 ต้องคำพิพากษาถึงที่สุดให้ลงโทษตามพระราชบัญญัตินี้ และไม่มีสิทธิเป็นกรรมการสมาคมการค้าใด ๆ อีก   พระราชบัญญัติสมาคมการค้า พ.ศ. 2509 มาตรา 19 ข้อยกเว้น พ้นกำหนด 3 ปีนับแต่ได้พ้นจากการเป็นบุคคลล้มละลายหรือนับแต่วันพ้นโทษ,1316,251,1567,0.1334752999828197,4.445545200025663,4.5790205000084825,0,0,0.0,0.0,0.0,0.0,0.9000670909881592
383,sparse_rag,สมาคมการค้ายอมให้บุคคลอื่นซึ่งไม่ใช่กรรมการดำเนินกิจการในหน้าที่ของกรรมการได้หรือไม่,สมาคมการค้าไม่อาจยอมให้บุคคลอื่นซึ่งมิใช่กรรมการดำเนินกิจการในหน้าที่ของกรรมการได้ เนื่องจากตามมาตรา 36 แห่งพระราชบัญญัติสมาคมการค้า พ.ศ. 2509 ระบุว่า การให้หรือยอมให้บุคคลอื่นซึ่งมิใช่กรรมการดำเนินกิจการในหน้าที่ของกรรมการ เป็นเหตุให้รัฐมนตรีมีอำนาจสั่งให้เลิกสมาคมการค้าได้,ไม่ได้,ไม่ได้ คำอธิบายขยายความเพิ่มเติมตามพระราชบัญญัติสมาคมการค้า พ.ศ. 2509 มาตรา 22 ห้ามไม่ให้สมาคมการค้ากระทำการใด ๆ ดังต่อไปนี้ (9) ให้ หรือยอมให้บุคคลอื่นซึ่งไม่ใช่กรรมการดำเนินกิจการในหน้าที่ของกรรมการ,1208,152,1360,0.13579039997421205,2.668063200020697,2.803853599994909,0,0,0.0,0.0,0.0,0.0,0.907311201095581
384,sparse_rag,กฎหมายเกี่ยวกับสมาคมการค้า เริ่มใช้บังคับตั้งแต่เมื่อไหร่,พระราชบัญญัติสมาคมการค้า พ.ศ. 2509 มาตรา 2 กำหนดว่า พระราชบัญญัตินี้ให้ใช้บังคับตั้งแต่วันถัดจากวันประกาศในราชกิจจานุเบกษาเป็นต้นไป,ใช้บังคับตั้งแต่วันถัดจากวันประกาศในราชกิจการนุเบกษา,ใช้บังคับตั้งแต่วันถัดจากวันประกาศในราชกิจการนุเบกษา ตามมาตรา 2 แห่งพระราชบัญญัติสมาคมการค้า พ.ศ. 2509 พระราชบัญญัตินี้ให้ใช้บังคับตั้งแต่วันถัดจากวันประกาศในราชกิจจานุเบกษาเป็นต้นไป,976,75,1051,0.1318767000338994,1.2166456999839284,1.3485224000178277,1,1,1.0,1.0,0.0,0.0,0.9677844643592834
385,sparse_rag,การตั้งกรรมการหรือการเปลี่ยนตัวกรรมการของสมาคมการค้าต้องทำอย่างไร,การตั้งกรรมการหรือการเปลี่ยนตัวกรรมการของสมาคมการค้าต้องนำรายชื่อไปจดทะเบียนต่อนายทะเบียนภายในกำหนด 30 วันนับแต่วันตั้งหรือเปลี่ยนตัวกรรมการ โดยตามมาตรา 30 แห่งพระราชบัญญัติสมาคมการค้า พ.ศ. 2509,สมาคมการค้าต้องทำ ดังนี้ 1 จดทะเบียนต่อนายทะเบียนภายในกำหนด 30 วันนับแต่วันตั้งหรือเปลี่ยนตัวกรรมการ,สมาคมการค้าต้องทำ ดังนี้ 1 จดทะเบียนต่อนายทะเบียนภายในกำหนด 30 วันนับแต่วันตั้งหรือเปลี่ยนตัวกรรมการ คำอธิบายขยายความ : พระราชบัญญัติสมาคมการค้า พ.ศ. 2509 มาตรา 30 กรณีกรรมการขาดคุณสมบัติ 1 เป็นผู้ซึ่งมีความประพฤติเสื่อมเสีย 2 มีเหตุอันควรสงสัยว่าอาจเป็นภัยต่อเศรษฐกิจ ความมั่นคงของประเทศ หรือต่อความสงบเรียบร้อยหรือศีลธรรมอันดีของประชาชน ผล คือ นายทะเบียนมีอำนาจไม่รับจดทะเบียนผู้นั้นเป็นกรรมการของสมาคมการค้า,1130,100,1230,0.13503249996574596,1.5483423999976367,1.6833748999633826,1,1,1.0,1.0,0.5,0.5,0.8929218053817749
386,sparse_rag,ใครขัดขวางการทำหน้าที่ของสารวัตรใหญ่บัญชีในการเข้าไปในสถานที่เก็บรักษาบัญชีมีโทษอย่างไร,ผู้ใดขัดขวางการปฏิบัติหน้าที่ของสารวัตรใหญ่บัญชี ซึ่งปฏิบัติการตามมาตรา 22 แห่งพระราชบัญญัติการบัญชี พ.ศ. 2543 ต้องระวางโทษจำคุกไม่เกินหนึ่งปี หรือปรับไม่เกินสองหมื่นบาท หรือทั้งจำทั้งปรับ,ต้องระวางโทษตามพระราชบัญญัติการบัญชี พ.ศ. 2543 มาตรา 36 คือ จำคุกไม่เกินหนึ่งปี หรือปรับไม่เกินสองหมื่นบาท หรือทั้งจำทั้งปรับ,ต้องระวางโทษตามพระราชบัญญัติการบัญชี พ.ศ. 2543 มาตรา 36 คือ จำคุกไม่เกินหนึ่งปี หรือปรับไม่เกินสองหมื่นบาท หรือทั้งจำทั้งปรับ,1422,120,1542,0.12945700000273064,2.138517299958039,2.2679742999607697,1,0,0.6666666666666666,1.0,0.5,0.5,0.8805299401283264
387,sparse_rag,หากบริษัทไม่มีการจัดทำบัญชีจะมีความผิดหรือไม่อย่างไร,หากบริษัทไม่มีการจัดทำบัญชี จะมีความผิดตามมาตรา 31 แห่งพระราชบัญญัติการบัญชี พ.ศ. 2543 โดยต้องชำระค่าปรับเป็นพินัยไม่เกินห้าพันบาท,"มีความผิด โดยต้องรับโทษชำระค่าปรับเป็นพินัยไม่เกิน 30,000 บาท และชำระค่าปรับเป็นพินัยเป็นรายวันอีกไม่เกินวันละ 1,000 บาทจนกว่าจะมีการจัดทำบัญชีนั้น","มีความผิด โดยต้องรับโทษชำระค่าปรับเป็นพินัยไม่เกิน 30,000 บาท และชำระค่าปรับเป็นพินัยเป็นรายวันอีกไม่เกินวันละ 1,000 บาทจนกว่าจะมีการจัดทำบัญชีนั้น",872,76,948,0.13416150002740324,1.4394411999965087,1.573602700023912,0,0,0.0,0.0,0.0,0.0,0.8660025596618652
388,sparse_rag,ผู้มีหน้าที่จัดทำบัญชีฝ่าฝืนพระราชบัญญัติการบัญชี พ.ศ. 2543 มีความผิดหรือไม่,"ผู้มีหน้าที่จัดทำบัญชีที่ฝ่าฝืนพระราชบัญญัติการบัญชี พ.ศ. 2543 เช่น ไม่ปฏิบัติตามมาตรา 11 วรรคสาม, มาตรา 13, มาตรา 14, มาตรา 15 หรือมาตรา 17 ต้องรับผิดทางพินัยตามมาตรา 31 แห่งพระราชบัญญัติการบัญชี พ.ศ. 2543 โดยต้องชำระค่าปรับไม่เกินห้าพันบาท หรือหากไม่ปฏิบัติตามมาตรา 11 วรรคสี่ ต้องรับผิดตามมาตรา 32 ซึ่งต้องชำระค่าปรับไม่เกินสองหมื่นบาท",มี โดยมีความผิดทางพินัยต้องชำระค่าปรับเป็นพินัย,มี โดยมีความผิดทางพินัยต้องชำระค่าปรับเป็นพินัย คำอธิบายเพิ่มเติม : ตามมาตรา 31 พระราชบัญญัติการบัญชี พ.ศ. 2543 ผู้มีหน้าที่จัดทำบัญชีผู้ใดไม่ปฏิบัติตามมาตรา 11 วรรคสาม มาตรา 13 มาตรา 14 มาตรา 15 หรือมาตรา 17 มีความผิดทางพินัยต้องชำระค่าปรับเป็นพินัยไม่เกินห้าพันบาท,892,207,1099,0.13374020002083853,3.810271999973338,3.9440121999941766,1,0,0.16666666666666666,1.0,0.0,0.0,0.9427469968795776
389,sparse_rag,ผู้จัดทำบัญชีห้างหุ้นส่วนจดทะเบียนที่จัดตั้งขึ้นตามกฎหมายไทย นิติบุคคลที่ตั้งขึ้นตามกฎหมายต่างประเทศ และกิจการร่วมค้าตามประมวลรัษฎากร มีหน้าที่ใดบ้าง,ผู้มีหน้าที่จัดทำบัญชี ได้แก่ ห้างหุ้นส่วนจดทะเบียน บริษัทจำกัด บริษัทมหาชนจำกัด นิติบุคคลที่ตั้งขึ้นตามกฎหมายต่างประเทศที่ประกอบธุรกิจในประเทศไทย และกิจการร่วมค้าตามประมวลรัษฎากร ต้องมีหน้าที่จัดทำบัญชีสำหรับการประกอบธุรกิจของตน โดยต้องทำบัญชีตั้งแต่วันที่เริ่มประกอบธุรกิจ ตามที่กำหนดไว้ในมาตรา 9 แห่งพระราชบัญญัติการบัญชี พ.ศ. 2543 และต้องทำบัญชีให้เป็นไปตามรายละเอียด หลักเกณฑ์ และวิธีการที่กฎหมายกำหนดไว้ในพระราชบัญญัตินี้,1. ต้องจัดทำงบการเงินและยื่นงบการเงินต่อสำนักงานกลางบัญชีหรือสำนักงานบัญชีประจำท้องที่ภายใน 5 เดือนนับแต่วันปิดบัญชีตามมาตรา 10 2. กรณีบริษัทจำกัดหรือบริษัทมหาชนจำกัดที่จัดตั้งขึ้นตามกฎหมายไทยให้ยื่นภายใน 1 เดือนนับแต่วันที่งบการเงินนั้นได้รับอนุมัติในที่ประชุมใหญ่.,ผู้จัดทำบัญชี มีหน้าที่ดังนี้ 1 ต้องจัดทำงบการเงินและยื่นงบการเงินต่อสำนักงานกลางบัญชีหรือสำนักงานบัญชีประจำท้องที่ภายใน 5 เดือนนับแต่วันปิดบัญชีตามมาตรา 10 2 กรณีบริษัทจำกัดหรือบริษัทมหาชนจำกัดที่จัดตั้งขึ้นตามกฎหมายไทยให้ยื่นภายใน 1 เดือนนับแต่วันที่งบการเงินนั้นได้รับอนุมัติในที่ประชุมใหญ่ คำอธิบายขยายความ : ตามพระราชบัญญัติการบัญชี พ.ศ. 2543 มาตรา 11 ข้อยกเว้น มีเหตุจำเป็นทำให้ผู้มีหน้าที่จัดทำบัญชีไม่สามารถจะปฏิบัติตามกำหนดเวลาดังกล่าวได้ อธิบดีอาจพิจารณาสั่งให้ขยายหรือเลื่อนกำหนดเวลาออกไปอีกตามความจำเป็นแก่กรณีได้ การยื่นงบการเงินให้เป็นไปตามหลักเกณฑ์และวิธีการที่อธิบดีกำหนด รายละเอียดงบการเงิน 1 งบการเงินต้องมีรายการย่อตามที่อธิบดีประกาศกำหนดโดยความเห็นชอบของรัฐมนตรี เว้นแต่กรณีที่ได้มีกฎหมายเฉพาะกำหนดเพิ่มเติมจากรายการย่อของงบการเงินที่อธิบดีกำหนดไว้แล้วให้ใช้รายการย่อตามที่กำหนดในกฎหมายเฉพาะนั้น 2 งบการเงินต้องได้รับการตรวจสอบและแสดงความเห็นโดยผู้สอบบัญชีรับอนุญาต เว้นแต่งบการเงินของผู้มีหน้าที่จัดทำบัญชีซึ่งเป็นห้างหุ้นส่วนจดทะเบียนที่จัดตั้งขึ้นตามกฎหมายไทยที่มีทุน สินทรัพย์ หรือรายได้ รายการใดรายการหนึ่งหรือทุกรายการ ไม่เกินที่กำหนดโดยกฎกระทรวง,1810,242,2052,0.14987360005034134,3.83908349997364,3.988957100023981,0,0,0.0,0.0,0.0,0.0,0.8371769189834595
390,sparse_rag,งบการเงินไม่ได้รับการตรวจสอบโดยผู้สอบบัญชีรับอนุญาตได้ไหม,ไม่ได้ ตามมาตรา 11 แห่งพระราชบัญญัติการบัญชี พ.ศ. 2543 งบการเงินต้องได้รับการตรวจสอบและแสดงความเห็นโดยผู้สอบบัญชีรับอนุญาต เว้นแต่งบการเงินของผู้มีหน้าที่จัดทำบัญชีที่เป็นห้างหุ้นส่วนจดทะเบียนซึ่งมีทุน สินทรัพย์ หรือรายได้ รายการใดรายการหนึ่งหรือทุกรายการ ไม่เกินที่กำหนดโดยกฎกระทรวง,ไม่ได้ เพราะผู้มีหน้าที่จัดทำบัญชีผู้ใดไม่ปฏิบัติตามมาตรา 11 วรรคสี่ มีความผิดทางพินัยต้องชำระค่าปรับเป็นพินัยไม่เกินสองหมื่นบาท,ไม่ได้ เพราะผู้มีหน้าที่จัดทำบัญชีผู้ใดไม่ปฏิบัติตามมาตรา 11 วรรคสี่ มีความผิดทางพินัยต้องชำระค่าปรับเป็นพินัยไม่เกินสองหมื่นบาท คำอธิบายขยายความ: พระราชบัญญัติการบัญชี พ.ศ. 2543 มาตรา 32 ผู้มีหน้าที่จัดทำบัญชีผู้ใดไม่ปฏิบัติตามมาตรา 11 วรรคสี่ มีความผิดทางพินัยต้องชำระค่าปรับเป็นพินัยไม่เกินสองหมื่นบาท*,1684,159,1843,0.13619689998449758,3.055806999967899,3.1920038999523968,1,0,0.5,0.0,1.0,1.0,0.7823919057846069
391,sparse_rag,โทษของการที่คนทำบัญชีโกหกว่าเอกสารเสียหายคืออะไร,ผู้ใดทำให้เสียหาย ทำลาย ซ่อนเร้น หรือทำให้สูญหายหรือทำให้ไร้ประโยชน์ซึ่งบัญชีหรือเอกสารที่ต้องใช้ประกอบการลงบัญชี ต้องระวางโทษจำคุกไม่เกินหนึ่งปีหรือปรับไม่เกินสองหมื่นบาท หรือทั้งจำทั้งปรับ ตามมาตรา 38 แห่งพระราชบัญญัติการบัญชี พ.ศ. 2543 หากผู้กระทำผิดเป็นผู้มีหน้าที่จัดทำบัญชี ต้องระวางโทษจำคุกไม่เกินสองปี หรือปรับไม่เกินสี่หมื่นบาท หรือทั้งจำทั้งปรับ,"ต้องระวางโทษจำคุกไม่เกิน 6 เดือน หรือปรับไม่เกิน 10,000 บาท หรือทั้งจำทั้งปรับ","กรณีแจ้งเท็จว่าทำเอกสารที่ใช้ประกอบการลงบัญชีสูญหายหรือเสียหาย ต้องระวางโทษจำคุกไม่เกิน 6 เดือน หรือปรับไม่เกิน 10,000 บาท หรือทั้งจำทั้งปรับ 

คำอธิบายขยายความ : พระราชบัญญัติการบัญชี พ.ศ. 2543 มาตรา 33 ผู้มีหน้าที่จัดทำบัญชีผู้ใดแจ้งข้อความตามมาตรา 15 เป็นเท็จต่อสารวัตรใหญ่บัญชีหรือสารวัตรบัญชีว่า -บัญชีหรือเอกสารที่ต้องใช้ประกอบการลงบัญชีสูญหาย หรือ -บัญชีหรือเอกสารที่ต้องใช้ประกอบการลงบัญชีเสียหาย ผล => ต้องระวางโทษจำคุกไม่เกิน 6 เดือน หรือปรับไม่เกิน 10,000 บาท หรือทั้งจำทั้งปรับ",1161,209,1370,0.13878050004132092,3.9280515999998897,4.066832100041211,0,0,0.0,0.0,0.0,0.0,0.8900216817855835
392,sparse_rag,สารวัตรบัญชีสามารถเปิดเผยข้อมูลที่ได้รับจากการปฏิบัติหน้าที่หรือไม่,ไม่สามารถเปิดเผยข้อมูลที่ได้รับจากการปฏิบัติหน้าที่ได้ เว้นแต่จะมีกฎหมายบัญญัติไว้เป็นอย่างอื่น เนื่องจากตามมาตรา 22 แห่งพระราชบัญญัติการบัญชี พ.ศ. 2543 บัญชีและเอกสารที่ได้รับการตรวจสอบหรือยึดมานั้นต้องถูกเก็บรักษาไว้เป็นความลับ และไม่อาจเปิดเผยแก่บุคคลภายนอกได้ ยกเว้นตามบทบัญญัติของกฎหมายอื่นที่กำหนดไว้,ไม่ได้ เว้นแต่จะมีอำนาจที่จะทำได้โดยชอบด้วยกฎหมายตามพระราชบัญญัติการบัญชี พ.ศ. 2543 มาตรา 25,"ไม่ได้ เว้นแต่จะมีอำนาจที่จะทำได้โดยชอบด้วยกฎหมายตามพระราชบัญญัติการบัญชี พ.ศ. 2543 มาตรา 25

คำอธิบายเพิ่มเติม
พระราชบัญญัติการบัญชี พ.ศ. 2543 มาตรา 25 ห้ามมิให้ผู้ใดเปิดเผยข้อความใด ๆ ที่ทราบหรือได้มาเนื่องจากการปฏิบัติตามมาตรา 22 หรือมาตรา 24 เว้นแต่จะมีอำนาจที่จะทำได้โดยชอบด้วยกฎหมาย",1259,169,1428,0.13217769999755546,2.7815080999862403,2.9136857999837957,1,0,0.3333333333333333,0.0,0.5,0.5,0.8857269883155823
393,sparse_rag,นิติบุคคลต้องเริ่มทำบัญชีวันไหน,นิติบุคคลต้องเริ่มทำบัญชีนับแต่วันที่ได้รับการจดทะเบียนเป็นนิติบุคคลตามกฎหมาย ตามมาตรา 9 (1) แห่งพระราชบัญญัติการบัญชี พ.ศ. 2543,ขึ้นอยู่กับว่าคือนิติบุคคลอะไร ห้างหุ้นส่วนจดทะเบียน บริษัทจำกัด หรือบริษัทมหาชนจำกัด ให้เริ่มทำบัญชีนับแต่วันที่ห้างหุ้นส่วนจดทะเบียน บริษัทจำกัด หรือบริษัทมหาชนจำกัดนั้น ได้รับการจดทะเบียนเป็นนิติบุคคลตามกฎหมาย (2) นิติบุคคลที่ตั้งขึ้นตามกฎหมายต่างประเทศที่ประกอบธุรกิจในประเทศไทย ให้เริ่มทำบัญชีนับแต่วันที่นิติบุคคลที่ตั้งขึ้นตามกฎหมายต่างประเทศนั้นได้เริ่มต้นประกอบธุรกิจในประเทศไทย (3) กิจการร่วมค้าตามประมวลรัษฎากร ให้เริ่มทำบัญชีนับแต่วันที่กิจการร่วมค้านั้นได้เริ่มต้นประกอบกิจการ (4) สถานที่ประกอบธุรกิจเป็นประจำตามมาตรา 8 วรรคสอง ให้เริ่มทำบัญชีนับแต่วันที่สถานที่ประกอบธุรกิจเป็นประจำนั้นเริ่มต้นประกอบกิจการ.,ขึ้นอยู่กับว่าคือนิติบุคคลอะไร ห้างหุ้นส่วนจดทะเบียน บริษัทจำกัด หรือบริษัทมหาชนจำกัด ให้เริ่มทำบัญชีนับแต่วันที่ห้างหุ้นส่วนจดทะเบียน บริษัทจำกัด หรือบริษัทมหาชนจำกัดนั้น ได้รับการจดทะเบียนเป็นนิติบุคคลตามกฎหมาย (2) นิติบุคคลที่ตั้งขึ้นตามกฎหมายต่างประเทศที่ประกอบธุรกิจในประเทศไทย ให้เริ่มทำบัญชีนับแต่วันที่นิติบุคคลที่ตั้งขึ้นตามกฎหมายต่างประเทศนั้นได้เริ่มต้นประกอบธุรกิจในประเทศไทย (3) กิจการร่วมค้าตามประมวลรัษฎากร ให้เริ่มทำบัญชีนับแต่วันที่กิจการร่วมค้านั้นได้เริ่มต้นประกอบกิจการ (4) สถานที่ประกอบธุรกิจเป็นประจำตามมาตรา 8 วรรคสอง ให้เริ่มทำบัญชีนับแต่วันที่สถานที่ประกอบธุรกิจเป็นประจำนั้นเริ่มต้นประกอบกิจการ คำถาม,1743,80,1823,0.1311678999918513,1.5326730000087991,1.6638409000006504,1,1,1.0,1.0,0.0,0.0,0.8108171224594116
394,sparse_rag,ถ้าผู้ทำบัญชีไม่แสดงรายการบัญชีตามจริง อัตราโทษเท่าไหร่,ผู้ทำบัญชีที่ไม่แสดงรายการบัญชีตามจริง ถือเป็นการลงรายการเท็จหรือละเว้นการลงรายการในบัญชี ซึ่งมีความผิดตามมาตรา 39 แห่งพระราชบัญญัติการบัญชี พ.ศ. 2543 โดยต้องระวางโทษจำคุกไม่เกินสามปี หรือปรับไม่เกินหกหมื่นบาท หรือทั้งจำทั้งปรับ,ต้องระวางโทษจำคุกไม่เกินหกเดือนหรือปรับไม่เกินหนึ่งหมื่นบาท หรือทั้งจำทั้งปรับ สำหรับผู้ทำบัญชีทั่วไป และสำหรับสารวัตรใหญ่บัญชี สารวัตรบัญชี หรือเจ้าพนักงาน ต้องระวางโทษจำคุกไม่เกินหนึ่งปี หรือปรับไม่เกินสองหมื่นบาท หรือทั้งจำทั้งปรับ.,พระราชบัญญัติการบัญชี พ.ศ. 2543 มาตรา 37 ผู้ใดฝ่าฝืนมาตรา 25 ต้องระวางโทษจำคุกไม่เกินหกเดือนหรือปรับไม่เกินหนึ่งหมื่นบาท หรือทั้งจำทั้งปรับ ในกรณีที่ผู้กระทำความผิดตามวรรคหนึ่งเป็นสารวัตรใหญ่บัญชี สารวัตรบัญชี หรือเจ้าพนักงาน ต้องระวางโทษจำคุกไม่เกินหนึ่งปี หรือปรับไม่เกินสองหมื่นบาท หรือทั้งจำทั้งปรับ,1067,131,1198,0.1342970000114292,2.5601587999844924,2.6944557999959216,0,0,0.0,0.0,0.0,0.0,0.8548561930656433
395,sparse_rag,ค่าปรับเป็นพินัยต้องชำระไม่เกินกี่บาท,ตามพระราชบัญญัติบริษัทมหาชนจำกัด พ.ศ. 2535 มาตรา 215 ค่าปรับเป็นพินัยต้องชำระไม่เกินห้าหมื่นบาท,ห้าพันบาท,500 บาท  พระราชบัญญัติการบัญชี พ.ศ. 2543 มาตรา 35 ผู้ใดไม่ปฏิบัติตามมาตรา 21 มีความผิดทางพินัยต้องชำระค่าปรับเป็นพินัยไม่เกินห้าพันบาท*,917,56,973,0.1328535999637097,1.0808658000314608,1.2137193999951705,0,0,0.0,0.0,0.0,0.0,0.8714518547058105
396,sparse_rag,บัญชีและเอกสารที่ใช้ในการลงบัญชีต้องเก็บไว้กี่ปี,ตามมาตรา 14 แห่งพระราชบัญญัติการบัญชี พ.ศ. 2543 บัญชีและเอกสารที่ต้องใช้ประกอบการลงบัญชีต้องเก็บรักษาไว้เป็นเวลาไม่น้อยกว่าห้าปีนับแต่วันปิดบัญชี หรือจนกว่าจะมีการส่งมอบบัญชีและเอกสารตามมาตรา 17,ไม่น้อยกว่า 5 ปีนับแต่วันปิดบัญชี หรือจนกว่าจะส่งมอบบัญชีและเอกสารตามมาตรา 17,ไม่น้อยกว่า 5 ปีนับแต่วันปิดบัญชี หรือจนกว่าจะส่งมอบบัญชีและเอกสารตามมาตรา 17  พระราชบัญญัติการบัญชี พ.ศ. 2543 มาตรา 14  กรณีปกติ : ผู้มีหน้าที่จัดทำบัญชีต้องเก็บรักษาบัญชีและเอกสารที่ต้องใช้ประกอบการลงบัญชีไว้เป็นเวลาไม่น้อยกว่า 5 ปีนับแต่วันปิดบัญชีหรือจนกว่าจะมีการส่งมอบบัญชีและเอกสารตามมาตรา 17 กรณีพิเศษ : ให้อธิบดีโดยความเห็นชอบของรัฐมนตรีมีอำนาจกำหนดให้ผู้มีหน้าที่จัดทำบัญชีเก็บรักษาบัญชีและเอกสารที่ต้องใช้ประกอบการลงบัญชีไว้เกิน 5 ปีแต่ต้องไม่เกิน 7 ปีได้ เพื่อประโยชน์ในการตรวจสอบบัญชีของกิจการประเภทใดประเภทหนี่ง,1374,108,1482,0.12765270000090823,1.894628800044302,2.02228150004521,1,0,0.5,1.0,0.5,0.5,0.910355269908905
397,sparse_rag,ผู้ฝ่าฝืนหรือไม่ปฏิบัติตามประกาศของอธิบดีต้องระวางโทษอย่างไร,ผู้ฝ่าฝืนหรือไม่ปฏิบัติตามประกาศของอธิบดี ต้องระวางโทษปรับไม่เกินสามแสนบาท และปรับเพิ่มอีกไม่เกินวันละหนึ่งหมื่นบาท ตลอดเวลาที่ยังมิได้ปฏิบัติให้ถูกต้อง ตามมาตรา 67 แห่งพระราชกำหนดการประกอบธุรกิจสินทรัพย์ดิจิทัล พ.ศ. 2561,ชำระค่าปรับ,ชำระค่าปรับ พระราชบัญญัติการบัญชี พ.ศ. 2543 มาตรา 27 ผู้ใดฝ่าฝืนหรือไม่ปฏิบัติตามประกาศของอธิบดีที่ออกตามมาตรา 7 (1) (2) (3) (4) หรือ (6) มีความผิดทางพินัยต้องชำระค่าปรับเป็นพินัยไม่เกินหนึ่งหมื่นบาท กรณีที่ฝ่าฝืน หรือไม่ปฏิบัติตามประกาศของอธิบดีที่ออกตามมาตรา 7 (1) (2) (3) หรือ (4) ให้ชำระค่าปรับเป็นพินัยเป็นรายวันอีกไม่เกินวันละห้าร้อยบาท*จนกว่าจะปฏิบัติให้ถูกต้อง,1215,131,1346,0.13861159997759387,2.1623487999895588,2.3009603999671526,0,0,0.0,0.0,0.0,0.0,0.8425347208976746
398,sparse_rag,ภายหลังจากการประกาศใช้ พระราชบัญญัติการบัญชี พ.ศ. 2543 มีระยะเวลากี่ปีให้ผู้ทำบัญชีทำตามกฎหมาย,ภายหลังการประกาศใช้พระราชบัญญัติการบัญชี พ.ศ. 2543 ผู้ทำบัญชีมีระยะเวลาไม่เกินหนึ่งปี นับแต่วันที่พระราชบัญญัตินี้มีผลใช้บังคับ ในการดำเนินการตามมาตรา 19 ซึ่งกำหนดให้ผู้มีหน้าที่จัดทำบัญชีจัดให้มีผู้ทำบัญชีให้ถูกต้องตามกฎหมาย โดยอธิบดีอาจขยายระยะเวลาได้อีกไม่เกินหนึ่งปี หากเห็นสมควร ตามมาตรา 45 แห่งพระราชบัญญัติการบัญชี พ.ศ. 2543,ภายในหนึ่งปีนับแต่วันที่พระราชบัญญัตินี้มีผลใช้บังคับ,"ผู้มีหน้าที่จัดทำบัญชีจัดให้มีผู้ทำบัญชีให้ถูกต้องตามกฎหมาย ภายในหนึ่งปีนับแต่วันที่พระราชบัญญัตินี้มีผลใช้บังคับ กำหนดระยะเวลานี้ อธิบดีโดยความเห็นชอบของรัฐมนตรี จะขยายออกไปอีกตามความจำเป็นแก่กรณีก็ได้ ทั้งนี้ ต้องไม่เกินหนึ่งปี   


พระราชบัญญัติการบัญชี พ.ศ. 2543 มาตรา 45 ให้ผู้มีหน้าที่จัดทำบัญชีจัดให้มีผู้ทำบัญชีให้ถูกต้องตามมาตรา 19 ภายในหนึ่งปีนับแต่วันที่พระราชบัญญัตินี้มีผลใช้บังคับ กำหนดระยะเวลาตามวรรคหนึ่ง อธิบดีโดยความเห็นชอบของรัฐมนตรี จะขยายออกไปอีกตามความจำเป็นแก่กรณีก็ได้ ทั้งนี้ ต้องไม่เกินหนึ่งปี ในระหว่างระยะเวลาตามวรรคหนึ่งและวรรคสอง มิให้นำบทบัญญัติมาตรา 29 มาใช้บังคับแก่ผู้มีหน้าที่จัดทำบัญชีที่มิได้จัดให้มีผู้ทำบัญชีตามมาตรา 19 วรรคหนึ่ง",1432,189,1621,0.1348648999701254,3.1147559999953955,3.249620899965521,1,0,0.3333333333333333,1.0,0.0,0.0,0.9229482412338257
399,sparse_rag,ผู้ทำบัญชีมาก่อนพระราชบัญญัติการบัญชี พ.ศ. 2543 ใช้บังคับต้องการเป็นผู้ทำบัญชีต่อต้องทำอย่างไร,ผู้ทำบัญชีที่มีประสบการณ์มาก่อนวันที่พระราชบัญญัติการบัญชี พ.ศ. 2543 ใช้บังคับ ต้องแจ้งต่ออธิบดีตามหลักเกณฑ์ วิธีการ และเงื่อนไขที่อธิบดีประกาศกำหนดภายใน 60 วันนับแต่วันที่พระราชบัญญัตินี้ใช้บังคับ และต้องผ่านการอบรมตามที่อธิบดีกำหนด จึงจะสามารถเป็นผู้ทำบัญชีต่อได้เป็นเวลา 8 ปีนับแต่วันที่พระราชบัญญัตินี้ใช้บังคับ ตามมาตรา 42 แห่งพระราชบัญญัติการบัญชี พ.ศ. 2543,1. ต้องเป็นผู้มีหน้าที่จัดทำบัญชีอยู่ก่อนวันที่พระราชบัญญัตินี้ใช้บังคับไม่น้อยกว่า 5 ปี 2. ไม่มีคุณสมบัติของการเป็นผู้ทำบัญชีตามที่อธิบดีกำหนดตามมาตรา 7 (6) 3. แจ้งต่ออธิบดีตามหลักเกณฑ์ วิธีการ และเงื่อนไขที่อธิบดีประกาศกำหนดภายใน 60 วันนับแต่วันที่พระราชบัญญัตินี้ใช้บังคับ 4. เข้ารับการอบรมและสำเร็จการอบรมตามหลักเกณฑ์ วิธีการ และระยะเวลาที่อธิบดีประกาศกำหนดแล้ว จะเป็นผู้ทำบัญชีต่อไปได้เป็นเวลา 8 ปีนับแต่วันที่พระราชบัญญัตินี้ใช้บังคับ.,เงื่อนไขของผู้ทำบัญชีก่อนพระราชบัญญัติการบัญชี พ.ศ. 2543 ใช้บังคับ มีดังนี้ 1 ต้องเป็นผู้มีหน้าที่จัดทำบัญชีอยู่ก่อนวันที่พระราชบัญญัตินี้ใช้บังคับไม่น้อยกว่า 5 ปี 2 ไม่มีคุณสมบัติของการเป็นผู้ทำบัญชีตามที่อธิบดีกำหนดตามมาตรา 7 (6) วิธีการจะเป็นผู้ทำบัญชีต่อไป มีดังนี้ 1 ให้แจ้งต่ออธิบดีตามหลักเกณฑ์ วิธีการ และเงื่อนไขที่อธิบดีประกาศกำหนด 2 ภายใน 60 สิบวันนับแต่วันที่พระราชบัญญัตินี้ใช้บังคับ 3 เมื่อผู้นั้นเข้ารับการอบรมและสำเร็จการอบรมตามหลักเกณฑ์ วิธีการ และระยะเวลาที่อธิบดีประกาศกำหนดแล้ว ให้ผู้นั้นเป็นผู้ทำบัญชีต่อไปได้เป็นเวลา 8 ปีนับแต่วันที่พระราชบัญญัตินี้ใช้บังคับ คำอธิบายขยายความ : ตามพระราชบัญญัติการบัญชี พ.ศ. 2543 พระราชบัญญัติการบัญชี พ.ศ. 2543 บังคับใช้เมื่อ 10 สิงหาคม 2543,1239,214,1453,0.16085579997161403,4.077311500033829,4.238167300005443,1,0,0.5,0.5,0.2222222222222222,0.2222222222222222,0.9170277118682861
400,sparse_rag,คนที่มีหน้าที่จัดทำบัญชีต้องปิดบัญชีครั้งแรกภายในกี่เดือน,ผู้มีหน้าที่จัดทำบัญชีต้องปิดบัญชีครั้งแรกภายในสิบสองเดือนนับแต่วันเริ่มทำบัญชี ตามมาตรา 10 แห่งพระราชบัญญัติการบัญชี พ.ศ. 2543,สิบสองเดือน,"คนที่มีหน้าที่จัดทำบัญชีต้องปิดบัญชีครั้งแรกภายในสิบสองเดือนนับแต่วันเริ่มทำบัญชีที่กำหนดตามมาตรา 8 วรรคหก หรือวันเริ่มทำบัญชีตามมาตรา 9 แล้วแต่กรณี และปิดบัญชีทุกรอบสิบสองเดือนนับแต่วันปิดบัญชีครั้งก่อน เว้นแต่
(1) เมื่อได้รับอนุญาตจากสารวัตรใหญ่บัญชีหรือสารวัตรบัญชีให้เปลี่ยนรอบปีบัญชีแล้วอาจปิดบัญชีก่อนครบรอบสิบสองเดือนได้
(2) ในกรณีมีหน้าที่จัดทำบัญชีตามมาตรา 8 วรรคสอง ให้ปิดบัญชีพร้อมกับสำนักงานใหญ่",1588,81,1669,0.13231320003978908,1.6713086999952793,1.8036219000350684,1,0,0.3333333333333333,1.0,0.0,0.0,0.8550496101379395
401,sparse_rag,ผู้จัดทำบัญชีตามพระราชบัญญัติการบัญชีมีหน้าที่อย่างไรบ้าง,ผู้จัดทำบัญชีตามพระราชบัญญัติการบัญชี พ.ศ. 2543 มีหน้าที่ต้องจัดทำบัญชีเพื่อให้มีการแสดงผลการดำเนินงาน ฐานะการเงิน หรือการเปลี่ยนแปลงฐานะการเงินของผู้มีหน้าที่จัดทำบัญชีให้เป็นไปตามความเป็นจริงและตามมาตรฐานการบัญชี โดยต้องมีเอกสารประกอบการลงบัญชีให้ถูกต้องครบถ้วน (ตามมาตรา 20) และต้องควบคุมดูแลผู้ทำบัญชีให้จัดทำบัญชีให้ตรงต่อความเป็นจริงและถูกต้องตามพระราชบัญญัตินี้ (ตามมาตรา 19),ผู้มีหน้าที่จัดทำบัญชีต้องจัดให้มีผู้ทำบัญชีซึ่งเป็นผู้มีคุณสมบัติตามที่อธิบดีกำหนดเพื่อจัดทำบัญชีตามพระราชบัญญัติการบัญชีและมีหน้าที่ควบคุมดูแลผู้ทำบัญชีให้จัดทำบัญชีให้ตรงต่อความเป็นจริงและถูกต้อง,"ผู้มีหน้าที่จัดทำบัญชีต้องจัดให้มีผู้ทำบัญชีซึ่งเป็นผู้มีคุณสมบัติตามที่อธิบดีกำหนดเพื่อจัดทำบัญชีตามพระราชบัญญัติการบัญชีทและมีหน้าที่ควบคุมดูแลผู้ทำบัญชีให้จัดทำบัญชีให้ตรงต่อความเป็นจริงและถูกต้อง 

ตามพระราชบัญญัติการบัญชี พ.ศ. 2543 มาตรา 19 ผู้มีหน้าที่จัดทำบัญชีต้องจัดให้มีผู้ทำบัญชีซึ่งเป็นผู้มีคุณสมบัติตามที่อธิบดีกำหนดตามมาตรา 7 (6) เพื่อจัดทำบัญชีตามพระราชบัญญัตินี้ และมีหน้าที่ควบคุมดูแลผู้ทำบัญชีให้จัดทำบัญชีให้ตรงต่อความเป็นจริงและถูกต้องตามพระราชบัญญัตินี้ ผู้มีหน้าที่จัดทำบัญชีซึ่งเป็นบุคคลธรรมดาจะเป็นผู้ทำบัญชีสำหรับกิจการของตนเองก็ได้",1017,203,1220,0.13102400000207126,3.2593114000046626,3.390335400006734,1,0,0.5,1.0,0.0,0.0,0.894523024559021
402,sparse_rag,ถ้าเราในฐานะบุคคลทั่วไปไม่ใช่ผู้ที่มีส่วนได้เสีย จะสามารถขอดูหรือขอถ่ายสำเนางบการเงินได้มั้ย,ตามมาตรา 18 แห่งพระราชบัญญัติการบัญชี พ.ศ. 2543 บุคคลทั่วไปแม้ไม่ใช่ผู้มีส่วนได้เสีย ก็ยังสามารถขอตรวจดูหรือขอสำเนาบัญชีและเอกสารที่เกี่ยวข้องได้ โดยต้องเสียค่าใช้จ่ายตามที่อธิบดีกำหนด,สามารถทำได้,สามารถทำได้    มาตรา 18 แห่งพระราชบัญญัติการบัญชี พ.ศ. 2543 งบการเงิน บัญชี และเอกสารที่สารวัตรใหญ่บัญชีหรือสารวัตรบัญชีได้รับและเก็บรักษาไว้ตามมาตรา 11 หรือมาตรา 17 ผู้มีส่วนได้เสียหรือบุคคลทั่วไปอาจขอตรวจดูหรือขอภาพถ่ายสำเนาได้โดยเสียค่าใช้จ่ายตามที่อธิบดีกำหนด,1028,108,1136,0.13740609999513254,2.1723918999778107,2.309797999972943,1,0,0.3333333333333333,1.0,0.0,0.0,0.9017066955566406
404,sparse_rag,หากผู้มีหน้าที่จัดทำบัญชีไม่ได้ส่งมอบเอกสารที่ใช้ประกอบในการลงบัญชีให้แก่ผู้ทำบัญชี ผู้จัดทำบัญชีจะมีความผิดและต้องรับโทษอย่างไรบ้าง,ผู้มีหน้าที่จัดทำบัญชีที่ไม่ส่งมอบเอกสารที่ใช้ประกอบการลงบัญชีให้แก่ผู้ทำบัญชีอย่างครบถ้วนถูกต้อง ถือว่าฝ่าฝืนมาตรา 12 แห่งพระราชบัญญัติการบัญชี พ.ศ. 2543 ซึ่งกำหนดให้ผู้มีหน้าที่จัดทำบัญชีต้องส่งมอบเอกสารดังกล่าวให้ถูกต้องครบถ้วน เพื่อให้บัญชีที่จัดทำขึ้นแสดงผลการดำเนินงาน ฐานะการเงิน หรือการเปลี่ยนแปลงฐานะการเงินตามความเป็นจริงและตามมาตรฐานการบัญชี อย่างไรก็ตาม กฎหมายดังกล่าวไม่ได้ระบุโทษทางอาญาโดยตรงสำหรับการไม่ส่งมอบเอกสารดังกล่าว แต่อาจมีบทลงโทษทางปกครองหรือการดำเนินคดีแพ่งตามความเสียหายที่เกิดขึ้น ทั้งนี้ ผู้ทำบัญชีอาจไม่ต้องรับผิดทางกฎหมายหากไม่ได้รับเอกสารจากผู้มีหน้าที่จัดทำบัญชี แต่ผู้มีหน้าที่จัดทำบัญชีต้องรับผิดชอบต่อการไม่ปฏิบัติตามหน้าที่ตามมาตรา 12 ดังกล่าว,"มีความผิดทางพินัย และต้องรับโทษชำระค่าปรับเป็นพินัยไม่เกิน 10,000 บาท","มีความผิดทางพินัย และต้องรับโทษชำระค่าปรับเป็นพินัยไม่เกิน 10,000 บาท   ตามพระราชบัญญัติการบัญชี พ.ศ. 2543 มาตรา 29 เมื่อผู้มีหน้าที่จัดทำบัญชีไม่ได้ส่งมอบเอกสารที่ต้องใช้ประกอบการลงบัญชีให้แก่ผู้ทำบัญชีให้ถูกต้องครบถ้วน ผู้มีหน้าที่จัดทำบัญชีมีความผิดทางพินัย และต้องรับโทษชำระค่าปรับเป็นพินัยไม่เกิน 10,000 บาท",1314,371,1685,0.13920200004940853,6.3739005999523215,6.51310260000173,1,0,0.25,0.0,0.0,0.0,0.8657593131065369
405,sparse_rag,การลงรายการในบัญชีผู้ทำบัญชีต้องทำอย่างไรบ้าง,ผู้ทำบัญชีต้องลงรายการในบัญชีเป็นภาษาไทย หากลงรายการเป็นภาษาต่างประเทศ ต้องมีภาษาไทยกำกับ หรือลงรายการเป็นรหัสบัญชีต้องมีคู่มือแปลรหัสเป็นภาษาไทยไว้ และต้องเขียนด้วยหมึก ดีดพิมพ์ ตีพิมพ์ หรือทำด้วยวิธีอื่นที่ได้ผลในทำนองเดียวกัน ตามมาตรา 21 แห่งพระราชบัญญัติการบัญชี พ.ศ. 2543,(1) ลงรายการเป็นภาษาไทย หากลงรายการเป็นภาษาต่างประเทศให้มีภาษาไทยกำกับ หรือลงรายการเป็นรหัสบัญชีให้มีคู่มือแปลรหัสที่เป็นภาษาไทยไว้ (2) เขียนด้วยหมึก ดีดพิมพ์ ตีพิมพ์ หรือทำด้วยวิธีอื่นใดที่ได้ผลในทำนองเดียวกัน,(1) ลงรายการเป็นภาษาไทย หากลงรายการเป็นภาษาต่างประเทศให้มีภาษาไทยกำกับ หรือลงรายการเป็นรหัสบัญชีให้มีคู่มือแปลรหัสที่เป็นภาษาไทยไว้ (2) เขียนด้วยหมึก ดีดพิมพ์ ตีพิมพ์ หรือทำด้วยวิธีอื่นใดที่ได้ผลในทำนองเดียวกัน,1047,155,1202,0.132246799999848,3.1312648999737576,3.2635116999736056,1,1,1.0,1.0,0.0,0.0,0.9210720062255859
406,sparse_rag,หากคนต่างด้าวที่ถูกเนรเทศเข้ามาประกอบธุรกิจในไทยต้องระวางโทษอย่างไร,คนต่างด้าวที่ถูกเนรเทศซึ่งเข้ามาประกอบธุรกิจในราชอาณาจักร ถือว่าฝ่าฝืนมาตรา 6 (1) แห่งพระราชบัญญัติการประกอบธุรกิจของคนต่างด้าว พ.ศ. 2542 และต้องระวางโทษจำคุกไม่เกินสามปี หรือปรับตั้งแต่หนึ่งแสนบาทถึงหนึ่งล้านบาท หรือทั้งจำทั้งปรับ และศาลอาจสั่งเลิกการประกอบธุรกิจได้ตามมาตรา 37 แห่งพระราชบัญญัติดังกล่าว,หากคนต่างด้าวที่ถูกเนรเทศเข้ามาประกอบธุรกิจในไทย ต้องระวางโทษจำคุกไม่เกินสามปี หรือปรับตั้งแต่หนึ่งแสนบาทถึงหนึ่งล้านบาท หรือทั้งจำทั้งปรับ และให้ศาลสั่งเลิกการประกอบธุรกิจ หรือเลิกกิจการ หรือสั่งเลิกการเป็นผู้ถือหุ้น หรือเป็นหุ้นส่วน แล้วแต่กรณี หากฝ่าฝืนไม่ปฏิบัติตามคำสั่งศาลต้องระวางโทษปรับวันละหนึ่งหมื่นบาทถึงห้าหมื่นบาทตลอดเวลาที่ยังฝ่าฝืนอยู่.,หากคนต่างด้าวที่ถูกเนรเทศเข้ามาประกอบธุรกิจในไทย ต้องระวางโทษจำคุกไม่เกินสามปี หรือปรับตั้งแต่หนึ่งแสนบาทถึงหนึ่งล้านบาท หรือทั้งจำทั้งปรับ และให้ศาลสั่งเลิกการประกอบธุรกิจ หรือเลิกกิจการ หรือสั่งเลิกการเป็นผู้ถือหุ้น หรือเป็นหุ้นส่วน แล้วแต่กรณี หากฝ่าฝืนไม่ปฏิบัติตามคำสั่งศาลต้องระวางโทษปรับวันละหนึ่งหมื่นบาทถึงห้าหมื่นบาทตลอดเวลาที่ยังฝ่าฝืนอยู่ คำอธิบายขยายความเพิ่มเติมตามพระราชบัญญัติการประกอบธุรกิจของคนต่างด้าว พ.ศ. 2542 มาตรา 37 คนต่างด้าวผู้ใดประกอบธุรกิจโดยฝ่าฝืนมาตรา 6 มาตรา 7 หรือมาตรา 8 ต้องระวางโทษจำคุกไม่เกินสามปี หรือปรับตั้งแต่หนึ่งแสนบาทถึงหนึ่งล้านบาท หรือทั้งจำทั้งปรับ และให้ศาลสั่งเลิกการประกอบธุรกิจ หรือเลิกกิจการ หรือสั่งเลิกการเป็นผู้ถือหุ้น หรือเป็นหุ้นส่วน แล้วแต่กรณี หากฝ่าฝืนไม่ปฏิบัติตามคำสั่งศาลต้องระวางโทษปรับวันละหนึ่งหมื่นบาทถึงห้าหมื่นบาทตลอดเวลาที่ยังฝ่าฝืนอยู่,1071,177,1248,0.13600319996476173,3.4881963999941945,3.6241995999589562,1,0,0.5,0.5,0.0,0.0,0.9185100793838501
407,sparse_rag,คนต่างด้าวประกอบธุรกิจโดยฝ่าฝืนเงื่อนไขต้องได้รับโทษหรือไม่,ใช่ คนต่างด้าวที่ประกอบธุรกิจโดยฝ่าฝืนเงื่อนไขตามมาตรา 18 (3) แห่งพระราชบัญญัติการประกอบธุรกิจของคนต่างด้าว พ.ศ. 2542 ต้องระวางโทษปรับตั้งแต่หนึ่งแสนบาทถึงหนึ่งล้านบาท และปรับวันละหนึ่งหมื่นบาทถึงห้าหมื่นบาท ตลอดเวลาที่ยังฝ่าฝืนอยู่ ตามมาตรา 38 แห่งพระราชบัญญัติดังกล่าว,ต้องระวางโทษปรับตั้งแต่หนึ่งแสนบาทถึงหนึ่งล้านบาทและปรับวันละหนึ่งหมื่นบาทถึงห้าหมื่นบาทตลอดเวลาที่ยังฝ่าฝืนอยู่,ต้องระวางโทษปรับตั้งแต่หนึ่งแสนบาทถึงหนึ่งล้านบาทและปรับวันละหนึ่งหมื่นบาทถึงห้าหมื่นบาทตลอดเวลาที่ยังฝ่าฝืนอยู่ ตามพระราชบัญญัติการประกอบธุรกิจของคนต่างด้าว พ.ศ. 2542 มาตรา 38 คนต่างด้าวผู้ใดประกอบธุรกิจโดยฝ่าฝืนตามมาตรา 14 หรือฝ่าฝืนเงื่อนไขตามมาตรา 18 (3) ต้องระวางโทษปรับตั้งแต่หนึ่งแสนบาทถึงหนึ่งล้านบาทและปรับวันละหนึ่งหมื่นบาทถึงห้าหมื่นบาทตลอดเวลาที่ยังฝ่าฝืนอยู่,1074,152,1226,0.1378811000031419,2.5042321999790147,2.6421132999821566,1,0,0.3333333333333333,1.0,0.0,0.0,0.967685878276825
408,sparse_rag,ผู้ประกอบธุรกิจซึ่งเป็นคนต่างด้าวต้องยื่นขออนุญาตประกอบธุรกิจหรือไม่,ผู้ประกอบธุรกิจซึ่งเป็นคนต่างด้าวต้องยื่นขออนุญาตประกอบธุรกิจตามพระราชบัญญัติการประกอบธุรกิจของคนต่างด้าว พ.ศ. 2542 มาตรา 17 ซึ่งกำหนดให้คนต่างด้าวต้องยื่นคำขออนุญาตประกอบธุรกิจต่อรัฐมนตรีหรืออธิบดีตามหลักเกณฑ์และวิธีการที่กำหนดในกฎกระทรวง,ต้องยื่นขออนุญาต โดยให้ยื่นคำขออนุญาตประกอบธุรกิจต่อรัฐมนตรีหรืออธิบดีตามหลักเกณฑ์และวิธีการที่กำหนดในกฎกระทรวง,ต้องยื่นขออนุญาต โดยให้ยื่นคำขออนุญาตประกอบธุรกิจต่อรัฐมนตรีหรืออธิบดีตามหลักเกณฑ์และวิธีการที่กำหนดในกฎกระทรวง  คำอธิบายเพิ่มเติม : มาตรา 17 วรรค 1 พระราชบัญญัติการประกอบธุรกิจของคนต่างด้าว พ.ศ. 2542 ในการขออนุญาตประกอบธุรกิจ ให้คนต่างด้าวยื่นคำขออนุญาตประกอบธุรกิจต่อรัฐมนตรีหรืออธิบดีตามหลักเกณฑ์และวิธีการที่กำหนดในกฎกระทรวง และให้คณะรัฐมนตรีในกรณีธุรกิจตามบัญชีสอง หรืออธิบดีในกรณีธุรกิจตามบัญชีสามพิจารณาอนุมัติหรืออนุญาต แล้วแต่กรณี ให้แล้วเสร็จภายในกำหนดหกสิบวันนับแต่วันที่ยื่นคำขอ ในกรณีการพิจารณาอนุมัติของคณะรัฐมนตรีมีเหตุจำเป็น ซึ่งคณะรัฐมนตรีไม่อาจพิจารณาให้แล้วเสร็จภายในระยะเวลาดังกล่าวได้ ให้ขยายระยะเวลาการพิจารณาออกไปอีกได้ตามความจำเป็น แต่ทั้งนี้ต้องไม่เกินหกสิบวันนับแต่วันครบกำหนดเวลาดังกล่าว,2206,139,2345,0.13796810002531856,2.9461624999530613,3.08413059997838,1,0,0.3333333333333333,0.5,0.0,0.0,0.8929405808448792
409,sparse_rag,เป็นคนต่างชาติแต่ถูกสั่งพักการใช้ใบอนุญาตให้ประกอบธุรกิจชั่วคราว สามารถทำอะไรได้บ้าง,ตามพระราชบัญญัติการประกอบธุรกิจของคนต่างด้าว พ.ศ. 2542 มาตรา 20 ผู้รับใบอนุญาตที่ถูกสั่งพักการใช้ใบอนุญาตชั่วคราว มีสิทธิอุทธรณ์ต่อรัฐมนตรีภายใน 30 วันนับแต่วันที่ได้รับแจ้งคำสั่ง โดยการอุทธรณ์ไม่เป็นการทุเลาการบังคับตามคำสั่งของอธิบดี เว้นแต่รัฐมนตรีจะสั่งทุเลาให้ ทั้งนี้ รัฐมนตรีต้องวินิจฉัยอุทธรณ์ให้แล้วเสร็จภายใน 30 วันนับแต่วันที่ยื่น และคำวินิจฉัยของรัฐมนตรีให้เป็นที่สุด,คนต่างด้าวผู้รับใบอนุญาตหรือผู้รับหนังสือรับรองมีสิทธิอุทธรณ์โดยทำเป็นหนังสือยื่นต่อรัฐมนตรีภายในสามสิบวันนับแต่วันที่ได้รับแจ้งคำสั่ง,กรณีที่สั่งถูกพักการใช้ใบอนุญาตชั่วคราวหรือสั่งระงับการประกอบธุรกิจชั่วคราว หรือสั่งเพิกถอนใบอนุญาตหรือหนังสือรับรองตามกฎหมาย ให้คนต่างด้าวผู้รับใบอนุญาตหรือผู้รับหนังสือรับรองมีสิทธิอุทธรณ์โดยทำเป็นหนังสือยื่นต่อรัฐมนตรีภายในสามสิบวันนับแต่วันที่ได้รับแจ้งคำสั่ง แต่การอุทธรณ์ไม่เป็นการทุเลาการบังคับตามคำสั่งอธิบดี เว้นแต่รัฐมนตรีโดยคำแนะนำของคณะกรรมการจะสั่งทุเลาให้ ภายหลังจากยื่นอุทธรณ์แล้ว รัฐมนตรีจะวินิจฉัยอุทธรณ์ให้แล้วเสร็จภายใน 30 วันนับแต่วันที่ยื่นอุทธรณ์ คำวินิจฉัยอุทธรณ์ของรัฐมนตรีให้เป็นที่สุด คำอธิบายขยายความ: พระราชบัญญัติการประกอบธุรกิจของคนต่างด้าว พ.ศ. 2542 มาตรา 20 ในกรณีที่อธิบดีสั่งพักการใช้ใบอนุญาตชั่วคราวหรือสั่งระงับการประกอบธุรกิจชั่วคราว หรือสั่งเพิกถอนใบอนุญาตหรือหนังสือรับรอง ตามมาตรา 19 วรรคสอง ให้ผู้รับใบอนุญาตหรือผู้รับหนังสือรับรองมีสิทธิอุทธรณ์โดยทำเป็นหนังสือยื่นต่อรัฐมนตรีภายในสามสิบวันนับแต่วันที่ได้รับแจ้งคำสั่ง การอุทธรณ์ไม่เป็นการทุเลาการบังคับตามคำสั่งอธิบดี เว้นแต่รัฐมนตรีโดยคำแนะนำของคณะกรรมการจะสั่งทุเลาให้ รัฐมนตรีต้องวินิจฉัยอุทธรณ์ให้แล้วเสร็จภายในสามสิบวันนับแต่วันที่ยื่นอุทธรณ์ คำวินิจฉัยของรัฐมนตรีให้เป็นที่สุด,1722,248,1970,0.1339655999909155,4.793120599992108,4.927086199983023,1,1,1.0,1.0,0.0,0.0,0.9147720336914062
410,sparse_rag,บุคคลต่างด้าวห้ามประกอบธุรกิจประเภทใดบ้าง,"บุคคลต่างด้าวห้ามประกอบธุรกิจในราชอาณาจักรหากเป็นหนึ่งในกรณีดังต่อไปนี้ ตามมาตรา 6 แห่งพระราชบัญญัติการประกอบธุรกิจของคนต่างด้าว พ.ศ. 2542  
(1) คนต่างด้าวที่ถูกเนรเทศหรือรอการเนรเทศตามกฎหมาย  
(2) คนต่างด้าวที่เข้ามาอยู่ในราชอาณาจักรโดยไม่ได้รับอนุญาตตามกฎหมายว่าด้วยคนเข้าเมืองหรือกฎหมายอื่น",บุคคลต่างด้าวห้ามประกอบธุรกิจประเภท ดังนี้ 1 ธุรกิจที่ไม่อนุญาตให้คนต่างด้าวประกอบกิจการด้วยเหตุผลพิเศษตามที่กำหนดไว้ในบัญชีหนึ่ง 2 ธุรกิจที่เกี่ยวกับความปลอดภัยหรือความมั่นคงของประเทศ ธุรกิจที่มีผลกระทบต่อศิลปวัฒนธรรม จารีตประเพณี และหัตถกรรมพื้นบ้าน หรือธุรกิจที่มีผลกระทบต่อทรัพยากรธรรมชาติหรือสิ่งแวดล้อม ตามที่กำหนดไว้ในบัญชีสอง เว้นแต่จะได้รับอนุญาตจากรัฐมนตรีโดยการอนุมัติของคณะรัฐมนตรี 3 ธุรกิจที่คนไทยยังไม่มีความพร้อมที่จะแข่งขันในการประกอบกิจการกับคนต่างด้าว ตามที่กำหนดไว้ในบัญชีสาม เว้นแต่จะได้รับอนุญาตจากอธิบดีโดยความเห็นชอบของคณะกรรมการ,บุคคลต่างด้าวห้ามประกอบธุรกิจประเภท ดังนี้ 1 ธุรกิจที่ไม่อนุญาตให้คนต่างด้าวประกอบกิจการด้วยเหตุผลพิเศษตามที่กำหนดไว้ในบัญชีหนึ่ง 2 ธุรกิจที่เกี่ยวกับความปลอดภัยหรือความมั่นคงของประเทศ ธุรกิจที่มีผลกระทบต่อศิลปวัฒนธรรม จารีตประเพณี และหัตถกรรมพื้นบ้าน หรือธุรกิจที่มีผลกระทบต่อทรัพยากรธรรมชาติหรือสิ่งแวดล้อม ตามที่กำหนดไว้ในบัญชีสอง เว้นแต่จะได้รับอนุญาตจากรัฐมนตรีโดยการอนุมัติของคณะรัฐมนตรี 3 ธุรกิจที่คนไทยยังไม่มีความพร้อมที่จะแข่งขันในการประกอบกิจการกับคนต่างด้าว ตามที่กำหนดไว้ในบัญชีสาม เว้นแต่จะได้รับอนุญาตจากอธิบดีโดยความเห็นชอบของคณะกรรมการ คำอธิบายขยายความ : ตามพระราชบัญญัติการประกอบธุรกิจของคนต่างด้าว พ.ศ. 2542 มาตรา 8 มาตรา 8 ต้องบังคับตาม มาตรา 6 มาตรา 7 มาตรา 10 และมาตรา 12 ก่อน,1490,161,1651,0.13940490002278239,3.2986180000007153,3.4380229000234976,1,0,0.2,0.0,0.6666666666666666,0.6666666666666666,0.8482427597045898
411,sparse_rag,คนต่างด้าวที่ประกอบธุรกิจโดยสนธิสัญญาที่ประเทศไทยเป็นภาคีได้รับการยกเว้นในมาตราใดบ้าง ตามกฎหมายว่าด้วยการประกอบธุรกิจของคนต่างด้าว,"คนต่างด้าวที่ประกอบธุรกิจตามสนธิสัญญาที่ประเทศไทยเป็นภาคี ได้รับยกเว้นจากการบังคับใช้บทบัญญัติแห่งมาตรา 5, มาตรา 8, มาตรา 15, มาตรา 17 และมาตรา 18 ของพระราชบัญญัติการประกอบธุรกิจของคนต่างด้าว พ.ศ. 2542 ตามมาตรา 10 วรรคสอง",ได้รับการยกเว้นไม่นำมาตรา 5 มาตรา 8 มาตรา 15 มาตรา 17 และมาตรา 18 มาใช้บังคับแก่คนต่างด้าวที่ประกอบธุรกิจโดยสนธิสัญญาที่ประเทศไทยเป็นภาคี,"ได้รับการยกเว้นไม่นำมาตรา 5 มาตรา 8 มาตรา 15 มาตรา 17 และมาตรา 18 มาใช้บังคับแก่คนต่างด้าวที่ประกอบธุรกิจโดยสนธิสัญญาที่ประเทศไทยเป็นภาคี  

ทั้งนี้ ตามมาตรา 10 แห่งพระราชบัญญัติการประกอบธุรกิจของคนต่างด้าว พ.ศ. 2542 บทบัญญัติมาตรา 5 มาตรา 8 มาตรา 15 มาตรา 17 และมาตรา 18 ไม่ใช้บังคับแก่คนต่างด้าวที่ประกอบธุรกิจตามบัญชีท้ายพระราชบัญญัตินี้โดยได้รับอนุญาตจากรัฐบาลแห่งราชอาณาจักรไทยเป็นการเฉพาะกาล คนต่างด้าวที่ประกอบธุรกิจตามบัญชีท้ายพระราชบัญญัตินี้โดยสนธิสัญญาที่ประเทศไทยเป็นภาคีหรือมีความผูกพันตามพันธกรณี ให้ได้รับยกเว้นจากการบังคับใช้บทบัญญัติแห่งมาตราต่าง ๆ ตามที่กำหนดไว้ในวรรคหนึ่ง และให้เป็นไปตามบทบัญญัติและเงื่อนไขของสนธิสัญญานั้น ซึ่งอาจรวมถึงการให้สิทธิคนไทยและวิสาหกิจของคนไทยเข้าไปประกอบธุรกิจในประเทศสัญชาติของคนต่างด้าวนั้นเป็นการต่างตอบแทนด้วย",1597,124,1721,0.14509150001686066,2.904365999973379,3.0494574999902397,1,0,0.16666666666666666,1.0,1.0,1.0,0.9039961099624634
412,sparse_rag,คณะกรรมการตามพระราชบัญญัติการประกอบธุรกิจของคนต่างด้าวมีหน้าที่อะไรบ้าง,"คณะกรรมการการประกอบธุรกิจของคนต่างด้าว มีหน้าที่ตามมาตรา 26 ของพระราชบัญญัติการประกอบธุรกิจของคนต่างด้าว พ.ศ. 2542 ดังนี้  
(1) ให้คำปรึกษา เสนอแนะ หรือให้ความเห็นแก่รัฐมนตรีในเรื่องการตราพระราชกฤษฎีกา การออกกฎกระทรวง การกำหนดประเภทธุรกิจและท้องที่ประกอบธุรกิจของคนต่างด้าว หรือการขออนุมัติจากคณะรัฐมนตรี  
(2) ศึกษา รวบรวม และจัดทำรายงานเกี่ยวกับการประกอบธุรกิจของคนต่างด้าวในราชอาณาจักร รวมถึงผลกระทบและความเหมาะสม เสนอต่อรัฐมนตรีอย่างน้อยปีละหนึ่งครั้ง  
(3) ให้คำปรึกษา เสนอแนะ หรือให้ความเห็นแก่รัฐมนตรีในเรื่องอื่น ๆ ตามที่รัฐมนตรีมอบหมาย",(1) ให้คำปรึกษา เสนอแนะ หรือให้ความเห็นแก่รัฐมนตรีในเรื่องการตราพระราชกฤษฎีกาและการออกกฎกระทรวงตามพระราชบัญญัตินี้หรือการกำหนดประเภทธุรกิจและท้องที่ประกอบธุรกิจของคนต่างด้าวตามมาตรา 7 หรือการขออนุมัติจากคณะรัฐมนตรีตามมาตรา 8 (2) ศึกษา รวบรวม และจัดทำรายงานเกี่ยวกับการประกอบธุรกิจของคนต่างด้าวในราชอาณาจักร รวมถึงผลกระทบและความเหมาะสมในเรื่องดังกล่าวเสนอต่อรัฐมนตรีเป็นครั้งคราว แต่ต้องไม่น้อยกว่าปีละหนึ่งครั้ง (3) ให้คำปรึกษา เสนอแนะ หรือให้ความเห็นแก่รัฐมนตรีในเรื่องอื่น ๆ ตามที่รัฐมนตรีมอบหมาย.,(1) ให้คำปรึกษา เสนอแนะ หรือให้ความเห็นแก่รัฐมนตรีในเรื่องการตราพระราชกฤษฎีกาและการออกกฎกระทรวงตามพระราชบัญญัตินี้หรือการกำหนดประเภทธุรกิจและท้องที่ประกอบธุรกิจของคนต่างด้าวตามมาตรา 7 หรือการขออนุมัติจากคณะรัฐมนตรีตามมาตรา 8 (2) (2) ศึกษา รวบรวม และจัดทำรายงานเกี่ยวกับการประกอบธุรกิจของคนต่างด้าวในราชอาณาจักร รวมถึงผลกระทบและความเหมาะสมในเรื่องดังกล่าวเสนอต่อรัฐมนตรีเป็นครั้งคราว แต่ต้องไม่น้อยกว่าปีละหนึ่งครั้ง (3) ให้คำปรึกษา เสนอแนะ หรือให้ความเห็นแก่รัฐมนตรีในเรื่องอื่น ๆ ตามที่รัฐมนตรีมอบหมาย พระราชบัญญัติการประกอบธุรกิจของคนต่างด้าว พ.ศ. 2542 มาตรา 26 คณะกรรมการมีอำนาจหน้าที่ตามที่กำหนดไว้ในพระราชบัญญัตินี้และให้มีหน้าที่ ดังต่อไปนี้ (1) ให้คำปรึกษา เสนอแนะ หรือให้ความเห็นแก่รัฐมนตรีในเรื่องการตราพระราชกฤษฎีกาและการออกกฎกระทรวงตามพระราชบัญญัตินี้หรือการกำหนดประเภทธุรกิจและท้องที่ประกอบธุรกิจของคนต่างด้าวตามมาตรา 7 หรือการขออนุมัติจากคณะรัฐมนตรีตามมาตรา 8 (2) (2) ศึกษา รวบรวม และจัดทำรายงานเกี่ยวกับการประกอบธุรกิจของคนต่างด้าวในราชอาณาจักร รวมถึงผลกระทบและความเหมาะสมในเรื่องดังกล่าวเสนอต่อรัฐมนตรีเป็นครั้งคราว แต่ต้องไม่น้อยกว่าปีละหนึ่งครั้ง (3) ให้คำปรึกษา เสนอแนะ หรือให้ความเห็นแก่รัฐมนตรีในเรื่องอื่น ๆ ตามที่รัฐมนตรีมอบหมาย,1648,281,1929,0.13339879998238757,4.514679100015201,4.648077899997588,1,0,0.3333333333333333,0.5,0.6,0.6,0.9276636838912964
413,sparse_rag,การออกหนังสือรับรองต้องไม่เกินกี่วันนับเเต่ได้รับเเจ้ง,การออกหนังสือรับรองต้องไม่เกิน 30 วันนับแต่วันที่ได้รับแจ้ง ตามมาตรา 11 และมาตรา 12 แห่งพระราชบัญญัติการประกอบธุรกิจของคนต่างด้าว พ.ศ. 2542,30 วัน,30 วัน  พระราชบัญญัติการประกอบธุรกิจของคนต่างด้าว พ.ศ. 2542 มาตรา 12 ในกรณีที่ธุรกิจของคนต่างด้าวซึ่งได้รับการส่งเสริมการลงทุนตามกฎหมายว่าด้วยการส่งเสริมการลงทุน หรือได้รับอนุญาตเป็นหนังสือให้ประกอบอุตสาหกรรมหรือประกอบการค้าเพื่อส่งออกตามกฎหมายว่าด้วยการนิคมอุตสาหกรรมแห่งประเทศไทยหรือตามกฎหมายอื่น เป็นธุรกิจตามบัญชีสองหรือบัญชีสามท้ายพระราชบัญญัตินี้ ให้คนต่างด้าวดังกล่าวแจ้งต่ออธิบดีเพื่อขอหนังสือรับรอง เมื่ออธิบดีหรือพนักงานเจ้าหน้าที่ที่ได้รับมอบหมายตรวจสอบความถูกต้องของบัตรส่งเสริมการลงทุนหรือหนังสืออนุญาตดังกล่าวแล้ว ให้อธิบดีออกหนังสือรับรองโดยเร็ว แต่ต้องไม่เกินสามสิบวันนับแต่วันที่ได้รับแจ้งการได้รับบัตรส่งเสริมการลงทุนหรือหนังสืออนุญาต แล้วแต่กรณี ในกรณีนี้ให้คนต่างด้าวดังกล่าวนั้น ได้รับยกเว้นจากการบังคับใช้พระราชบัญญัตินี้ เว้นแต่มาตรา 21 มาตรา 22 มาตรา 39 มาตรา 40 และมาตรา 42 ตลอดระยะเวลาที่ธุรกิจนั้นได้รับการส่งเสริมการลงทุนหรือได้รับอนุญาตให้ประกอบอุตสาหกรรมหรือประกอบการค้าเพื่อส่งออก แล้วแต่กรณี การออกหนังสือรับรองตามวรรคหนึ่ง ให้เป็นไปตามหลักเกณฑ์และวิธีการที่อธิบดีกำหนด,1580,81,1661,0.13833380001597106,1.4035377000109293,1.5418715000269003,1,0,0.16666666666666666,1.0,1.0,1.0,0.8075579404830933
414,sparse_rag,คุณสมบัติคนต่างด้าวที่สามารถประกอบธุรกิจในไทยได้,"คนต่างด้าวที่จะประกอบธุรกิจในประเทศไทยได้ต้องมีคุณสมบัติดังต่อไปนี้ ตามมาตรา 16 แห่งพระราชบัญญัติการประกอบธุรกิจของคนต่างด้าว พ.ศ. 2542 ได้แก่  
(1) มีอายุไม่ต่ำกว่ายี่สิบปีบริบูรณ์,  
(2) มีถิ่นที่อยู่ในราชอาณาจักร หรือได้รับอนุญาตให้เข้ามาในราชอาณาจักรเป็นการชั่วคราวตามกฎหมายว่าด้วยคนเข้าเมือง,  
(3) ไม่เป็นคนไร้ความสามารถหรือคนเสมือนไร้ความสามารถ,  
(4) ไม่เป็นบุคคลล้มละลาย,  
(5) ไม่เคยต้องโทษตามคำพิพากษาหรือถูกเปรียบเทียบปรับในความผิดตามพระราชบัญญัตินี้ หรือตามประกาศคณะปฏิวัติ ฉบับที่ 281 ลงวันที่ 24 พฤศจิกายน พ.ศ. 2515 เว้นแต่พ้นโทษมาแล้วไม่น้อยกว่าห้าปีก่อนวันขอรับใบอนุญาต,  
(6) ไม่เคยต้องโทษจำคุกตามคำพิพากษาในความผิดฐานฉ้อโกง โกงเจ้าหนี้ ยักยอก ความผิดเกี่ยวกับการค้าตามประมวลกฎหมายอาญา หรือในความผิดตามกฎหมายว่าด้วยการกู้ยืมเงินที่เป็นการฉ้อโกงประชาชน หรือความผิดตามกฎหมายว่าด้วยคนเข้าเมือง เว้นแต่พ้นโทษมาแล้วไม่น้อยกว่าห้าปีก่อนวันขอรับใบอนุญาต,  
(7) ไม่เคยถูกเพิกถอนใบอนุญาตตามพระราชบัญญัตินี้ หรือตามประกาศคณะปฏิวัติ ฉบับที่ 281 เว้นแต่พ้นโทษมาแล้วไม่น้อยกว่าห้าปีก่อนวันขอรับใบอนุญาต  
ทั้งนี้ สำหรับนิติบุคคล กรรมการ ผู้จัดการ หรือผู้รับผิดชอบในการดำเนินการของนิติบุคคลที่เป็นคนต่างด้าว ก็ต้องมีคุณสมบัติและไม่มีลักษณะต้องห้ามดังกล่าวด้วย",คนต่างด้าวจะประกอบธุรกิจได้เมื่อได้รับใบอนุญาตจากอธิบดี และจะประกอบธุรกิจได้เฉพาะประเภทธุรกิจและในท้องที่ที่รัฐมนตรีประกาศกำหนด โดยเฉพาะ (1) คนต่างด้าวที่เกิดในราชอาณาจักร แต่ไม่ได้รับสัญชาติไทย (2) คนต่างด้าวที่ถูกถอนสัญชาติตามกฎหมาย.,คนต่างด้าว จะประกอบธุรกิจได้เมื่อได้รับใบอนุญาตจากอธิบดี และจะประกอบธุรกิจได้เฉพาะประเภทธุรกิจและในท้องที่ที่รัฐมนตรีประกาศกำหนดโดยการอนุมัติของคณะรัฐมนตรีโดยประกาศในราชกิจจานุเบกษา ในประกาศดังกล่าวรัฐมนตรีจะกำหนดเงื่อนไขอย่างใดไว้ก็ได้ตามที่เห็นสมควร (1) คนต่างด้าวที่เกิดในราชอาณาจักร แต่ไม่ได้รับสัญชาติไทยตามกฎหมายว่าด้วยสัญชาติหรือตามกฎหมายอื่น (2) คนต่างด้าวโดยผลของการถูกถอนสัญชาติตามกฎหมายว่าด้วยสัญชาติหรือตามกฎหมายอื่น การขอรับใบอนุญาต การออกใบอนุญาต และระยะเวลาการอนุญาต ให้เป็นไปตามหลักเกณฑ์และวิธีการที่กำหนดในกฎกระทรวง ในกรณีที่อธิบดีไม่อนุญาตให้คนต่างด้าวประกอบธุรกิจ คนต่างด้าวนั้นมีสิทธิอุทธรณ์ต่อรัฐมนตรีได้ตามกฎหมาย   พระราชบัญญัติการประกอบธุรกิจของคนต่างด้าว พ.ศ. 2542 มาตรา 7 คนต่างด้าวต่อไปนี้ จะประกอบธุรกิจได้เมื่อได้รับใบอนุญาตจากอธิบดี และจะประกอบธุรกิจได้เฉพาะประเภทธุรกิจและในท้องที่ที่รัฐมนตรีประกาศกำหนดโดยการอนุมัติของคณะรัฐมนตรีโดยประกาศในราชกิจจานุเบกษา ในประกาศดังกล่าวรัฐมนตรีจะกำหนดเงื่อนไขอย่างใดไว้ก็ได้ตามที่เห็นสมควร (1) คนต่างด้าวที่เกิดในราชอาณาจักร แต่ไม่ได้รับสัญชาติไทยตามกฎหมายว่าด้วยสัญชาติหรือตามกฎหมายอื่น (2) คนต่างด้าวโดยผลของการถูกถอนสัญชาติตามกฎหมายว่าด้วยสัญชาติหรือตามกฎหมายอื่น การขอรับใบอนุญาต การออกใบอนุญาต และระยะเวลาการอนุญาต ให้เป็นไปตามหลักเกณฑ์และวิธีการที่กำหนดในกฎกระทรวง ในกรณีที่อธิบดีไม่อนุญาตให้คนต่างด้าวตามวรรคหนึ่งประกอบธุรกิจ คนต่างด้าวนั้นมีสิทธิอุทธรณ์ต่อรัฐมนตรีได้ และให้นำความในมาตรา 20 วรรคหนึ่ง และวรรคสาม มาใช้บังคับโดยอนุโลม,1771,655,2426,0.13178569998126477,11.999648099998012,12.131433799979277,1,0,0.5,0.5,1.0,1.0,0.8780937194824219
415,sparse_rag,เมื่อกรรมการ หุ้นส่วน หรือผู้มีอำนาจกระทำการแทนนิติบุคคลซึ่งรู้เห็นเป็นใจกับการกระทำความผิดของนิติบุคคล หรือมิได้จัดการตามสมควรเพื่อป้องกันมิให้เกิดความผิดนั้นต้องได้รับโทษอย่างไร,ตามมาตรา 41 แห่งพระราชบัญญัติการประกอบธุรกิจของคนต่างด้าว พ.ศ. 2542 กรรมการ หุ้นส่วน หรือผู้มีอำนาจกระทำการแทนนิติบุคคล ซึ่งรู้เห็นเป็นใจกับการกระทำความผิดของนิติบุคคล หรือมิได้จัดการตามสมควรเพื่อป้องกันมิให้เกิดความผิดนั้น ต้องระวางโทษจำคุกไม่เกินสามปี หรือปรับตั้งแต่หนึ่งแสนบาทถึงหนึ่งล้านบาท หรือทั้งจำทั้งปรับ,ต้องระวางโทษจำคุกไม่เกินสามปี หรือปรับตั้งแต่หนึ่งแสนบาทถึงหนึ่งล้านบาท หรือทั้งจำทั้งปรับ,"ต้องระวางโทษจำคุกไม่เกินสามปี หรือปรับตั้งแต่หนึ่งแสนบาทถึงหนึ่งล้านบาท หรือทั้งจำทั้งปรับ 

ตามพระราชบัญญัติการประกอบธุรกิจของคนต่างด้าว พ.ศ. 2542 มาตรา 41 ในกรณีที่นิติบุคคลเป็นผู้กระทำความผิดตามมาตรา 34 มาตรา 35 มาตรา 36 หรือมาตรา 37 กรรมการ หุ้นส่วน หรือผู้มีอำนาจกระทำการแทนนิติบุคคลซึ่งรู้เห็นเป็นใจกับการกระทำความผิดนั้น หรือมิได้จัดการตามสมควรเพื่อป้องกันมิให้เกิดความผิดนั้น ต้องระวางโทษจำคุกไม่เกินสามปี หรือปรับตั้งแต่หนึ่งแสนบาทถึงหนึ่งล้านบาท หรือทั้งจำทั้งปรับ",1130,185,1315,0.147214199998416,3.7035935999592766,3.8508077999576926,1,0,0.2,1.0,0.0,0.0,0.9603103399276733
416,sparse_rag,ในกรณีที่ผู้รับใบอนุญาตไม่ปฏิบัติตามที่อธิบดีมีหนังสือแจ้งดังกล่าวโดยไม่มีเหตุสมควร จะมีผลเป็นอย่างไร,ในกรณีที่ผู้รับใบอนุญาตไม่ปฏิบัติตามที่อธิบดีมีหนังสือแจ้งโดยไม่มีเหตุสมควร ให้อธิบดีมีอำนาจสั่งพักการใช้ใบอนุญาตชั่วคราวหรือสั่งระงับการประกอบธุรกิจชั่วคราวได้ในระยะเวลาที่เห็นสมควร แต่ต้องไม่เกินหกสิบวันนับแต่วันมีคำสั่ง และเมื่อครบกำหนดระยะเวลาดังกล่าวแล้ว คนต่างด้าวยังมิได้ดำเนินการให้ถูกต้องครบถ้วน ให้อธิบดีพิจารณาสั่งเพิกถอนใบอนุญาตหรือเสนอรัฐมนตรีเพื่อพิจารณาสั่งเพิกถอนใบอนุญาต แล้วแต่กรณี ตามมาตรา 19 แห่งพระราชบัญญัติการประกอบธุรกิจของคนต่างด้าว พ.ศ. 2542,อธิบดีมีอำนาจสั่งพักการใช้ใบอนุญาตชั่วคราวหรือสั่งระงับการประกอบธุรกิจชั่วคราวได้ในระยะเวลาที่เห็นสมควร แต่ต้องไม่เกิน 60 วันนับแต่วันมีคำสั่ง เมื่อครบกำหนดระยะเวลาดังกล่าวแล้วคนต่างด้าวยังมิได้ดำเนินการให้ถูกต้องครบถ้วน ให้อธิบดีพิจารณาสั่งเพิกถอนใบอนุญาตหรือหนังสือรับรองดังกล่าวหรือเสนอรัฐมนตรีเพื่อพิจารณาสั่งเพิกถอนใบอนุญาต แล้วแต่กรณี.,"อธิบดีมีอำนาจสั่งพักการใช้ใบอนุญาตชั่วคราวหรือสั่งระงับการประกอบธุรกิจชั่วคราวได้ในระยะเวลาที่เห็นสมควร แต่ต้องไม่เกิน 60 วันนับแต่วันมีคำสั่ง เมื่อครบกำหนดระยะเวลาดังกล่าวแล้วคนต่างด้าวยังมิได้ดำเนินการให้ถูกต้องครบถ้วน ให้อธิบดีพิจารณาสั่งเพิกถอนใบอนุญาตหรือหนังสือรับรองดังกล่าวหรือเสนอรัฐมนตรีเพื่อพิจารณาสั่งเพิกถอนใบอนุญาต แล้วแต่กรณี ตามมาตรา 19 วรรคสอง แห่งพระราชบัญญัติการประกอบธุรกิจของคนต่างด้าว พ.ศ. 2542 

พระราชบัญญัติการประกอบธุรกิจของคนต่างด้าว พ.ศ. 2542 มาตรา 19 เมื่อปรากฏว่าผู้รับใบอนุญาตหรือผู้รับหนังสือรับรองผู้ใด 
(1) ฝ่าฝืนเงื่อนไขที่รัฐมนตรีกำหนดตามมาตรา 7 วรรคหนึ่ง 
(2) ไม่ปฏิบัติตามเงื่อนไขที่กำหนดตามมาตรา 11 วรรคสอง หรือมาตรา 17 วรรคสาม 
(3) ฝ่าฝืนมาตรา 15 
(4) ขาดคุณสมบัติหรือมีลักษณะต้องห้ามตามมาตรา 16 
(5) กระทำความผิดตามมาตรา 35 
ในกรณีตาม (1) (2) และ (3) ให้อธิบดีมีหนังสือแจ้งให้ผู้รับใบอนุญาตหรือผู้รับหนังสือรับรองปฏิบัติตามเงื่อนไขตามมาตรา 7 วรรคหนึ่ง มาตรา 11 วรรคสอง หรือมาตรา 17 วรรคสาม หรือปฏิบัติให้ถูกต้องตามมาตรา 15 แล้วแต่กรณี ภายในเวลาที่อธิบดีเห็นสมควร ถ้าผู้รับใบอนุญาตหรือหนังสือรับรองไม่ปฏิบัติตามที่อธิบดีมีหนังสือแจ้งดังกล่าวโดยไม่มีเหตุสมควร ให้อธิบดีมีอำนาจสั่งพักการใช้ใบอนุญาตชั่วคราวหรือสั่งระงับการประกอบธุรกิจชั่วคราวได้ในระยะเวลาที่เห็นสมควร แต่ต้องไม่เกินหกสิบวันนับแต่วันมีคำสั่ง เมื่อครบกำหนดระยะเวลาดังกล่าวแล้วคนต่างด้าวยังมิได้ดำเนินการให้ถูกต้องครบถ้วน ให้อธิบดีพิจารณาสั่งเพิกถอนใบอนุญาตหรือหนังสือรับรองดังกล่าวหรือเสนอรัฐมนตรีเพื่อพิจารณาสั่งเพิกถอนใบอนุญาต แล้วแต่กรณี ในกรณีตาม (4) และ (5) ให้อธิบดีพิจารณาสั่งเพิกถอนใบอนุญาตหรือเสนอรัฐมนตรีเพื่อพิจารณาสั่งเพิกถอนใบอนุญาต แล้วแต่กรณี",1506,278,1784,0.13764039997477084,6.08466849999968,6.2223088999744505,1,0,0.14285714285714285,1.0,0.0,0.0,0.8754256367683411
417,sparse_rag,การปรับปรุงแก้ไขประเภทธุรกิจตามบัญชีท้ายพรบ.การประกอบธุรกิจของคนต่างด้าวฯ ให้ทำเป็นกฎหมายใด,การปรับปรุงหรือแก้ไขประเภทธุรกิจตามบัญชีท้ายพระราชบัญญัติการประกอบธุรกิจของคนต่างด้าว พ.ศ. 2542 ให้ทำเป็นพระราชกฤษฎีกา เว้นแต่ธุรกิจตามบัญชีหนึ่งหรือตามบัญชีสอง หมวด 1 ให้ทำเป็นพระราชบัญญัติ ตามมาตรา 9 แห่งพระราชบัญญัติดังกล่าว,ตราเป็นพระราชกฤษฎีกา เว้นแต่ธุรกิจตามบัญชีหนึ่งหรือตามบัญชีสอง หมวด 1 ให้ทำเป็นพระราชบัญญัติ,"ตราเป็นพระราชกฤษฎีกา เว้นแต่ธุรกิจตามบัญชีหนึ่งหรือตามบัญชีสอง หมวด 1 ให้ทำเป็นพระราชบัญญัติ   
ตามมาตรา 9 แห่งพระราชบัญญัติการประกอบธุรกิจของคนต่างด้าว พ.ศ. 2542 การปรับปรุงหรือแก้ไขประเภทธุรกิจตามบัญชีท้ายพระราชบัญญัตินี้ให้ทำเป็นพระราชกฤษฎีกา เว้นแต่ธุรกิจตามบัญชีหนึ่งหรือตามบัญชีสอง หมวด 1 ให้ทำเป็นพระราชบัญญัติ ให้คณะกรรมการพิจารณาทบทวนประเภทธุรกิจตามบัญชีท้ายพระราชบัญญัตินี้อย่างน้อยครั้งหนึ่งในทุกรอบระยะเวลาหนึ่งปีนับแต่วันที่พระราชบัญญัตินี้มีผลใช้บังคับแล้วทำความเห็นเสนอรัฐมนตรี คนต่างด้าวที่ประกอบธุรกิจที่มิได้กำหนดไว้ในบัญชีท้ายพระราชบัญญัตินี้อยู่ก่อนการปรับปรุงหรือแก้ไขประเภทธุรกิจตามวรรคหนึ่ง หากต่อมาธุรกิจนั้นเป็นธุรกิจที่ต้องขออนุญาตตามพระราชบัญญัตินี้และคนต่างด้าวนั้นประสงค์จะประกอบธุรกิจนั้นต่อไป ให้ดำเนินการแจ้งต่ออธิบดีเพื่อขอหนังสือรับรองตามหลักเกณฑ์และวิธีการที่กำหนดในมาตรา 11 ในระหว่างระยะเวลาที่ปฏิบัติตามวรรคสามและยังไม่ได้รับหนังสือรับรอง มิให้ถือว่าคนต่างด้าวนั้นเป็นผู้ประกอบธุรกิจโดยมิได้รับอนุญาตตามพระราชบัญญัตินี้",1518,129,1647,0.13474449998466298,2.817431100003887,2.95217559998855,1,1,1.0,1.0,1.0,1.0,0.8898837566375732
418,sparse_rag,หากใบอนุญาตประกอบธุรกิจของคนต่างด้าวสูญหายต้องทำอย่างไรบ้าง,หากใบอนุญาตประกอบธุรกิจของคนต่างด้าวสูญหาย ต้องยื่นคำร้องต่ออธิบดีเพื่อขอรับใบอนุญาตใหม่ โดยต้องปฏิบัติตามหลักเกณฑ์และวิธีการที่กำหนดในกฎกระทรวง ตามมาตรา 7 แห่งพระราชบัญญัติการประกอบธุรกิจของคนต่างด้าว พ.ศ. 2542,ให้ยื่นคำขอรับใบแทนต่อนายทะเบียนภายใน 15 วันนับแต่วันที่ทราบถึงการชำรุดหรือสูญหาย,ให้ยื่นคำขอรับใบแทนต่อนายทะเบียนภายใน 15 วันนับแต่วันที่ทราบถึงการชำรุดหรือสูญหาย   ตามพระราชบัญญัติการประกอบธุรกิจของคนต่างด้าว พ.ศ. 2542 มาตรา 21 ใบอนุญาตประกอบธุรกิจของคนต่างด้าวให้ใช้ได้ตลอดไปจนกว่าผู้รับใบอนุญาตจะเลิกประกอบธุรกิจที่ได้รับอนุญาต และให้ผู้รับใบอนุญาตนั้นต้องแสดงใบอนุญาตไว้ใน สถานที่ประกอบธุรกิจของตนในที่เปิดเผยด้วย ในกรณีใบอนุญาตนั้นชำรุดหรือสูญหาย ให้ยื่นคำขอรับใบแทนต่อนายทะเบียนภายใน 15 วันนับแต่วันที่ทราบการชำรุดหรือสูญหาย โดยในการขอและการออกใบแทนใบอนุญาตให้เป็นไปตามแบบและวิธีการที่รัฐมนตรีว่าการกระทรวงการคลังกำหนด แต่ระยะเวลาในการออกใบแทนต้องไม่เกิน 30 วันนับแต่วันที่ได้รับคำขอ และให้ถือว่าใบแทนนั้นเป็นเอกสารที่ใช้แทนใบอนุญาตได้จนกว่าจะได้รับใบอนุญาตใหม่,1775,121,1896,0.13306469999952242,2.6963137999991886,2.829378499998711,1,0,0.25,0.0,0.0,0.0,0.8476791381835938
419,sparse_rag,ผู้ใดมีอำนาจแต่งตั้งคณะอนุกรรมการการประกอบธุรกิจของคนต่างด้าว,ตามมาตรา 28 แห่งพระราชบัญญัติการประกอบธุรกิจของคนต่างด้าว พ.ศ. 2542 ให้คณะกรรมการการประกอบธุรกิจของคนต่างด้าว มีอำนาจแต่งตั้งคณะอนุกรรมการเพื่อพิจารณาหรือปฏิบัติการอย่างหนึ่งอย่างใดตามที่คณะกรรมการมอบหมาย,คณะกรรมการการประกอบธุรกิจของคนต่างด้าว,คณะกรรมการการประกอบธุรกิจของคนต่างด้าว   ตามพระราชบัญญัติการประกอบธุรกิจของคนต่างด้าว พ.ศ. 2542 มาตรา 28 ให้คณะกรรมการการประกอบธุรกิจของคนต่างด้าวมีอำนาจแต่งตั้งคณะอนุกรรมการเพื่อพิจารณาหรือปฏิบัติการตามที่มอบหมายไว้ และให้นำการประชุมของคณะกรรมการมาใช้บังคับกับคณะอนุกรรมการด้วย,1431,104,1535,0.13400119997095317,2.3217885000049137,2.455789699975867,1,0,0.5,0.5,0.0,0.0,0.9659838676452637
420,sparse_rag,หากคนต่างด้าวที่ได้รับอนุญาตจากรัฐบาลหรือตามสนธิสัญญาแล้ว ต้องการประกอบธุรกิจที่ต้องห้ามสำหรับคนต่างด้าว ต้องทำอย่างไรบ้าง,ตามพระราชบัญญัติการประกอบธุรกิจของคนต่างด้าว พ.ศ. 2542 มาตรา 6 บัญญัติห้ามคนต่างด้าวบางกลุ่มประกอบธุรกิจในราชอาณาจักร รวมถึงคนต่างด้าวที่เข้ามาอยู่ในราชอาณาจักรโดยไม่ได้รับอนุญาตตามกฎหมายว่าด้วยคนเข้าเมือง แม้จะได้รับอนุญาตจากรัฐบาลหรือตามสนธิสัญญาแล้ว ก็ยังต้องอยู่ภายใต้ข้อจำกัดดังกล่าว หากประสงค์จะประกอบธุรกิจที่ต้องห้าม ต้องอาศัยกฎหมายเฉพาะที่กำหนดให้อนุญาตเพิ่มเติม เช่น การออกพระราชกฤษฎีกาหรือกฎหมายอื่นที่ให้การยกเว้นการห้ามดังกล่าว ซึ่งต้องพิจารณาจากสถานะและประเภทของใบอนุญาตที่ได้รับ และต้องไม่ขัดกับมาตรา 6 แห่งพระราชบัญญัติดังกล่าว,ให้แจ้งต่ออธิบดีกรมพัฒนาธุรกิจการค้าตามหลักเกณฑ์และวิธีการที่กำหนดในกฎกระทรวง เพื่อขอหนังสือรับรองให้ตนประกอบธุรกิจนั้นได้,ให้แจ้งต่ออธิบดีกรมพัฒนาธุรกิจการค้าตามหลักเกณฑ์และวิธีการที่กำหนดในกฎกระทรวง เพื่อขอหนังสือรับรองให้ตนประกอบธุรกิจนั้นได้   ตามพระราชบัญญัติการประกอบธุรกิจของคนต่างด้าว พ.ศ. 2542 มาตรา 11 ให้คนต่างด้าวที่ต้องการประกอบธุรกิจที่ต้องห้ามสำหรับคนต่างด้าวโดยได้รับอนุญาตจากรัฐบาล หรือสนธิสัญญาที่ไทยเป็นภาคีหรือมีความผูกพันตามพันธกรณีนั้นแจ้งต่ออธิบดีกรมพัฒนาธุรกิจการค้าตามหลักเกณฑ์และวิธีการที่กำหนดในกฎกระทรวง เพื่อขอหนังสือรับรองโดยต้องระบุเงื่อนไขตามที่รัฐบาลกำหนดหรือตามที่กำหนดในสนธิสัญญาด้วย และให้อธิบดีออกหนังสือรับรองให้คนต่างด้าวนั้นโดยเร็ว แต่ต้องไม่เกิน 30 วันนับแต่วันที่ได้รับหนังสือแจ้ง แต่ถ้าอธิบดีเห็นว่าการแจ้งไม่ได้เป็นไปตามที่กำหนดในกฎกระทรวง หรือไม่ได้รับอนุญาตจากรัฐบาลหรือสนธิสัญญานั้น ให้อธิบดีแจ้งแก่คนต่างด้าวนั้นทราบโดยเร็ว แต่ต้องไม่เกิน 30 วันนับแต่วันที่ได้รับหนังสือแจ้ง,1536,291,1827,0.13583579997066408,6.373909100017045,6.509744899987709,0,0,0.0,0.0,0.0,0.0,0.8404795527458191
421,sparse_rag,ตามพระราชบัญญัติการประกอบธุรกิจของคนต่างด้าว สำนักงานเลขานุการของคณะกรรมการมีอำนาจอย่างไรบ้าง,"ตามพระราชบัญญัติการประกอบธุรกิจของคนต่างด้าว พ.ศ. 2542 มาตรา 29 สำนักงานเลขานุการของคณะกรรมการ ซึ่งทำหน้าที่โดยกรมพัฒนาธุรกิจการค้า กระทรวงพาณิชย์ มีอำนาจหน้าที่ดังนี้  
(1) ปฏิบัติงานตามมติของคณะกรรมการหรือตามที่คณะกรรมการมอบหมาย  
(2) พิจารณาเสนอความเห็นต่อคณะกรรมการเกี่ยวกับการประกอบธุรกิจของคนต่างด้าวในราชอาณาจักร เพื่อประโยชน์ในการศึกษา รวบรวมข้อมูลและจัดทำรายงานเสนอต่อรัฐมนตรี  
(3) ปฏิบัติงานธุรการทั่วไปของคณะกรรมการ",มีอำนาจปฏิบัติงานตามมติของคณะกรรมการหรือตามที่คณะกรรมการมอบหมาย พิจารณาเสนอความเห็นต่อคณะกรรมการเกี่ยวกับการประกอบธุรกิจของคนต่างด้าวในราชอาณาจักร เพื่อประโยชน์ในการศึกษา รวบรวมข้อมูลและจัดทำรายงานเสนอต่อรัฐมนตรี เป็นต้น,มีอำนาจปฏิบัติงานตามมติของคณะกรรมการหรือตามที่คณะกรรมการมอบหมาย พิจารณาเสนอความเห็นต่อคณะกรรมการเกี่ยวกับการประกอบธุรกิจของคนต่างด้าวในราชอาณาจักร เพื่อประโยชน์ในการศึกษา รวบรวมข้อมูลและจัดทำรายงานเสนอต่อรัฐมนตรี เป็นต้น ตามพระราชบัญญัติการประกอบธุรกิจของคนต่างด้าว พ.ศ. 2542 มาตรา 29 ให้กรมพัฒนาธุรกิจการค้า กระทรวงพาณิชย์ ทำหน้าที่เป็นสำนักงานเลขานุการของคณะกรรมการ โดยให้มีอำนาจหน้าที่ดังต่อไปนี้ (1) ปฏิบัติงานตามมติของคณะกรรมการหรือตามที่คณะกรรมการมอบหมาย (2) พิจารณาเสนอความเห็นต่อคณะกรรมการเกี่ยวกับการประกอบธุรกิจของคนต่างด้าวในราชอาณาจักร เพื่อประโยชน์ในการศึกษา รวบรวมข้อมูลและจัดทำรายงานเสนอต่อรัฐมนตรี (3) ปฏิบัติงานธุรการทั่วไปของคณะกรรมการ,1536,210,1746,0.15713919996051118,4.576978800003417,4.734117999963928,1,1,1.0,1.0,0.0,0.0,0.971225380897522
422,sparse_rag,คนต่างด้าวที่ถูกเพิกถอนใบอนุญาตประกอบธุรกิจ หากยังคงมีการประกอบธุรกิจดังกล่าวต่อไป จะต้องได้รับโทษอย่างไร,คนต่างด้าวที่ถูกเพิกถอนใบอนุญาตประกอบธุรกิจแต่ยังคงประกอบธุรกิจนั้นต่อไป ต้องระวางโทษจำคุกไม่เกินสามปี หรือปรับตั้งแต่หนึ่งแสนบาทถึงหนึ่งล้านบาท หรือทั้งจำทั้งปรับ และปรับเพิ่มอีกวันละหนึ่งหมื่นบาทตลอดเวลาที่ยังฝ่าฝืนอยู่ ตามมาตรา 34 แห่งพระราชบัญญัติการประกอบธุรกิจของคนต่างด้าว พ.ศ. 2542,"จำคุกไม่เกิน 3 ปี หรือปรับตั้งแต่ 100,000 - 1,000,000 บาท หรือทั้งจำทั้งปรับ และปรับอีกวันละ 10,000 บาทตลอดเวลาที่ยังฝ่าฝืนอยู่","จำคุกไม่เกิน 3 ปี หรือปรับตั้งแต่ 100,000 - 1,000,000 บาท หรือทั้งจำทั้งปรับ และปรับอีกวันละ 10,000 บาทตลอดเวลาที่ยังฝ่าฝืนอยู่ ตามมาตรา 34 แห่งพระราชบัญญัติการประกอบธุรกิจของคนต่างด้าว พ.ศ. 2542 คนต่างด้าวซึ่งได้รับใบอนุญาตหรือหนังสือรับรองผู้ใดถูกสั่งพักใช้หรือถูกเพิกถอนใบอนุญาตหรือถูกสั่งระงับการประกอบธุรกิจตามหนังสือรับรองและหมดสิทธิอุทธรณ์ หรือรัฐมนตรีมีคำวินิจฉัยเป็นที่สุดให้พักใช้หรือเพิกถอนใบอนุญาตหรือให้ระงับการประกอบธุรกิจแล้ว แต่คนต่างด้าวนั้นยังคงประกอบธุรกิจนั้นต่อไป ต้องระวางโทษจำคุกไม่เกินสามปี หรือปรับตั้งแต่หนึ่งแสนบาทถึงหนึ่งล้านบาท หรือทั้งจำทั้งปรับ และปรับอีกวันละหนึ่งหมื่นบาทตลอดเวลาที่ยังฝ่าฝืนอยู่",1414,171,1585,0.13491860002977774,82.84805450000567,82.98297310003545,1,1,1.0,1.0,0.0,0.0,0.9226251244544983
423,sparse_rag,คนจีนที่ถูกเนรเทศออกจากไทยจะเข้ามาทำธุรกิจในไทยได้หรือไม่,ไม่สามารถเข้ามาทำธุรกิจในประเทศไทยได้ เนื่องจากตามมาตรา 6 แห่งพระราชบัญญัติการประกอบธุรกิจของคนต่างด้าว พ.ศ. 2542 คนต่างด้าวที่ถูกเนรเทศหรือรอการเนรเทศตามกฎหมาย ห้ามประกอบธุรกิจในราชอาณาจักร,ไม่ได้ เนื่องจากห้ามต่างด้าวที่ถูกเนรเทศเข้ามาประกอบธุรกิจในราชอาณาจักร,ไม่ได้ เนื่องจากห้ามต่างด้าวที่ถูกเนรเทศเข้ามาประกอบธุรกิจในราชอาณาจักร  พระราชบัญญัติการประกอบธุรกิจของคนต่างด้าว พ.ศ. 2542 มาตรา 6  ห้ามคนต่างด้าวประกอบธุรกิจในราชอาณาจักร ในกรณีนี้ (1) คนต่างด้าวที่ถูกเนรเทศหรือรอการเนรเทศตามกฎหมาย (2) คนต่างด้าวที่เข้ามาอยู่ในราชอาณาจักรโดยไม่ได้รับอนุญาตตามกฎหมายว่าด้วยคนเข้าเมืองหรือกฎหมายอื่น,1499,99,1598,0.13866409996990114,155.49645330000203,155.63511739997193,1,1,1.0,1.0,0.0,0.0,0.9333188533782959
424,sparse_rag,สามารถขอคัดสำเนาเอกสารที่เกี่ยวกับการประกอบธุรกิจของคนต่างด้าวซึ่งนายทะเบียนเก็บรักษาไว้ได้หรือไม่อย่างไร,สามารถขอคัดสำเนาเอกสารที่เกี่ยวกับการประกอบธุรกิจของคนต่างด้าวซึ่งนายทะเบียนเก็บรักษาไว้ได้ โดยต้องยื่นคำขอต่อนายทะเบียน และเสียค่าธรรมเนียมตามที่กำหนดในกฎกระทรวง ตามมาตรา 31 แห่งพระราชบัญญัติการประกอบธุรกิจของคนต่างด้าว พ.ศ. 2542 เว้นแต่เอกสารนั้นมีลักษณะต้องห้ามมิให้เปิดเผยตามกฎหมายว่าด้วยข้อมูลข่าวสารของราชการหรือกฎหมายอื่น,ขอคัดสำเนาเอกสารได้ แต่เอกสารนั้นต้องไม่มีลักษณะต้องห้ามที่ไม่ให้เปิดเผยตามกฎหมายด้วย ทั้งนี้ผู้ขอคัดสำเนาเอกสารจะต้องเสียค่าธรรมเนียมในอัตราตามที่กำหนดในกฎกระทรวงด้วย,ขอคัดสำเนาเอกสารได้ แต่เอกสารนั้นต้องไม่มีลักษณะต้องห้ามที่ไม่ให้เปิดเผยตามกฎหมายด้วย ทั้งนี้ผู้ขอคัดสำเนาเอกสารจะต้องเสียค่าธรรมเนียมในอัตราตามที่กำหนดในกฎกระทรวงด้วย คำอธิบายขยายความ: ตามพระราชบัญญัติการประกอบธุรกิจของคนต่างด้าว พ.ศ. 2542 มาตรา 31 บุคคลสามารถขอตรวจหรือขอคัดสำเนาเอกสาร หรือขอให้นายทะเบียนคัดสำเนาหรือถ่ายเอกสารพร้อมทั้งคำรับรอง หรือขอให้ออกหนังสือรับรองข้อความที่นายทะเบียนเก็บรักษาไว้ ให้นายทะเบียนดำเนินการอนุญาตโดยเร็ว เว้นแต่เอกสารนั้นมีลักษณะต้องห้ามไม่ให้เปิดเผยตามกฎหมาย โดยผู้ขอต้องเสียค่าธรรมเนียมตามที่กำหนดในกฎกระทรวงด้วย,1022,163,1185,0.14582899998640642,328.240258899983,328.3860878999694,1,1,1.0,1.0,0.0,0.0,0.9256657958030701
425,sparse_rag,การอนุญาตให้คนต่างด้าวประกอบธุรกิจในประเทศไทย ต้องพิจารณาถึงเรื่องใดบ้าง,การอนุญาตให้คนต่างด้าวประกอบธุรกิจในประเทศไทย ต้องพิจารณาโดยคำนึงถึงผลดีและผลเสียต่อความปลอดภัยและความมั่นคงของประเทศ การพัฒนาเศรษฐกิจและสังคมของประเทศ ความสงบเรียบร้อยหรือศีลธรรมอันดีของประชาชน ศิลปวัฒนธรรมและจารีตประเพณีของประเทศ การอนุรักษ์ทรัพยากรธรรมชาติ การพลังงานและการรักษาสิ่งแวดล้อม การคุ้มครองผู้บริโภค ขนาดของกิจการ การจ้างแรงงาน การถ่ายทอดเทคโนโลยี การวิจัยและพัฒนา ตามมาตรา 5 แห่งพระราชบัญญัติการประกอบธุรกิจของคนต่างด้าว พ.ศ. 2542,พิจารณาโดยคำนึงถึงผลดีและผลเสียต่อความปลอดภัยและความมั่นคงของประเทศ การพัฒนาเศรษฐกิจและสังคมของประเทศ ความสงบเรียบร้อยหรือศีลธรรมอันดีของประชาชน ศิลปวัฒนธรรมและจารีตประเพณีของประเทศ การอนุรักษ์ทรัพยากรธรรมชาติ การพลังงานและการรักษาสิ่งแวดล้อม การคุ้มครองผู้บริโภค ขนาดของกิจการ การจ้างแรงงาน การถ่ายทอดเทคโนโลยี การวิจัยและพัฒนา,"พิจารณาโดยคำนึงถึงผลดีและผลเสียต่อความปลอดภัยและความมั่นคงของประเทศ การพัฒนาเศรษฐกิจและสังคมของประเทศ ความสงบเรียบร้อยหรือศีลธรรมอันดีของประชาชน ศิลปวัฒนธรรมและจารีตประเพณีของประเทศ การอนุรักษ์ทรัพยากรธรรมชาติ การพลังงานและการรักษาสิ่งแวดล้อม การคุ้มครองผู้บริโภค ขนาดของกิจการ การจ้างแรงงาน การถ่ายทอดเทคโนโลยี การวิจัยและพัฒนา 

ตาม พระราชบัญญัติการประกอบธุรกิจของคนต่างด้าว พ.ศ. 2542 มาตรา 5 การอนุญาตให้คนต่างด้าวประกอบธุรกิจตามพระราชบัญญัตินี้ ให้พิจารณาโดยคำนึงถึงผลดีและผลเสียต่อความปลอดภัยและความมั่นคงของประเทศ การพัฒนาเศรษฐกิจและสังคมของประเทศ ความสงบเรียบร้อยหรือศีลธรรมอันดีของประชาชน ศิลปวัฒนธรรมและจารีตประเพณีของประเทศ การอนุรักษ์ทรัพยากรธรรมชาติ การพลังงานและการรักษาสิ่งแวดล้อม การคุ้มครองผู้บริโภค ขนาดของกิจการ การจ้างแรงงาน การถ่ายทอดเทคโนโลยี การวิจัยและพัฒนา",1326,224,1550,0.14028650004183874,160.72140019998187,160.8616867000237,1,1,1.0,1.0,0.0,0.0,0.9668853878974915
426,sparse_rag,สิทธิเรียกร้องเงินจากกองทุนสำรองเลี้ยงชีพสามารถโอนให้กันได้ไหม,"สิทธิเรียกร้องเงินจากกองทุนสำรองเลี้ยงชีพตามมาตรา 23, 23/2 และ 23/3 ของพระราชบัญญัติกองทุนสำรองเลี้ยงชีพ พ.ศ. 2530 ไม่สามารถโอนกันได้ ตามมาตรา 24 แห่งพระราชบัญญัติดังกล่าว",ไม่สามารถโอนให้กันได้,ไม่สามารถโอนให้กันได้ คำอธิบายขยายความเพิ่มเติมตามพระราชบัญญัติกองทุนสำรองเลี้ยงชีพ พ.ศ. 2530 มาตรา 24 สิทธิเรียกร้องเงินจากกองทุนตามมาตรา 23 มาตรา 23/2 และมาตรา 23/3 ไม่อาจโอนกันได้,929,104,1033,0.20955640001920983,2.110010100004729,2.3195665000239387,1,0,0.25,1.0,0.0,0.0,0.9485197067260742
427,sparse_rag,ผู้ไม่ปฏิบัติตามคำสั่ง ขัดขวางหรือไม่ให้ความสะดวกแก่นายทะเบียนหรือพนักงานเจ้าหน้าที่ตามพระราชบัญญัติกองทุนสำรองเลี้ยงชีพมีความผิดหรือไม่,ผู้ใดไม่ปฏิบัติตามคำสั่งของนายทะเบียนหรือพนักงานเจ้าหน้าที่ ขัดขวางหรือไม่ให้ความสะดวกแก่นายทะเบียนหรือพนักงานเจ้าหน้าที่ซึ่งปฏิบัติหน้าที่ตามพระราชบัญญัติกองทุนสำรองเลี้ยงชีพ พ.ศ. 2530 มาตรา 30 มีความผิดทางพินัย ต้องชำระค่าปรับเป็นพินัยไม่เกินห้าพันบาท ตามมาตรา 40 แห่งพระราชบัญญัติกองทุนสำรองเลี้ยงชีพ พ.ศ. 2530,มีความผิดทางพินัยต้องชำระค่าปรับเป็นพินัยไม่เกินห้าพันบาท,มีความผิดทางพินัยต้องชำระค่าปรับเป็นพินัยไม่เกินห้าพันบาท ตามพระราชบัญญัติกองทุนสำรองเลี้ยงชีพ พ.ศ. 2530 มาตรา 40 ผู้ไม่ปฏิบัติตามคำสั่งของนายทะเบียนหรือพนักงานเจ้าหน้าที่ ขัดขวางหรือไม่ให้ความสะดวกแก่นายทะเบียนหรือพนักงานเจ้าหน้าที่ซึ่งปฏิบัติหน้าที่ตามมาตรา 30 มีความผิดทางพินัยต้องชำระค่าปรับเป็นพินัยไม่เกินห้าพันบาท,1009,185,1194,0.15635559998918325,4.913996200019028,5.070351800008211,1,0,0.5,1.0,0.0,0.0,0.9737423658370972
428,sparse_rag,กรณีลูกจ้างออกจากงาน ลูกจ้างสามารถขอโอนเงินในกองทุนที่ตนมีสิทธิได้รับไปยังกองทุนรวมเพื่อการเลี้ยงชีพหรือกองทุนอื่นได้หรือไม่อย่างไร,ลูกจ้างที่ออกจากงานสามารถขอโอนเงินที่มีสิทธิได้รับจากกองทุนสำรองเลี้ยงชีพไปยังกองทุนรวมเพื่อการเลี้ยงชีพหรือกองทุนอื่นที่มีวัตถุประสงค์เพื่อเป็นหลักประกันในกรณีการออกจากงานหรือการชราภาพได้ ตามมาตรา 23/4 แห่งพระราชบัญญัติกองทุนสำรองเลี้ยงชีพ พ.ศ. 2530 โดยต้องแสดงเจตนาต่อผู้จัดการกองทุนหรือผู้ชำระบัญชี และผู้จัดการกองทุนหรือผู้ชำระบัญชีต้องดำเนินการตามเจตนาดังกล่าว,ได้ หากลูกจ้างได้แสดงเจตนาว่าให้ผู้จัดการกองทุนหรือผู้ชำระบัญชีโอนเงินที่ตนมีสิทธิได้รับจากกองทุนเดิมนั้นไปยังกองทุนรวมเพื่อการเลี้ยงชีพหรือกองทุนอื่นที่มีวัตถุประสงค์เพื่อเป็นหลักประกันในการออกจากงานหรือชราภาพได้,ได้ หากลูกจ้างได้แสดงเจตนาว่าให้ผู้จัดการกองทุนหรือผู้ชำระบัญชีโอนเงินที่ตนมีสิทธิได้รับจากกองทุนเดิมนั้นไปยังกองทุนรวมเพื่อการเลี้ยงชีพหรือกองทุนอื่นที่มีวัตถุประสงค์เพื่อเป็นหลักประกันในการออกจากงานหรือชราภาพได้,1293,204,1497,0.1648947999929078,5.044664499990176,5.209559299983084,1,0,0.6666666666666666,1.0,0.0,0.0,0.9387420415878296
429,sparse_rag,ผู้จัดการกองทุนไม่ปฏิบัติตามคำสั่งของนายทะเบียน มีความผิดอย่างไร,ผู้จัดการกองทุนที่ไม่ปฏิบัติตามคำสั่งของนายทะเบียน มีความผิดทางพินัย ต้องชำระค่าปรับเป็นพินัยไม่เกินห้าหมื่นบาท ตามมาตรา 35 แห่งพระราชบัญญัติกองทุนสำรองเลี้ยงชีพ พ.ศ. 2530,มีความผิดทางพินัยต้องชำระค่าปรับเป็นพินัยไม่เกินห้าหมื่นบาท,มีความผิดทางพินัยต้องชำระค่าปรับเป็นพินัยไม่เกินห้าหมื่นบาท คำอธิบายขยายความ : ตามพระราชบัญญัติกองทุนสำรองเลี้ยงชีพ พ.ศ. 2530 มาตรา 35 ผู้จัดการกองทุนใดไม่ปฏิบัติตามคำสั่งของนายทะเบียนตามมาตรา 12 ทวิ หรือไม่ปฏิบัติตามมาตรา 16 มาตรา 17 มาตรา 23 มาตรา 23/1 มาตรา 23/2 หรือมาตรา 23/4 มีความผิดทางพินัยต้องชำระค่าปรับเป็นพินัยไม่เกินห้าหมื่นบาท*,989,102,1091,0.15230240003438666,2.4688137999619357,2.6211161999963224,1,0,0.125,1.0,0.0,0.0,0.9266916513442993
430,sparse_rag,คณะกรรมการกองทุนสำรองเลี้ยงชีพต้องทำอะไรบ้างหลังกองทุนเลิกไป,เมื่อกองทุนสำรองเลี้ยงชีพเลิกตามมาตรา 25 แห่งพระราชบัญญัติกองทุนสำรองเลี้ยงชีพ พ.ศ. 2530 คณะกรรมการกองทุนต้องจัดให้มีการชำระบัญชีกองทุนเฉพาะส่วนทรัพย์สินของนายจ้างและลูกจ้างของนายจ้างที่เลิกกิจการหรือถอนตัว ตามวิธีการที่กำหนดในข้อบังคับของกองทุน และต้องแจ้งให้นายทะเบียนทราบภายในเจ็ดวันนับแต่วันที่ได้ชำระบัญชีแล้ว,ต้องแจ้งนายทะเบียนทราบภายใน 7 วัน และจัดให้มีการชำระบัญชีภายใน 30 วัน โดยทำให้เสร็จภายใน 150 วันนับแต่กองทุนเลิก แต่นายทะเบียนอาจอนุมัติให้ขยายเวลาก็ได้ในกรณีจำเป็น,ต้องแจ้งนายทะเบียนทราบภายใน 7 วัน และจัดให้มีการชำระบัญชีภายใน 30 วัน โดยทำให้เสร็จภายใน 150 วันนับแต่กองทุนเลิก แต่นายทะเบียนอาจอนุมัติให้ขยายเวลาก็ได้ในกรณีจำเป็น คำอธิบายขยายความ: ตามพระราชบัญญัติกองทุนสำรองเลี้ยงชีพ พ.ศ. 2530 มาตรา 26 เมื่อกองทุนเลิก คณะกรรมการกองทุนสำรองเลี้ยงชีพต้องแจ้งนายทะเบียนทราบภายใน 7 วัน และจัดให้มีการชำระบัญชีภายใน 30 วัน โดยทำให้เสร็จภายใน 150 วันนับแต่กองทุนเลิก แต่นายทะเบียนอาจอนุมัติให้ขยายเวลาออกไปได้ในกรณีจำเป็นตามที่เห็นสมควร,1744,171,1915,0.1396379999932833,4.07766430004267,4.2173023000359535,1,0,0.5,0.0,0.0,0.0,0.9026669859886169
431,sparse_rag,อายุความกองทุนสำรองเลี้ยงชีพมีระยะเวลาเท่าใด,ไม่พบข้อมูลที่ตรงกับคำถามในฐานข้อมูลกฎหมายที่มีอยู่,1 ปีนับแต่วันที่นายทะเบียนหรือพนักงานเจ้าหน้าที่ตรวจพบการกระทำความผิด หรือภายใน 5 ปีนับแต่วันที่กระทำความผิด,ความผิดตามพระราชบัญญัติกองทุนสำรองเลี้ยงชีพ พ.ศ. 2530 ถ้าไม่ได้ฟ้องต่อศาลหรือไม่ได้ส่งเรื่องให้คณะกรรมการทำการเปรียบเทียบตามกฎหมายภายใน 1 ปีนับแต่วันที่นายทะเบียนหรือพนักงานเจ้าหน้าที่ตรวจพบการกระทำความผิด หรือภายใน 5 ปีนับแต่วันที่กระทำความผิด เป็นอันขาดอายุความ (พระราชบัญญัติกองทุนสำรองเลี้ยงชีพ พ.ศ. 2530 มาตรา 43),1582,24,1606,0.13652930001262575,0.7388897999771871,0.8754190999898128,0,0,0.0,0.0,0.0,0.0,0.6569386720657349
432,sparse_rag,กรณีที่กองทุนสำรองเลี้ยงชีพเลิกไปเพราะนายจ้างเลิกกิจการ นายทะเบียนจะต้องดำเนินการอย่างไรต่อไป,เมื่อกองทุนสำรองเลี้ยงชีพเลิกไปเพราะนายจ้างเลิกกิจการ ตามมาตรา 25 แห่งพระราชบัญญัติกองทุนสำรองเลี้ยงชีพ พ.ศ. 2530 ให้คณะกรรมการกองทุนแจ้งให้นายทะเบียนทราบภายในเจ็ดวันนับแต่วันที่เกิดเหตุการณ์ และเมื่อได้ชำระบัญชีกองทุนเฉพาะส่วนทรัพย์สินของนายจ้างและลูกจ้างที่เกี่ยวข้องแล้ว ต้องแจ้งให้นายทะเบียนทราบภายในเจ็ดวันนับแต่วันเสร็จการชำระบัญชี ซึ่งถือเป็นขั้นตอนที่นายทะเบียนต้องรับทราบเพื่อจัดทำบันทึกการเลิกกองทุนต่อไป,ประกาศการเลิกกองทุนในราชกิจจานุเบกษาและปิดประกาศไว้ที่สำนักงานของกองทุนนั้นหรือที่ทำการของนายทะเบียน,ประกาศการเลิกกองทุนในราชกิจจานุเบกษาและปิดประกาศไว้ที่สำนักงานของกองทุนนั้นหรือที่ทำการของนายทะเบียน  คำอธิบายขยายความ : มาตรา 28 แห่งพระราชบัญญัติกองทุนสำรองเลี้ยงชีพ พ.ศ. 2530 เมื่อกองทุนเลิกตามมาตรา 25 ให้นายทะเบียนประกาศการเลิกกองทุนในราชกิจจานุเบกษาและปิดประกาศไว้ที่สำนักงานของกองทุนหรือที่ทำการของนายทะเบียน,1291,225,1516,0.1337309000082314,4.647903400007635,4.781634300015867,1,0,0.5,0.0,0.0,0.0,0.8677922487258911
433,sparse_rag,ถ้านายจ้างไม่แยกบัญชีของตนเองออกจากกองทุนจะมีความผิดใด,นายจ้างที่ไม่แยกบัญชีของตนเองออกจากบัญชีของกองทุนสำรองเลี้ยงชีพ ถือว่าฝ่าฝืนมาตรา 15 แห่งพระราชบัญญัติกองทุนสำรองเลี้ยงชีพ พ.ศ. 2530 ซึ่งกำหนดให้ต้องแยกบัญชีและเอกสารเกี่ยวกับการเงินหรือทรัพย์สินของตนออกจากกองทุนโดยเด็ดขาด และอาจมีความผิดตามกฎหมาย อย่างไรก็ตาม บริบทที่ให้มาไม่ได้ระบุโทษทางอาญาโดยตรง จึงไม่สามารถระบุโทษได้จากข้อมูลที่มี,"มีความผิดทางพินัยและต้องชำระค่าปรับเป็นพินัยไม่เกิน 20,000 บาท","หากนายจ้างไม่แยกบัญชีและเอกสารการเงินของนายจ้างออกจากกองทุน ตามมาตรา 15 มีความผิดทางพินัย และต้องชำระค่าปรับเป็นพินัยไม่เกิน 20,000 บาท 

คำอธิบายขยายความ : พระราชบัญญัติกองทุนสำรองเลี้ยงชีพ พ.ศ. 2530 มาตรา 37 นายจ้างผู้ใดไม่ปฏิบัติตามมาตรา 15 มีความผิดทางพินัยต้องชำระค่าปรับเป็นพินัยไม่เกิน 20,000 บาท",1012,181,1193,0.15372840000782162,3.473737899970729,3.6274662999785505,1,0,0.5,0.0,0.0,0.0,0.8930450677871704
434,sparse_rag,เมื่อได้ตั้งกองทุนสำรองเลี้ยงชีพแล้วต้องดำเนินการอย่างไรต่อ,เมื่อได้ตั้งกองทุนสำรองเลี้ยงชีพแล้ว ต้องดำเนินการยื่นคำขอจดทะเบียนต่อนายทะเบียนตามหลักเกณฑ์และวิธีการที่กำหนดในกฎกระทรวง ตามมาตรา 6 แห่งพระราชบัญญัติกองทุนสำรองเลี้ยงชีพ พ.ศ. 2530,การดำเนินการหลังจัดตั้งกองทุนโดยนายจ้างและลูกจ้างตามมาตรา 5 ต้องยื่นคำขอจดทะเบียนต่อนายทะเบียนตามหลักเกณฑ์และวิธีการที่กำหนดในกฎกระทรวง,"การดำเนินการหลังจัดตั้งกองทุนโดยนายจ้างและลูกจ้างตามมาตรา 5 ต้องยื่นคำขอจดทะเบียนต่อนายทะเบียนตามหลักเกณฑ์และวิธีการที่กำหนดในกฎกระทรวง 

คำอธิบายขยายความ : พระราชบัญญัติกองทุนสำรองเลี้ยงชีพ พ.ศ. 2530 มาตรา 6 มี 2 กรณี 1.เมื่อลูกจ้างและนายจ้างตกลงกันจัดตั้งกองทุนขึ้นตามมาตรา 5 แล้ว 2.เงินทุนสำรองเลี้ยงชีพลูกจ้างที่ได้จัดตั้งขึ้นก่อนวันที่พระราชบัญญัตินี้ใช้บังคับ ถ้าประสงค์จะให้เป็นกองทุนตามพระราชบัญญัตินี้ ทั้งข้อ 1 และ 2 ให้ดำเนินการยื่นคำขอจดทะเบียนต่อนายทะเบียนตามหลักเกณฑ์และวิธีการที่กำหนดในกฎกระทรวงเช่นเดียวกัน",1112,104,1216,0.13809600000968203,2.562947000027634,2.7010430000373162,1,1,1.0,1.0,0.0,0.0,0.8716732263565063
435,sparse_rag,จะจดทะเบียนกองทุนสำรองเลี้ยงชีพต้องทำอย่างไร,ต้องยื่นคำขอจดทะเบียนต่อนายทะเบียนตามหลักเกณฑ์และวิธีการที่กำหนดในกฎกระทรวง ตามมาตรา 6 แห่งพระราชบัญญัติกองทุนสำรองเลี้ยงชีพ พ.ศ. 2530,ผู้ต้องการจดทะเบียนกองทุนสำรองเลี้ยงชีพต้องปฏิบัติตามเงื่อนไขในมาตรา 6 และมีข้อบังคับถูกต้องตามมาตรา 9,"ตามมาตรา 8 พระราชบัญญัติกองทุนสำรองเลี้ยงชีพ พ.ศ. 2530 ผู้ต้องการจดทะเบียนกองทุนสำรองเลี้ยงชีพต้องปฏิบัติตามเงื่อนไขในมาตรา 6 และมีข้อบังคับถูกต้องตามมาตรา 9 

คำอธิบายขยายความ : พระราชบัญญัติกองทุนสำรองเลี้ยงชีพ พ.ศ. 2530 มาตรา 8 ในการขอจดทะเบียนกองทุน ถ้าได้ปฏิบัติถูกต้องครบถ้วนตามที่บัญญัติไว้ในมาตรา 6 และมีข้อบังคับถูกต้องตามมาตรา 9 และข้อบังคับนั้นไม่ขัดต่อกฎหมายหรือวัตถุประสงค์ของกองทุน ให้นายทะเบียนรับจดทะเบียนได้ และให้ออกใบสำคัญแสดงการจดทะเบียนให้แก่กองทุนนั้น ทั้งนี้ ให้นายทะเบียนประกาศการจดทะเบียนกองทุนในราชกิจจานุเบกษา",1536,76,1612,0.13996370002860203,1.9446877999580465,2.0846514999866486,1,0,0.6666666666666666,0.0,0.5,0.5,0.8479244709014893
436,sparse_rag,หากคณะกรรมการกองทุนแต่งตั้งคนที่ไม่มีคุณสมบัติเป็นผู้จัดการกองทุน ใครต้องรับผิดชอบ,คณะกรรมการกองทุนต้องรับผิดชอบตามมาตรา 34 แห่งพระราชบัญญัติกองทุนสำรองเลี้ยงชีพ พ.ศ. 2530 ซึ่งบัญญัติว่า คณะกรรมการกองทุนที่แต่งตั้งบุคคลซึ่งไม่มีคุณสมบัติตามมาตรา 13 เป็นผู้จัดการกองทุน มีความผิดทางพินัย และต้องชำระค่าปรับไม่เกินหนึ่งหมื่นบาท,คณะกรรมการกองทุนต้องรับผิดชอบและชำระค่าปรับเป็นพินัยไม่เกินหนึ่งหมื่นบาท,"หากคณะกรรมการกองทุนแต่งตั้งบุคคลซึ่งไม่มีคุณสมบัติตามกฎหมาย มีความผิดทางพินัยต้องชำระค่าปรับเป็นพินัยไม่เกินหนึ่งหมื่นบาท 

คำอธิบายขยายความ: พระราชบัญญัติกองทุนสำรองเลี้ยงชีพ พ.ศ. 2530 มาตรา 34 คณะกรรมการกองทุนใดไม่ปฏิบัติตามมาตรา 11 วรรคสอง มาตรา 21 มาตรา 25 วรรคสาม หรือมาตรา 26 หรือแต่งตั้งบุคคลซึ่งไม่มีคุณสมบัติตามมาตรา 13 เป็นผู้จัดการกองทุน มีความผิดทางพินัยต้องชำระค่าปรับเป็นพินัยไม่เกินหนึ่งหมื่นบาท*",1044,143,1187,0.1355729000060819,2.40069300000323,2.5362659000093117,1,0,0.16666666666666666,0.5,0.0,0.0,0.9271785616874695
437,sparse_rag,นายจ้างเลิกกิจการมีผลต่อกองทุนอย่างไร,หากนายจ้างเลิกกิจการ กองทุนสำรองเลี้ยงชีพย่อมเลิกตามมาตรา 25 วรรคแรก ข้อ (1) แห่งพระราชบัญญัติกองทุนสำรองเลี้ยงชีพ พ.ศ. 2530 ทั้งนี้ หากกองทุนจัดตั้งโดยมีนายจ้างหลายคน การที่นายจ้างบางรายเลิกกิจการไม่ทำให้กองทุนเลิกทันที เว้นแต่ข้อบังคับของกองทุนจะกำหนดไว้เป็นอย่างอื่น แต่ต้องมีการชำระบัญชีเฉพาะส่วนทรัพย์สินของนายจ้างและลูกจ้างที่เกี่ยวข้อง และแจ้งนายทะเบียนภายใน 7 วัน,กองทุนย่อมเลิก,กองทุนย่อมเลิก  พระราชบัญญัติกองทุนสำรองเลี้ยงชีพ พ.ศ. 2530 มาตรา 25 กองทุนย่อมเลิก เมื่อ (1) นายจ้างเลิกกิจการ (2) ที่ประชุมใหญ่มีมติให้เลิก (3) มีกรณีที่ข้อบังคับของกองทุนกำหนดให้เลิก หรือ (4) นายทะเบียนสั่งให้เลิกกองทุนตามมาตรา 27 ในกรณีที่กองทุนจัดตั้งขึ้นโดยมีนายจ้างมากกว่าหนึ่งราย การที่นายจ้างบางรายเลิกกิจการหรือถอนตัวจากกองทุนไม่เป็นเหตุให้กองทุนต้องเลิก เว้นแต่ข้อบังคับของกองทุนกำหนดให้เลิก เมื่อมีกรณีตามวรรคสองเกิดขึ้น ให้คณะกรรมการกองทุนแจ้งให้นายทะเบียนทราบภายในเจ็ดวัน นับแต่วันที่นายจ้างบางรายเลิกกิจการหรือถอนตัว และจัดให้มีการชำระบัญชีกองทุนเฉพาะส่วนทรัพย์สินของนายจ้างและลูกจ้างของนายจ้างนั้นตามวิธีการที่กำหนดในข้อบังคับของกองทุน เมื่อได้ชำระบัญชีแล้วให้แจ้งให้นายทะเบียนทราบภายในเจ็ดวันนับแต่วันเสร็จการชำระบัญชี,1309,212,1521,0.13091499998699874,5.005213900003582,5.136128899990581,1,1,1.0,1.0,0.0,0.0,0.9202102422714233
438,sparse_rag,กรณีที่ผู้จัดการกองทุนพ้นจากการเป็นผู้จัดการกองทุนคณะกรรมการกองทุนแต่งตั้งผู้จัดการกองทุนใหม่ภายในกี่วัน,ตามมาตรา 21 แห่งพระราชบัญญัติกองทุนสำรองเลี้ยงชีพ พ.ศ. 2530 คณะกรรมการกองทุนต้องแต่งตั้งผู้จัดการกองทุนใหม่ภายใน **สามสิบวัน** นับแต่วันที่ผู้จัดการกองทุนเดิมพ้นตำแหน่ง,ภายในสามสิบวันนับแต่วันที่ผู้จัดการกองทุนเดิมพ้นตำแหน่ง,ให้คณะกรรมการกองทุนแต่งตั้งผู้จัดการกองทุนใหม่ภายในสามสิบวันนับแต่วันที่ผู้จัดการกองทุนเดิมพ้นตำแหน่งและให้แจ้งการแต่งตั้งผู้จัดการกองทุนใหม่แก่นายทะเบียนภายในสิบสี่วันนับแต่วันที่แต่งตั้ง ตามพระราชบัญญัติกองทุนสำรองเลี้ยงชีพ พ.ศ. 2530 มาตรา 21,1076,97,1173,0.13341870001750067,2.3757308999774978,2.5091495999949984,1,0,0.5,1.0,0.0,0.0,0.9517083764076233
439,sparse_rag,ผู้จัดการกองทุนสำรองเลี้ยงชีพมีหน้าที่นำเงินสะสมของลูกจ้างไปหาประโยชน์หรือไม่,ผู้จัดการกองทุนสำรองเลี้ยงชีพมีหน้าที่นำเงินสะสมและเงินสมทบไปลงทุนหรือหาผลประโยชน์ตามนโยบายการลงทุนที่ลูกจ้างได้แสดงเจตนาไว้ ตามมาตรา 16 แห่งพระราชบัญญัติกองทุนสำรองเลี้ยงชีพ พ.ศ. 2530,มีหน้าที่นำเงินสะสมของลูกจ้างไปหาประโยชน์,มีหน้าที่นำเงินสะสมของลูกจ้างไปหาประโยชน์   ตามมาตรา 16 พระราชบัญญัติกองทุนสำรองเลี้ยงชีพ พ.ศ. 2530  มาตรา 16 ในการลงทุนหรือหาผลประโยชน์ของกองทุน ให้ผู้จัดการกองทุนนำเงินสะสมและเงินสมทบไปลงทุนหรือหาผลประโยชน์ตามนโยบายการลงทุนที่ลูกจ้างได้แสดงเจตนาไว้ ในกรณีที่ลูกจ้างไม่แสดงเจตนาเลือกนโยบายการลงทุน ให้ลงทุนหรือหาผลประโยชน์ตามนโยบายเดิมที่ลูกจ้างเคยลงทุนไว้ หากไม่มีนโยบายเดิม ให้ลงทุนหรือหาผลประโยชน์ตามนโยบายที่กำหนดไว้ในข้อบังคับของกองทุน หากข้อบังคับของกองทุนไม่ได้กำหนดไว้ ให้ลงทุนหรือหาผลประโยชน์ตามนโยบายที่มีความเสี่ยงน้อยที่สุด,1235,106,1341,0.13418660004390404,2.3679134999983944,2.5021001000422984,1,1,1.0,1.0,0.0,0.0,0.9084677696228027
440,sparse_rag,ตามกฎหมายกองทุนสำรองเลี้ยงชีพ นายจ้างต้องแยกบัญชีของตนออกจากบัญชีของกองทุนไหม,ใช่ According to มาตรา 15 แห่งพระราชบัญญัติกองทุนสำรองเลี้ยงชีพ พ.ศ. 2530 นายจ้างต้องแยกบัญชีและเอกสารเกี่ยวกับการเงินหรือทรัพย์สินอื่นของตนออกจากบัญชีและเอกสารเกี่ยวกับการเงินหรือทรัพย์สินอื่นของกองทุนโดยเด็ดขาด.,นายจ้างต้องแยกบัญชีของตนออกจากบัญชีกองทุนโดยเด็ดขาดตามพระราชบัญญัติกองทุนสำรองเลี้ยงชีพ พ.ศ. 2530 มาตรา 15,"นายจ้างต้องแยกบัญชีของตนออกจากบัญชีกองทุนโดยเด็ดขาดตามพระราชบัญญัติกองทุนสำรองเลี้ยงชีพ พ.ศ. 2530 มาตรา 15

คำอธิบายขยายความ : พระราชบัญญัติกองทุนสำรองเลี้ยงชีพ พ.ศ. 2530 มาตรา 15 นายจ้างแยกบัญชีและเอกสารเกี่ยวกับการเงินหรือทรัพย์สินอื่นของตนออกจากบัญชีและเอกสารของกองทุนโดยเด็ดขาด",1024,113,1137,0.15469660004600883,2.571859499963466,2.726556100009475,1,1,1.0,1.0,1.0,0.5,0.95722496509552
441,sparse_rag,ถ้าลูกจ้างรายใดสิ้นสภาพความเป็นสมาชิกกองทุนสำรองเลี้ยงชีพ เพราะออกจากงาน มีสิทธิที่จะรับเงินอะไรหรือไม่,ลูกจ้างที่สิ้นสภาพความเป็นสมาชิกกองทุนสำรองเลี้ยงชีพเพราะออกจากงาน มีสิทธิรับเงินทั้งหมดที่มีสิทธิจะได้รับไว้ในกองทุน ตามมาตรา 23/3 แห่งพระราชบัญญัติกองทุนสำรองเลี้ยงชีพ พ.ศ. 2530,ลูกจ้างรายนั้นมีสิทธิคงเงินทั้งหมดที่มีสิทธิจะได้รับไว้ในกองทุน,ลูกจ้างรายนั้นมีสิทธิคงเงินทั้งหมดที่มีสิทธิจะได้รับไว้ในกองทุน คำอธิบายขยายความตามพระราชบัญญัติกองทุนสำรองเลี้ยงชีพ พ.ศ. 2530 มาตรา 23/3 เมื่อลูกจ้างรายใดหมดสภาพสมาชิกภาพเพราะออกจากงาน ลูกจ้างรายนั้นมีสิทธิคงเงินทั้งหมดที่มีสิทธิจะได้รับไว้ในกองทุน และคงการเป็นสมาชิกต่อไป,1212,109,1321,0.14646499999798834,2.624496000004001,2.7709610000019893,1,1,1.0,1.0,0.0,0.0,0.9214370250701904
442,sparse_rag,ผู้จัดการกองทุนสำรองเลี้ยงชีพมีหน้าที่อะไร,ผู้จัดการกองทุนสำรองเลี้ยงชีพมีหน้าที่ตามบทบัญญัติเกี่ยวกับการจัดการกองทุนส่วนบุคคลตามกฎหมายว่าด้วยหลักทรัพย์และตลาดหลักทรัพย์ พ.ศ. 2535 ตามมาตรา 14 แห่งพระราชบัญญัติกองทุนสำรองเลี้ยงชีพ พ.ศ. 2530,ผู้จัดการกองทุนมีหน้าที่ในการจัดการกองทุน และต้องอยู่ภายใต้บทบัญญัติเกี่ยวกับการจัดการกองทุนส่วนบุคคลตามกฎหมายว่าด้วยหลักทรัพย์และตลาดหลักทรัพย์ด้วย,"ผู้จัดการกองทุนมีหน้าที่ในการจัดการกองทุน และต้องอยู่ภายใต้บทบัญญัติเกี่ยวกับการจัดการกองทุนส่วนบุคคลตามกฎหมายว่าด้วยหลักทรัพย์และตลาดหลักทรัพย์ด้วย 

คำอธิบายขยายความ : พระราชบัญญัติกองทุนสำรองเลี้ยงชีพ พ.ศ. 2530 มาตรา 14 ในการจัดการกองทุน ให้ผู้จัดการกองทุนมีหน้าที่และอยู่ในบังคับบทบัญญัติเกี่ยวกับการจัดการกองทุนส่วนบุคคลตามกฎหมายว่าด้วยหลักทรัพย์และตลาดหลักทรัพย์",1069,123,1192,0.15167420002399012,3.3475475999875925,3.4992218000115827,1,1,1.0,1.0,0.0,0.0,0.9356113076210022
443,sparse_rag,เวลาพนักงานเจ้าหน้าที่ปฎิบัติหน้าที่พนักงานเจ้าหน้าที่ต้องแสดงอะไร,พนักงานเจ้าหน้าที่ต้องแสดงบัตรประจำตัวแก่บุคคลที่เกี่ยวข้องเมื่อปฏิบัติหน้าที่ ตามมาตรา 55 แห่งพระราชกำหนดการประกอบธุรกิจสินทรัพย์ดิจิทัล พ.ศ. 2561 และมาตรา 265 แห่งพระราชบัญญัติหลักทรัพย์และตลาดหลักทรัพย์ พ.ศ. 2535,แสดงบัตรประจำตัวของพนักงานเจ้าหน้าที่แก่คนที่เกี่ยวข้อง,แสดงบัตรประจำตัวของพนักงานเจ้าหน้าที่แก่คนที่เกี่ยวข้อง คำอธิบายเพิ่มเติมตามพระราชบัญญัติกองทุนสำรองเลี้ยงชีพ พ.ศ. 2530 มาตรา 31 ในการปฏิบัติหน้าที่ พนักงานเจ้าหน้าที่ต้องแสดงบัตรประจำตัวแก่บุคคลซึ่งเกี่ยวข้อง,919,130,1049,0.13682189997052774,2.6940301000140607,2.8308519999845885,0,0,0.0,0.0,0.0,0.0,0.8933343887329102
444,sparse_rag,ใครเป็นคนตรวจสอบผู้จัดการกองทุนสำรองเลี้ยงชีพ,ตามมาตรา 30 แห่งพระราชบัญญัติกองทุนสำรองเลี้ยงชีพ พ.ศ. 2530 ผู้ที่มีอำนาจตรวจสอบผู้จัดการกองทุนสำรองเลี้ยงชีพ ได้แก่ นายทะเบียนและพนักงานเจ้าหน้าที่,นายทะเบียน,นายทะเบียน   ตามพระราชบัญญัติกองทุนสำรองเลี้ยงชีพ พ.ศ. 2530 มาตรา 12 ทวิ ให้นายทะเบียนมีอำนาจหน้าที่กำกับดูแลการจัดการกองทุนและมีอำนาจสั่งให้ผู้จัดการกองทุนชี้แจงข้อเท็จจริงและทำรายงานเกี่ยวกับการจัดการกองทุนได้ ในกรณีที่นายทะเบียนเห็นว่าผู้จัดการกองทุนใดจัดการกองทุนในลักษณะที่อาจเป็นเหตุให้เสียหายแก่กองทุน นายทะเบียนมีอำนาจสั่งให้ผู้จัดการกองทุนแก้ไขหรือระงับการกระทำนั้นหรือสั่งถอดถอนผู้จัดการกองทุนได้,1608,86,1694,0.14699810004094616,2.193868299946189,2.340866399987135,0,0,0.0,0.0,0.0,0.0,0.8270895481109619
445,sparse_rag,ผู้ใดมีอำนาจ หน้าที่กำกับและควบคุมโดยทั่วไปเพื่อให้เป็นไปตามบทบัญญัติแห่งพระราชบัญญัติกองทุนสำรองเลี้ยงชีพ,ตามมาตรา 12 แห่งพระราชบัญญัติกองทุนสำรองเลี้ยงชีพ พ.ศ. 2530 ผู้มีอำนาจและหน้าที่กำกับและควบคุมโดยทั่วไปเพื่อให้เป็นไปตามบทบัญญัติแห่งพระราชบัญญัตินี้ คือ รัฐมนตรี,รัฐมนตรีมีอำนาจ หน้าที่กำกับและควบคุมโดยทั่วไปตามพระราชบัญญัติกองทุนสำรองเลี้ยงชีพ พ.ศ. 2530,ให้รัฐมนตรีมีอำนาจ หน้าที่กำกับและควบคุมโดยทั่วไป ตามพระราชบัญญัติกองทุนสำรองเลี้ยงชีพ พ.ศ. 2530 มาตรา 12 ให้รัฐมนตรีมีอำนาจและหน้าที่กำกับและควบคุมโดยทั่วไปเพื่อให้เป็นไปตามบทบัญญัติแห่งพระราชบัญญัตินี้ รัฐมนตรีอาจมอบหมายให้หน่วยงานใดในสังกัดปฏิบัติหน้าที่แทน และจะมอบหมายให้แต่งตั้งพนักงานของหน่วยงานนั้นเป็นพนักงานเจ้าหน้าที่เพื่อปฏิบัติการให้เป็นไปตามพระราชบัญญัตินี้ก็ได้,1045,99,1144,0.15106599999126047,2.6539164999849163,2.8049824999761768,1,1,1.0,1.0,1.0,1.0,0.9189400672912598
446,sparse_rag,เมื่อสำนักงาน ก.ล.ต.ได้แจ้งคำสั่งแต่งตั้งผู้แทนชั่วคราวของนิติบุคคลเฉพาะกิจแล้วต้องดำเนินการอย่างไรต่อไป,เมื่อสำนักงาน ก.ล.ต. ได้แจ้งคำสั่งแต่งตั้งผู้แทนชั่วคราวของนิติบุคคลเฉพาะกิจแล้ว ต้องดำเนินการโดยปิดประกาศคำสั่งดังกล่าวไว้ในที่เปิดเผย ณ สำนักงานของนิติบุคคลเฉพาะกิจนั้นเป็นเวลาไม่น้อยกว่าสิบห้าวัน และให้ประกาศคำสั่งดังกล่าวในราชกิจจานุเบกษา และในหนังสือพิมพ์รายวันที่แพร่หลายในท้องถิ่นอย่างน้อยหนึ่งฉบับ ตามมาตรา 26 แห่งพระราชกำหนดนิติบุคคลเฉพาะกิจเพื่อการแปลงสินทรัพย์เป็นหลักทรัพย์ พ.ศ. 2540.,1. ให้กรรมการ พนักงาน หรือบุคคลใด ๆ ของนิติบุคคลเฉพาะกิจ จัดการอันสมควรเพื่อปกปักรักษาทรัพย์และประโยชน์ของผู้ถือหลักทรัพย์ของนิติบุคคลเฉพาะกิจ และรายงานกิจการ ส่งมอบทรัพย์สินพร้อมสมุดบัญชี เอกสาร ดวงตรา และหลักฐานอันเกี่ยวกับกิจการ ของนิติบุคคลเฉพาะกิจให้แก่ผู้แทนชั่วคราวภายในระยะเวลาตามที่สำนักงาน ก.ล.ต. กำหนด 2. ให้บุคคลซึ่งครอบครองทรัพย์สินหรือเอกสารของนิติบุคคลเฉพาะกิจแจ้งการครอบครองให้ผู้แทนชั่วคราวทราบภายในระยะเวลาตามที่สำนักงาน ก.ล.ต. กำหนด.,เมื่อสำนักงาน ก.ล.ต. ได้แจ้งคำสั่งแต่งตั้งผู้แทนชั่วคราวของนิติบุคคลเฉพาะกิจ ให้ดำเนินการดังนี้ 1. ให้กรรมการ พนักงาน หรือบุคคลใด ๆ ของนิติบุคคลเฉพาะกิจ จัดการอันสมควรเพื่อปกปักรักษาทรัพย์และประโยชน์ของผู้ถือหลักทรัพย์ของนิติบุคคลเฉพาะกิจ และรายงานกิจการ ส่งมอบทรัพย์สินพร้อมสมุดบัญชี เอกสาร ดวงตรา และหลักฐานอันเกี่ยวกับกิจการ ของนิติบุคคลเฉพาะกิจให้แก่ผู้แทนชั่วคราวภายในระยะเวลาตามที่สำนักงาน ก.ล.ต. กำหนด 2. ให้บุคคลซึ่งครอบครองทรัพย์สินหรือเอกสารของนิติบุคคลเฉพาะกิจแจ้งการครอบครองให้ผู้แทนชั่วคราวทราบภายในระยะเวลาตามที่สำนักงาน ก.ล.ต. กำหนด คำอธิบายเพิ่มเติม : ตามมาตรา 27 พระราชกำหนดนิติบุคคลเฉพาะกิจเพื่อการแปลงสินทรัพย์เป็นหลักทรัพย์ พ.ศ. 2540 เมื่อสำนักงาน ก.ล.ต. ได้แจ้งคำสั่งแต่งตั้งผู้แทนชั่วคราวของนิติบุคคลเฉพาะกิจใดตามมาตรา 26 แล้ว (1) ให้กรรมการ พนักงาน หรือบุคคลใด ๆ ของนิติบุคคลเฉพาะกิจนั้น จัดการอันสมควรเพื่อปกปักรักษาทรัพย์และประโยชน์ของผู้ถือหลักทรัพย์ของนิติบุคคลเฉพาะกิจ และรีบรายงานกิจการ และมอบทรัพย์สินพร้อมสมุดบัญชี เอกสาร ดวงตรา และหลักฐานอื่นอันเกี่ยวกับกิจการ ของนิติบุคคลเฉพาะกิจให้แก่ผู้แทนชั่วคราวภายในระยะเวลาตามที่สำนักงาน ก.ล.ต. กำหนด (2) ให้บุคคลใด ๆ ซึ่งครอบครองทรัพย์สินหรือเอกสารของนิติบุคคลเฉพาะกิจแจ้งการครอบครองให้ผู้แทนชั่วคราวทราบภายในระยะเวลาตามที่สำนักงาน ก.ล.ต. กำหนด,1181,233,1414,0.1582473000162281,5.445111699984409,5.603359000000637,1,0,0.5,0.0,0.0,0.0,0.8449668884277344
447,sparse_rag,ค่าธรรมเนียบตามพระราชกำหนดนิติบุคคลเฉพาะกิจเพื่อการแปลงสินทรัพย์เป็นหลักทรัพย์ พ.ศ. 2540 ตกแก่ใคร,"พระราชกำหนดนิติบุคคลเฉพาะกิจเพื่อการแปลงสินทรัพย์เป็นหลักทรัพย์ พ.ศ. 2540 ไม่ได้ระบุว่า ""ค่าธรรมเนียม"" หรือ ""ค่าธรรมเนียบ"" ตกแก่ใครโดยตรงในมาตราที่ให้บริบทมา ดังนั้น ไม่พบข้อมูลที่ตรงกับคำถามในฐานข้อมูลกฎหมายที่มีอยู่",ตกเป็นของสำนักงานคณะกรรมการกำกับหลักทรัพย์และตลาดหลักทรัพย์,ตกเป็นของสำนักงานคณะกรรมการกำกับหลักทรัพย์และตลาดหลักทรัพย์  คำอธิบายเพิ่มเติม : ตามมาตรา 8 พระราชกำหนดนิติบุคคลเฉพาะกิจเพื่อการแปลงสินทรัพย์เป็นหลักทรัพย์ พ.ศ. 2540 การกำหนดค่าธรรมเนียมตามมาตรา 5 วรรคหนึ่ง (5) ให้คำนึงถึงค่าใช้จ่ายและภาระต่าง ๆ ในการดำเนินการตามความเป็นจริง และต้องมิได้มุ่งหมายให้เกิดรายได้เป็นสำคัญ และค่าธรรมเนียมดังกล่าวให้ตกเป็นของสำนักงาน ก.ล.ต.,1274,121,1395,0.16253520001191646,2.5926627999870107,2.755197999998927,0,0,0.0,0.0,0.0,0.0,0.8430689573287964
448,sparse_rag,พระราชกำหนดนิติบุคคลเฉพาะกิจเพื่อการแปลงสินทรัพย์เป็นหลักทรัพย์ พ.ศ. 2540 มีการกำหนดบทอนุโลมที่ใช้บังคับกับการโอนสินทรัพย์หรือทรัพย์สินคืนให้แก่ผู้จำหน่ายทรัพย์หรือไม่,"ใช่ พระราชกำหนดนิติบุคคลเฉพาะกิจเพื่อการแปลงสินทรัพย์เป็นหลักทรัพย์ พ.ศ. 2540 มาตรา 21 กำหนดให้นำบทบัญญัติมาตรา 15, 16, 17 และ 19 มาใช้บังคับกับการโอนสินทรัพย์หรือทรัพย์สินคืนให้แก่ผู้จำหน่ายสินทรัพย์ หรือปลดสินทรัพย์จากการเป็นหลักประกันในระหว่างการดำเนินโครงการที่ได้รับอนุมัติโดยอนุโลม",มี,มี  คำอธิบายเพิ่มเติม : ตาม มาตรา 21 พระราชกำหนดนิติบุคคลเฉพาะกิจเพื่อการแปลงสินทรัพย์เป็นหลักทรัพย์ พ.ศ. 2540 ให้นำบทบัญญัติมาตรา 15 มาตรา 16 มาตรา 17 และมาตรา 19 มาใช้บังคับกับการโอนสินทรัพย์หรือทรัพย์สินคืนให้แก่ผู้จำหน่ายสินทรัพย์ หรือปลดสินทรัพย์จากการเป็นหลักประกันในระหว่างการดำเนินโครงการที่ได้รับอนุมัติโดยอนุโลม,1292,169,1461,0.1815101999673061,4.268736099998932,4.450246299966238,1,0,0.2,1.0,0.0,0.0,0.9756579399108887
449,sparse_rag,หากขัดขวางพนักงานเจ้าหน้าที่ที่ปฏิบัติหน้าที่ตามกฎหมาย มีโทษหรือไม่,มีโทษตามพระราชกำหนดนิติบุคคลเฉพาะกิจเพื่อการแปลงสินทรัพย์เป็นหลักทรัพย์ พ.ศ. 2540 มาตรา 38 และพระราชบัญญัติทรัสต์เพื่อธุรกรรมในตลาดทุน พ.ศ. 2550 มาตรา 81 ผู้ใดขัดขวางพนักงานเจ้าหน้าที่ต้องระวางโทษจำคุกไม่เกินหนึ่งปี หรือปรับไม่เกินหนึ่งแสนบาท หรือทั้งจำทั้งปรับ หากใช้กำลังประทุษร้ายหรือขู่เข็ญ ต้องระวางโทษจำคุกไม่เกินสองปี หรือปรับไม่เกินสองแสนบาท หรือทั้งจำทั้งปรับ,มี โดยต้องระวางโทษจำคุกไม่เกินหนึ่งปี หรือปรับไม่เกินหนึ่งแสนบาท หรือทั้งจำทั้งปรับ,มี โดยต้องระวางโทษจำคุกไม่เกินหนึ่งปี หรือปรับไม่เกินหนึ่งแสนบาท หรือทั้งจำทั้งปรับ คำอธิบายขยายความ : ตามพระราชกำหนดนิติบุคคลเฉพาะกิจเพื่อการแปลงสินทรัพย์เป็นหลักทรัพย์ พ.ศ. 2540 มาตรา 38 1) ผู้ใด 2) ขัดขวาง 3) พนักงานเจ้าหน้าที่ซึ่งปฏิบัติหน้าที่ตามมาตรา 30 (โดยมาตรา 30 เป็นมาตราที่กฎหมายกำหนดอำนาจของพนักงานเจ้าหน้าที่ในการปฏิบัติหน้าที่) ต้องระวางโทษจำคุกไม่เกินหนึ่งปี หรือปรับไม่เกินหนึ่งแสนบาท หรือทั้งจำทั้งปรับ,1080,220,1300,0.14915160002419725,5.022476200014353,5.17162780003855,1,0,0.5,1.0,0.0,0.0,0.9139885306358337
450,sparse_rag,ในการแปลงสินทรัพย์เป็นหลักทรัพย์ ได้กระทำการนอกเหนือจากที่กำหนดไว้ในโครงการที่อนุมัติแล้ว มีโทษอย่างไร,ตามมาตรา 13 แห่งพระราชกำหนดนิติบุคคลเฉพาะกิจเพื่อการแปลงสินทรัพย์เป็นหลักทรัพย์ พ.ศ. 2540 ห้ามมิให้นิติบุคคลเฉพาะกิจกระทำการใดนอกจากที่กำหนดไว้ในโครงการที่ได้รับอนุมัติ เว้นแต่จะได้รับการผ่อนผันจากคณะกรรมการ ก.ล.ต. หากกระทำผิด อาจถูกเพิกถอนการจดทะเบียน และต้องร่วมกันรับผิดชดใช้เงินเป็นจำนวนสองเท่าของค่าธรรมเนียมที่ได้รับยกเว้น พร้อมเบี้ยปรับอีกหนึ่งล้านบาท ซึ่งเงินทั้งหมดต้องนำส่งคลังเป็นรายได้แผ่นดินตามมาตรา 22 แห่งพระราชกำหนดฉบับเดียวกัน,มีความผิดทางพินัยต้องชำระค่าปรับเป็นพินัยไม่เกินสามแสนบาท,มีความผิดทางพินัยต้องชำระค่าปรับเป็นพินัยไม่เกินสามแสนบาท คำอธิบายขยายความ : ตามพระราชกำหนดนิติบุคคลเฉพาะกิจเพื่อการแปลงสินทรัพย์เป็นหลักทรัพย์ พ.ศ. 2540 มาตรา 34 นิติบุคคลเฉพาะกิจใดฝ่าฝืนหรือไม่ปฏิบัติตามมาตรา 13 หรือมาตรา 15 วรรคสอง หรือตัวแทนเรียกเก็บและรับชำระหนี้ใดฝ่าฝืนหรือไม่ปฏิบัติตามมาตรา 15/1 มีความผิดทางพินัยต้องชำระค่าปรับเป็นพินัยไม่เกินสามแสนบาท*,1193,237,1430,0.13715409999713302,5.845956200035289,5.983110300032422,1,0,0.25,0.0,0.0,0.0,0.8498572111129761
451,sparse_rag,ผู้ที่เอาเอกสารซึ่งเจ้าหน้าที่ได้สั่งให้ส่งเพื่อเป็นพยานหลักฐานไปทำลาย จะได้รับโทษอย่างไร,ผู้ใดทำลายเอกสารซึ่งพนักงานเจ้าหน้าที่ได้สั่งให้ส่งเพื่อเป็นพยานหลักฐาน ต้องระวางโทษจำคุกไม่เกินสามปี หรือปรับไม่เกินสามแสนบาท หรือทั้งจำทั้งปรับ ตามมาตรา 83 แห่งพระราชบัญญัติทรัสต์เพื่อธุรกรรมในตลาดทุน พ.ศ. 2550,"โทษจำคุกตั้งแต่ 6 เดือน - 3 ปี ปรับตั้งแต่ 60,000 บาท - 300,000 บาท","โทษจำคุกตั้งแต่ 6 เดือน - 3 ปี ปรับตั้งแต่ 60,000 บาท - 300,000 บาท  คำอธิบายขยายความ : มาตรา 42 แห่งพระราชกำหนดนิติบุคคลเฉพาะกิจเพื่อการแปลงสินทรัพย์เป็นหลักทรัพย์ พ.ศ. 2540 ผู้ใดทำให้เสียหาย ทำลาย ซ่อนเร้น เอาไปเสีย หรือทำให้สูญหายหรือไร้ประโยชน์ซึ่งทรัพย์สินหรือเอกสารใด ๆ อันพนักงานเจ้าหน้าที่ได้ยึด อายัด รักษาไว้ หรือสั่งให้ส่งเพื่อเป็นพยานหลักฐานตามมาตรา 30 ไม่ว่าพนักงานเจ้าหน้าที่จะรักษาทรัพย์สินหรือเอกสารนั้นไว้เอง หรือสั่งให้ผู้นั้นหรือผู้อื่นส่งหรือรักษาไว้ก็ตาม ต้องระวางโทษจำคุกตั้งแต่หกเดือนถึงสามปี และปรับตั้งแต่หกหมื่นบาทถึงสามแสนบาท",1242,127,1369,0.13985759997740388,3.1687493000063114,3.3086068999837153,1,0,0.5,0.5,0.0,0.0,0.8591222763061523
452,sparse_rag,ความผิดตามกฎหมายนิติบุคคลเฉพาะกิจเพื่อการแปลงสินทรัพย์เป็นหลักทรัพย์ เปรียบเทียบปรับได้ไหม,"ได้ ความผิดตามพระราชกำหนดนิติบุคคลเฉพาะกิจเพื่อการแปลงสินทรัพย์เป็นหลักทรัพย์ พ.ศ. 2540 มาตรา 33, 34, 35, 36, 37, 38, 39 และ 40 ให้คณะกรรมการเปรียบเทียบความผิดที่รัฐมนตรีแต่งตั้งมีอำนาจเปรียบเทียบได้ ตามมาตรา 43 แห่งพระราชกำหนดดังกล่าว",ได้ แต่ไม่ใช่ทุกความผิด ที่จะเปรียบเทียบปรับแล้วไม่โดนคดีอาญา,ได้ แต่ไม่ใช่ทุกความผิด ที่จะเปรียบเทียบปรับแล้วไม่โดนคดีอาญา พระราชกำหนดนิติบุคคลเฉพาะกิจเพื่อการแปลงสินทรัพย์เป็นหลักทรัพย์ พ.ศ. 2540  ความผิดตามมาตรา 33 มาตรา 34 มาตรา 35 มาตรา 36 มาตรา 37 มาตรา 38 มาตรา 39 และมาตรา 40 ให้คณะกรรมการเปรียบเทียบความผิดที่รัฐมนตรีแต่งตั้งมีอำนาจเปรียบเทียบได้ คณะกรรมการเปรียบเทียบที่รัฐมนตรีแต่งตั้งตามวรรคหนึ่งให้มีจำนวนสามคน เมื่อคณะกรรมการเปรียบเทียบได้ทำการเปรียบเทียบกรณีใด และผู้ต้องหาได้ชำระค่าปรับตามคำเปรียบเทียบภายในระยะเวลาที่คณะกรรมการเปรียบเทียบกำหนดแล้ว ให้ถือว่าคดีเลิกกันตามบทบัญญัติแห่งประมวลกฎหมายวิธีพิจารณาความอาญา ถ้าผู้ต้องหาไม่ยินยอมตามที่เปรียบเทียบ หรือเมื่อยินยอมแล้วไม่ชำระเงินค่าปรับภายในระยะเวลาที่กำหนด ให้ดำเนินคดีต่อไป,1324,141,1465,0.14757380000082776,2.971242400002666,3.1188162000034936,1,0,0.1111111111111111,1.0,0.0,0.0,0.8457472324371338
453,sparse_rag,ดอกเบี้ยสินทรัพย์นิติบุคคลเฉพาะกิจ กำหนดไว้อย่างไร,ตามมาตรา 18 แห่งพระราชกำหนดนิติบุคคลเฉพาะกิจเพื่อการแปลงสินทรัพย์เป็นหลักทรัพย์ พ.ศ. 2540 นิติบุคคลเฉพาะกิจมีสิทธิคิดดอกเบี้ยจากสินทรัพย์ในอัตราไม่สูงกว่าอัตราที่คิดไว้เดิม ซึ่งหากดอกเบี้ยนั้นเกินกว่าร้อยละสิบห้าต่อปี ให้ยกเว้นไม่ใช้บทบัญญัติมาตรา 654 แห่งประมวลกฎหมายแพ่งและพาณิชย์บังคับกับกรณีนี้,ดอกเบี้ยโดยชอบด้วยกฎหมายเกินกว่าร้อยละ 15 ต่อปี และให้นิติบุคคลเฉพาะกิจมีสิทธิคิดดอกเบี้ยจากสินทรัพย์นั้นในอัตราไม่สูงกว่าอัตราที่คิดไว้เดิมได้.,การโอนสินทรัพย์ตามโครงการที่ได้รับอนุมัติที่มีดอกเบี้ยโดยชอบด้วยกฎหมายเกินกว่าร้อยละ 15 ต่อปี มิให้นำบทบัญญัติมาตรา 654 แห่งประมวลกฎหมายแพ่งและพาณิชย์มาใช้บังคับ(บททั่วไป) และให้นิติบุคคลเฉพาะกิจมีสิทธิคิดดอกเบี้ยจากสินทรัพย์นั้นในอัตราไม่สูงกว่าอัตราที่คิดไว้เดิมได้ ทั้งนี้ ตามวิธีการคิดดอกเบี้ยที่กำหนดไว้แต่เดิม,1285,187,1472,0.1568944999598898,4.645608599996194,4.802503099956084,1,0,0.5,1.0,0.0,0.0,0.9040418863296509
454,sparse_rag,การโอนสิทธิเรียกร้องใด ตามพระราชกำหนดนิติบุคคลเฉพาะกิจเพื่อการแปลงสินทรัพย์เป็นหลักทรัพย์ พ.ศ. 2540 ไม่ต้องปฏิบัติตามมาตรา 306 แห่งประมวลกฎหมายแพ่งและพาณิชย์,การโอนสินทรัพย์ที่เป็นสิทธิเรียกร้องในกรณีที่ผู้รับชำระหนี้เดิมเป็นตัวแทนเรียกเก็บและรับชำระหนี้ หรือกรณีที่มีการเปลี่ยนตัวแทนเรียกเก็บและรับชำระหนี้โดยผลของกฎหมายอันเนื่องมาจากการควบกิจการของนิติบุคคล ถือว่าเป็นการโอนสิทธิเรียกร้องอันชอบด้วยกฎหมาย โดยไม่ต้องบอกกล่าวไปยังลูกหนี้ตามมาตรา 306 แห่งประมวลกฎหมายแพ่งและพาณิชย์ ตามมาตรา 15 แห่งพระราชกำหนดนิติบุคคลเฉพาะกิจเพื่อการแปลงสินทรัพย์เป็นหลักทรัพย์ พ.ศ. 2540,การโอนสิทธิเรียกร้อง ดังนี้ 1 การโอนสินทรัพย์ที่ผู้รับชำระหนี้เดิมเป็นตัวแทนเรียกเก็บและรับชำระหนี้ 2 การโอนสินทรัพย์ที่มีการเปลี่ยนตัวแทนเรียกเก็บและรับชำระหนี้โดยผลของกฎหมายอันเนื่องมาจากการควบกิจการของนิติบุคคลดังกล่าว,การโอนสิทธิเรียกร้อง ดังนี้ 1 การโอนสินทรัพย์ที่ผู้รับชำระหนี้เดิมเป็นตัวแทนเรียกเก็บและรับชำระหนี้ 2 การโอนสินทรัพย์ที่มีการเปลี่ยนตัวแทนเรียกเก็บและรับชำระหนี้โดยผลของกฎหมายอันเนื่องมาจากการควบกิจการของนิติบุคคลดังกล่าว แต่ไม่กระทบกระเทือนถึงสิทธิของลูกหนี้ที่จะยกข้อต่อสู้ตามบทบัญญัติมาตรา 308 วรรคสอง แห่งประมวลกฎหมายแพ่งและพาณิชย์  พระราชกำหนดนิติบุคคลเฉพาะกิจเพื่อการแปลงสินทรัพย์เป็นหลักทรัพย์ พ.ศ. 2540 กรณีที่ผู้รับชำระหนี้เดิมเป็นตัวแทนเรียกเก็บและรับชำระหนี้แล้ว และได้มีการเปลี่ยนตัวแทนดังกล่าวเป็นบุคคลอื่นในภายหลัง และมิใช่เป็นกรณีตาม ข้อ 2 ผล คือ ให้นิติบุคคลเฉพาะกิจแจ้งข้อเท็จจริงเกี่ยวกับการรับโอนสินทรัพย์ที่เป็นสิทธิเรียกร้องนั้นและการเปลี่ยนตัวแทนเรียกเก็บและรับชำระหนี้ไปยังลูกหนี้นับแต่วันที่มีการเปลี่ยนตัวแทนเรียกเก็บและรับชำระหนี้ ทั้งนี้ ตามหลักเกณฑ์ วิธีการ และเงื่อนไขที่คณะกรรมการ ก.ล.ต. ประกาศกำหนด ให้นำความในวรรคหนึ่งและวรรคสองมาใช้บังคับกับการรับสินทรัพย์ไว้เป็นหลักประกันโดยอนุโลม,1711,222,1933,0.16868910001358017,15.273372300027404,15.442061400040984,1,0,0.3333333333333333,1.0,0.0,0.0,0.9061276912689209
455,sparse_rag,ผู้เสนอโครงการโดยเเสดงข้อความเท็จต้องระวางโทษเเบบใด,ผู้เสนอโครงการที่แสดงข้อความอันเป็นเท็จหรือปกปิดข้อความจริงซึ่งควรแจ้งในแบบแสดงรายการข้อมูลการเสนอขายโทเคนดิจิทัลหรือร่างหนังสือชี้ชวน ต้องระวางโทษจำคุกไม่เกินห้าปี และปรับเป็นเงินไม่เกินสองเท่าของราคาขายของโทเคนดิจิทัลทั้งหมดที่เสนอขาย แต่เงินค่าปรับต้องไม่น้อยกว่าห้าแสนบาท ตามมาตรา 59 แห่งพระราชกำหนดการประกอบธุรกิจสินทรัพย์ดิจิทัล พ.ศ. 2561,ต้องชำระค่าปรับเป็นพินัยไม่เกินห้าแสนบาท*,ต้องชำระค่าปรับเป็นพินัยไม่เกินห้าแสนบาท* พระราชกำหนดนิติบุคคลเฉพาะกิจเพื่อการแปลงสินทรัพย์เป็นหลักทรัพย์ พ.ศ. 2540 มาตรา 33 ผู้ใดเสนอโครงการตามมาตรา 10 โดยแสดงข้อความอันเป็นเท็จหรือปกปิด ข้อความจริงซึ่งควรบอกให้แจ้งมีความผิดทางพินัยต้องชำระค่าปรับเป็นพินัยไม่เกินห้าแสนบาท*,1099,183,1282,0.1355174999916926,5.859530600020662,5.9950481000123546,0,0,0.0,0.0,0.0,0.0,0.8514779806137085
456,sparse_rag,กรรมการผู้จัดการละเว้นการจัดการในการดำเนินงานของนิติบุคคล กรรมการนั้นต้องรับผิดร่วมกับนิติบุคคลหรือไม่,ตามมาตรา 94 แห่งพระราชกำหนดการประกอบธุรกิจสินทรัพย์ดิจิทัล พ.ศ. 2561 ถ้าการกระทำความผิดของนิติบุคคลเกิดจากการละเว้นไม่สั่งการหรือไม่กระทำการของกรรมการหรือผู้จัดการ ผู้นั้นต้องรับโทษตามที่บัญญัติไว้สำหรับความผิดนั้นด้วย จึงถือว่ากรรมการผู้จัดการต้องรับผิดร่วมกับนิติบุคคลในกรณีที่ละเว้นการจัดการจนเกิดความผิด,ต้องร่วมรับผิดด้วย,ต้องร่วมรับผิดด้วย พระราชกำหนดนิติบุคคลเฉพาะกิจเพื่อการแปลงสินทรัพย์เป็นหลักทรัพย์ พ.ศ. 2540 มาตรา 37 ในกรณีที่ผู้กระทำความผิดตามมาตรา 36 เป็นนิติบุคคล ถ้าการกระทำความผิดของนิติบุคคลนั้นเกิดจากการสั่งการ การกระทำการ การไม่สั่งการ หรือการไม่กระทำการ อันเป็นหน้าที่ที่ต้องกระทำของกรรมการ ผู้จัดการหรือบุคคลใดซึ่งรับผิดชอบในการดำเนินงานของนิติบุคคลนั้น บุคคลนั้นต้องรับโทษตามที่บัญญัติไว้สำหรับความผิดนั้น ๆ ด้วย,1155,173,1328,0.13431340001989156,4.427446399990004,4.561759800009895,0,0,0.0,0.0,0.0,0.0,0.897384524345398
457,sparse_rag,นิติบุคคลเฉพาะกิจตามพระราชกำหนดนิติบุคคลเฉพาะกิจเพื่อการแปลงสินทรัพย์เป็นหลักทรัพย์สิ้นสุดลงเมื่อใด,"นิติบุคคลเฉพาะกิจตามพระราชกำหนดนิติบุคคลเฉพาะกิจเพื่อการแปลงสินทรัพย์เป็นหลักทรัพย์ พ.ศ. 2540 สิ้นสุดลงเมื่อ (1) ได้ชำระหนี้ให้แก่ผู้ถือหลักทรัพย์จนครบถ้วนและโอนสินทรัพย์หรือทรัพย์สินที่เหลือคืนให้แก่ผู้จำหน่ายสินทรัพย์หรือปลดสินทรัพย์จากการเป็นหลักประกันแล้ว, (2) มีเหตุสิ้นสุดตามที่กำหนดไว้ในโครงการที่ได้รับอนุมัติ, หรือ (3) สำนักงาน ก.ล.ต. เพิกถอนการจดทะเบียนตามมาตรา 22 หรือมาตรา 29 (มาตรา 24).",นิติบุคคลเฉพาะกิจสิ้นสุดลงเมื่อ (1) ชำระหนี้ให้แก่ผู้ถือหลักทรัพย์ครบถ้วนและโอนสินทรัพย์คืนให้แก่ผู้จำหน่ายสินทรัพย์ (2) มีเหตุสิ้นสุดตามโครงการที่ได้รับอนุมัติ (3) สำนักงาน ก.ล.ต. เพิกถอนการจดทะเบียนตามมาตรา 22 หรือ 29.,เมื่อนิติบุคคลเฉพาะกิจได้ชำระหนี้ให้แก่ผู้ถือหลักทรัพย์ของนิติบุคคลเฉพาะกิจจนครบถ้วนและได้โอนสินทรัพย์หรือทรัพย์สินที่เหลืออยู่ทั้งหมดคืนให้แก่ผู้จำหน่ายสินทรัพย์หรือปลดสินทรัพย์จากการเป็นหลักประกันแล้ว ตามพระราชกำหนดนิติบุคคลเฉพาะกิจเพื่อการแปลงสินทรัพย์เป็นหลักทรัพย์ พ.ศ. 2540 มาตรา 24 นิติบุคคลเฉพาะกิจสิ้นสุดลงเมื่อ (1) นิติบุคคลเฉพาะกิจได้ชำระหนี้ให้แก่ผู้ถือหลักทรัพย์ของนิติบุคคลเฉพาะกิจจนครบถ้วนและได้โอนสินทรัพย์หรือทรัพย์สินที่เหลืออยู่ทั้งหมดคืนให้แก่ผู้จำหน่ายสินทรัพย์หรือปลดสินทรัพย์จากการเป็นหลักประกันแล้ว (2) มีเหตุสิ้นสุดตามที่กำหนดไว้ในโครงการที่ได้รับอนุมัติ (3) สำนักงาน ก.ล.ต. เพิกถอนการจดทะเบียนตามมาตรา 22 หรือมาตรา 29,1131,238,1369,0.13438900001347065,5.753364100004546,5.887753100018017,1,0,0.3333333333333333,1.0,1.0,1.0,0.9557726383209229
458,sparse_rag,หากมีการแต่งตั้งผู้แทนชั่วคราวของนิติบุคคลเฉพาะกิจจะต้องปิดประกาศไว้ไม่น้อยกว่ากี่วัน,ต้องปิดประกาศไว้ไม่น้อยกว่าสิบห้าวัน ตามมาตรา 26 แห่งพระราชกำหนดนิติบุคคลเฉพาะกิจเพื่อการแปลงสินทรัพย์เป็นหลักทรัพย์ พ.ศ. 2540,ไม่น้อยกว่า 15 วัน,ไม่น้อยกว่า 15 วัน   ตามพระราชกำหนดนิติบุคคลเฉพาะกิจเพื่อการแปลงสินทรัพย์เป็นหลักทรัพย์ พ.ศ. 2540 มาตรา 26 ให้สำนักงาน ก.ล.ต. แจ้งคำสั่งแต่งตั้งผู้แทนชั่วคราวของนิติบุคคลเฉพาะกิจ โดยปิดประกาศไว้ในที่เปิดเผยที่สำนักงานของนิติบุคคลเฉพาะกิจนั้นเป็นเวลาไม่น้อยกว่า 15 วัน และให้ประกาศในราชกิจจานุเบกษาและหนังสือพิมพ์รายวันที่แพร่หลายในท้องถิ่นนั้นอย่างน้อย 1 ฉบับด้วย,1167,74,1241,0.1480044000199996,2.073688799981028,2.2216932000010274,1,0,0.5,0.5,0.0,0.0,0.837191104888916
459,sparse_rag,พนักงานเจ้าหน้าที่มีอำนาจอย่างไรตามพระราชกำหนดนิติบุคคลเฉพาะกิจเพื่อการแปลงสินทรัพย์เป็นหลักทรัพย์,"ตามพระราชกำหนดนิติบุคคลเฉพาะกิจเพื่อการแปลงสินทรัพย์เป็นหลักทรัพย์ พ.ศ. 2540 มาตรา 30 พนักงานเจ้าหน้าที่มีอำนาจดังนี้  
(1) เข้าไปตรวจสอบสถานที่ของนิติบุคคลเฉพาะกิจ ผู้แทนผู้ถือหุ้นกู้ ทรัสตี หรือตัวแทนเรียกเก็บและรับชำระหนี้ รวมถึงสถานที่เก็บเอกสารหรือทรัพย์สินในระหว่างเวลาพระอาทิตย์ขึ้นจนถึงพระอาทิตย์ตก หรือในเวลาทำการ เพื่อตรวจสอบกิจการ ทรัพย์สิน และหนี้สิน  
(2) เข้าไปตรวจทรัพย์สิน ตรวจสอบสมุดบัญชี เอกสาร หรือหลักฐานที่อาจเกี่ยวข้องกับการกระทำผิดตามพระราชกำหนด  
(3) ยึดหรืออายัดเอกสารหรือหลักฐานที่เกี่ยวข้องกับการกระทำผิดเพื่อประโยชน์ในการตรวจสอบหรือดำเนินคดี  
(4) สั่งให้กรรมการ พนักงาน ลูกจ้าง ผู้สอบบัญชี หรือผู้เกี่ยวข้องมาให้ถ้อยคำ หรือส่งสำเนา สมุดบัญชี เอกสาร ดวงตรา หรือหลักฐานอื่นที่เกี่ยวกับกิจการ ทรัพย์สิน และหนี้สิน  
(5) สั่งให้บุคคลที่เป็นประโยชน์ต่อการปฏิบัติหน้าที่มาให้ถ้อยคำ หรือส่งเอกสาร หลักฐาน หรือวัตถุที่เกี่ยวข้อง",พนักงานเจ้าหน้าที่มีอำนาจดังนี้: 1. เข้าไปในสถานที่ของนิติบุคคลเฉพาะกิจเพื่อตรวจสอบกิจการทรัพย์สินและหนี้สิน 2. ตรวจสอบสมุดบัญชี เอกสาร หรือหลักฐานที่เกี่ยวข้อง 3. ยึดหรืออายัดเอกสารที่เกี่ยวข้องกับการกระทำความผิด 4. สั่งให้กรรมการหรือผู้เกี่ยวข้องมาให้ถ้อยคำหรือส่งเอกสารที่เกี่ยวข้อง 5. สั่งให้บุคคลใด ๆ ที่เป็นประโยชน์ต่อการปฏิบัติหน้าที่มาให้ถ้อยคำหรือส่งเอกสารที่จำเป็น.,เข้าไปในสถานที่ของนิติบุคคลเฉพาะกิจ ผู้แทนผู้ถือหุ้นกู้ ทรัสตี หรือตัวแทนเรียกเก็บและรับชำระหนี้ของนิติบุคคลเฉพาะกิจหรือสถานที่ใด ๆ ซึ่งรวบรวมหรือประมวลข้อมูล เข้าไปในสถานที่ใด ๆ ในระหว่างเวลาพระอาทิตย์ขึ้นจนถึงพระอาทิตย์ตก หรือในระหว่างเวลาทำการของสถานที่นั้นเพื่อทำการตรวจทรัพย์สิน ตรวจสอบสมุดบัญชี เอกสาร หรือหลักฐานที่อาจเกี่ยวข้องกับการกระทำอันเป็นความผิดตามพระราชกำหนดนี้ เป็นต้น ตามพระราชกำหนดนิติบุคคลเฉพาะกิจเพื่อการแปลงสินทรัพย์เป็นหลักทรัพย์ พ.ศ. 2540 มาตรา 30 ในการปฏิบัติหน้าที่ตามพระราชกำหนดนี้ ให้พนักงานเจ้าหน้าที่มีอำนาจ ดังต่อไปนี้ (1) เข้าไปในสถานที่ของนิติบุคคลเฉพาะกิจ ผู้แทนผู้ถือหุ้นกู้ ทรัสตี หรือตัวแทนเรียกเก็บและรับชำระหนี้ของนิติบุคคลเฉพาะกิจหรือสถานที่ใด ๆ ซึ่งรวบรวมหรือประมวลข้อมูล โดยได้รับการมอบหมายของบุคคลดังกล่าวหรือสถานที่ใด ๆ ซึ่งเก็บเอกสารหลักฐานหรือทรัพย์สินของนิติบุคคลเฉพาะกิจ ในระหว่างเวลาพระอาทิตย์ขึ้นจนถึงพระอาทิตย์ตก หรือในระหว่างเวลาทำการของสถานที่นั้นเพื่อตรวจสอบกิจการทรัพย์สิน และหนี้สินของนิติบุคคลเฉพาะกิจ รวมทั้งเอกสาร หลักฐาน ทรัพย์สิน หรือข้อมูลเกี่ยวกับนิติบุคคลเฉพาะกิจ (2) เข้าไปในสถานที่ใด ๆ ในระหว่างเวลาพระอาทิตย์ขึ้นจนถึงพระอาทิตย์ตก หรือในระหว่างเวลาทำการของสถานที่นั้นเพื่อทำการตรวจทรัพย์สิน ตรวจสอบสมุดบัญชี เอกสาร หรือหลักฐานที่อาจเกี่ยวข้องกับการกระทำอันเป็นความผิดตามพระราชกำหนดนี้ (3) ยึดหรืออายัดเอกสารหรือหลักฐานที่เกี่ยวข้องกับการกระทำความผิดตามพระราชกำหนดนี้เพื่อประโยชน์ในการตรวจสอบหรือดำเนินคดี (4) สั่งให้กรรมการ พนักงาน ลูกจ้าง หรือผู้สอบบัญชีของนิติบุคคลเฉพาะกิจ ผู้แทนผู้ถือหุ้นกู้ ทรัสตี ตัวแทนเรียกเก็บและรับชำระหนี้ของนิติบุคคลเฉพาะกิจ หรือผู้รวบรวม หรือประมวลข้อมูลที่ได้รับมอบหมายจากบุคคลดังกล่าว หรือบุคคลใด ๆ ที่เป็นผู้เก็บเอกสาร หลักฐาน หรือทรัพย์สินของนิติบุคคลเฉพาะกิจ มาให้ถ้อยคำหรือส่งสำเนาหรือแสดงสมุดบัญชี เอกสาร ดวงตรา หรือหลักฐานอื่นเกี่ยวกับกิจการการดำเนินงาน ทรัพย์สิน และหนี้สินของนิติบุคคลเฉพาะกิจ (5) สั่งให้บุคคลใด ๆ ที่จะเป็นประโยชน์ต่อการปฏิบัติหน้าที่ของพนักงานเจ้าหน้าที่มาให้ถ้อยคำหรือส่งสำเนาหรือแสดงสมุดบัญชี เอกสาร หลักฐาน หรือวัตถุใดที่เกี่ยวข้องหรือจำเป็นแก่การปฏิบัติหน้าที่ของพนักงานเจ้าหน้าที่,3247,456,3703,0.13340420002350584,11.311372299969662,11.444776499993168,1,1,1.0,1.0,1.0,1.0,0.938266396522522
460,sparse_rag,ในการแปลงสินทรัพย์เป็นหลักทรัพย์ ให้ผู้จำหน่ายสินทรัพย์เสนอโครงการต่อผู้ใด,ในการแปลงสินทรัพย์เป็นหลักทรัพย์ ให้ผู้จำหน่ายสินทรัพย์เสนอโครงการต่อสำนักงานคณะกรรมการกำกับหลักทรัพย์และตลาดหลักทรัพย์ (ก.ล.ต.) ตามมาตรา 10 แห่งพระราชกำหนดนิติบุคคลเฉพาะกิจเพื่อการแปลงสินทรัพย์เป็นหลักทรัพย์ พ.ศ. 2540,เสนอโครงการต่อสำนักงาน ก.ล.ต.,เสนอโครงการต่อสำนักงาน ก.ล.ต. โดยต้องระบุรายละเอียดของโครงการตามหลักเกณฑ์ วิธีการ และเงื่อนไขที่คณะกรรมการ ก.ล.ต. ประกาศกำหนด   มาตรา 10  แห่งพระราชกำหนดนิติบุคคลเฉพาะกิจเพื่อการแปลงสินทรัพย์เป็นหลักทรัพย์ พ.ศ. 2540 ในการแปลงสินทรัพย์เป็นหลักทรัพย์ ให้ผู้จำหน่ายสินทรัพย์หรือบุคคลที่คณะกรรมการ ก.ล.ต. ประกาศกำหนด เสนอโครงการต่อสำนักงาน ก.ล.ต. โดยต้องระบุรายละเอียดของโครงการตามหลักเกณฑ์ วิธีการ และเงื่อนไขที่คณะกรรมการ ก.ล.ต. ประกาศกำหนด การเสนอโครงการตามวรรคหนึ่ง ให้ยื่นคำขออนุญาตเสนอขายหลักทรัพย์ที่ออกใหม่ตามกฎหมายว่าด้วยหลักทรัพย์และตลาดหลักทรัพย์มาพร้อมกันด้วย,1075,123,1198,0.13468509999802336,2.2403908999986015,2.375075999996625,1,1,1.0,1.0,0.0,0.0,0.9108957052230835
461,sparse_rag,ผู้ให้ถ้อยคำอันเป็นเท็จต่อพนักงานเจ้าหน้าที่ซึ่งอาจทำให้ผู้อื่นหรือประชาชนเสียหายตามพระราชกำหนดนิติบุคคลเฉพาะกิจเพื่อการแปลงสินทรัพย์เป็นหลักทรัพย์ต้องได้รับโทษอย่างไร,ผู้ให้ถ้อยคำอันเป็นเท็จต่อพนักงานเจ้าหน้าที่ซึ่งอาจทำให้ผู้อื่นหรือประชาชนเสียหาย ต้องระวางโทษจำคุกไม่เกินหกเดือน หรือปรับไม่เกินหกหมื่นบาท หรือทั้งจำทั้งปรับ ตามมาตรา 40 แห่งพระราชกำหนดนิติบุคคลเฉพาะกิจเพื่อการแปลงสินทรัพย์เป็นหลักทรัพย์ พ.ศ. 2540,ต้องระวางโทษจำคุกไม่เกินหกเดือน หรือปรับไม่เกินหกหมื่นบาท หรือทั้งจำทั้งปรับ,ต้องระวางโทษจำคุกไม่เกินหกเดือน หรือปรับไม่เกินหกหมื่นบาท หรือทั้งจำทั้งปรับ ตามพระราชกำหนดนิติบุคคลเฉพาะกิจเพื่อการแปลงสินทรัพย์เป็นหลักทรัพย์ พ.ศ. 2540 มาตรา 40 ผู้ใดให้ถ้อยคำอันเป็นเท็จต่อพนักงานเจ้าหน้าที่ซึ่งอาจทำให้ผู้อื่นหรือประชาชนเสียหาย ต้องระวางโทษจำคุกไม่เกินหกเดือน หรือปรับไม่เกินหกหมื่นบาท หรือทั้งจำทั้งปรับ,1209,147,1356,0.1596315000206232,3.127706600003876,3.287338100024499,1,1,1.0,1.0,0.0,0.0,0.9850895404815674
462,sparse_rag,เมื่อนิติบุคคลเฉพาะกิจดำเนินโครงการที่ได้รับอนุมัติโดยมิได้ทำการแปลงสินทรัพย์เป็นหลักทรัพย์ให้สำเร็จ สำนักงาน ก.ล.ต.มีอำนาจอย่างไร,สำนักงาน ก.ล.ต. มีอำนาจเพิกถอนการจดทะเบียนนิติบุคคลเฉพาะกิจนั้น รวมทั้งมีอำนาจเรียกให้นิติบุคคลเฉพาะกิจและผู้จำหน่ายสินทรัพย์ต้องร่วมกันรับผิดชดใช้เงินเป็นจำนวนสองเท่าของจำนวนเงินค่าธรรมเนียมที่ได้รับยกเว้น และเรียกเบี้ยปรับอีกเป็นจำนวนหนึ่งล้านบาท ตามมาตรา 22 แห่งพระราชกำหนดนิติบุคคลเฉพาะกิจเพื่อการแปลงสินทรัพย์เป็นหลักทรัพย์ พ.ศ. 2540,สำนักงาน ก.ล.ต. มีอำนาจเพิกถอนการจดทะเบียนนิติบุคคลเฉพาะกิจนั้น รวมทั้งมีอำนาจเรียกให้นิติบุคคลเฉพาะกิจและผู้จำหน่ายสินทรัพย์ต้องร่วมกันรับผิดชดใช้เงินเป็นจำนวนสองเท่าของจำนวนเงินค่าธรรมเนียมที่ได้รับยกเว้น และเรียกเบี้ยปรับอีกเป็นจำนวนหนึ่งล้านบาท.,สำนักงาน ก.ล.ต. มีอำนาจเพิกถอนการจดทะเบียนนิติบุคคลเฉพาะกิจนั้น รวมทั้งมีอำนาจเรียกให้นิติบุคคลเฉพาะกิจและผู้จำหน่ายสินทรัพย์ต้องร่วมกันรับผิดชดใช้เงินเป็นจำนวนสองเท่าของจำนวนเงินค่าธรรมเนียมที่ได้รับยกเว้น และเรียกเบี้ยปรับอีกเป็นจำนวนหนึ่งล้านบาท ตามพระราชกำหนดนิติบุคคลเฉพาะกิจเพื่อการแปลงสินทรัพย์เป็นหลักทรัพย์ พ.ศ. 2540 มาตรา 22 ในกรณีที่สำนักงาน ก.ล.ต. พบว่า นิติบุคคลเฉพาะกิจใดดำเนินโครงการที่ได้รับอนุมัติโดยมิได้ทำการแปลงสินทรัพย์เป็นหลักทรัพย์ให้สำเร็จตามความมุ่งหมายของโครงการและไม่มีเหตุผลอันสมควร ให้สำนักงาน ก.ล.ต. มีอำนาจเพิกถอนการจดทะเบียนนิติบุคคลเฉพาะกิจนั้น รวมทั้งมีอำนาจเรียกให้นิติบุคคลเฉพาะกิจและผู้จำหน่ายสินทรัพย์ต้องร่วมกันรับผิดชดใช้เงินเป็นจำนวนสองเท่าของจำนวนเงินค่าธรรมเนียมที่ได้รับยกเว้น และเรียกเบี้ยปรับอีกเป็นจำนวนหนึ่งล้านบาท เงินที่ชดใช้และเบี้ยปรับนั้นให้สำนักงาน ก.ล.ต. นำส่งคลังเป็นรายได้แผ่นดิน,1217,190,1407,0.1436338000348769,3.434819999965839,3.578453800000716,1,1,1.0,1.0,0.0,0.0,0.9212878942489624
463,sparse_rag,นิติบุคคลที่ตั้งไว้เฉพาะเพื่อแปลงสินทรัพย์เป็นหลักทรัพย์ ก่อนจะให้พนักงานของรัฐเข้ามาตรวจสอบ กฎหมายกำหนดว่าอย่างไร,ก่อนที่พนักงานเจ้าหน้าที่จะเข้ามาตรวจสอบ นิติบุคคลเฉพาะกิจเพื่อการแปลงสินทรัพย์เป็นหลักทรัพย์ต้องดำเนินการเฉพาะตามโครงการที่ได้รับอนุมัติเท่านั้น ตามมาตรา 13 แห่งพระราชกำหนดนิติบุคคลเฉพาะกิจเพื่อการแปลงสินทรัพย์เป็นหลักทรัพย์ พ.ศ. 2540 ห้ามมิให้กระทำการใดนอกจากที่กำหนดไว้ในโครงการที่ได้รับอนุมัติ เว้นแต่จะได้รับการผ่อนผันจากคณะกรรมการ ก.ล.ต.,ในการปฏิบัติหน้าที่ พนักงานเจ้าหน้าที่ต้องแสดงบัตรประจำตัวแก่บุคคลที่เกี่ยวข้อง บัตรประจำตัวพนักงานเจ้าหน้าที่ ให้เป็นไปตามแบบที่รัฐมนตรีประกาศกำหนดในราชกิจจานุเบกษา,ในการปฏิบัติหน้าที่ พนักงานเจ้าหน้าที่ต้องแสดงบัตรประจำตัวแก่บุคคลที่เกี่ยวข้อง บัตรประจำตัวพนักงานเจ้าหน้าที่ ให้เป็นไปตามแบบที่รัฐมนตรีประกาศกำหนดในราชกิจจานุเบกษา,1738,185,1923,0.14722210000036284,3.0393369999947026,3.1865590999950655,0,0,0.0,0.0,0.0,0.0,0.759518027305603
464,sparse_rag,ใครเป็นผู้รักษาการตามพระราชกำหนดนิติบุคคลเฉพาะกิจฯ,ผู้รักษาการตามพระราชกำหนดนิติบุคคลเฉพาะกิจเพื่อการแปลงสินทรัพย์เป็นหลักทรัพย์ พ.ศ. 2540 คือ รัฐมนตรีว่าการกระทรวงการคลัง ตามมาตรา 4 แห่งพระราชกำหนดดังกล่าว,รัฐมนตรีว่าการกระทรวงการคลัง,"รัฐมนตรีว่าการกระทรวงการคลัง  
คำอธิบายขยายความ : มาตรา 4 แห่งพระราชกำหนดนิติบุคคลเฉพาะกิจเพื่อการแปลงสินทรัพย์เป็นหลักทรัพย์ พ.ศ. 2540 ให้รัฐมนตรีว่าการกระทรวงการคลังรักษาการตามพระราชกำหนดนี้",1119,84,1203,0.14482270000735298,1.4165979000390507,1.5614206000464037,1,1,1.0,1.0,0.0,0.0,0.9327436685562134
465,sparse_rag,บริษัทจำกัด บริษัทมหาชนจำกัด สามารถการแปลงสินทรัพย์เป็นหลักทรัพย์ ได้ไหม,ได้ ตามมาตรา 9 แห่งพระราชกำหนดนิติบุคคลเฉพาะกิจเพื่อการแปลงสินทรัพย์เป็นหลักทรัพย์ พ.ศ. 2540 บริษัทจำกัด หรือบริษัทมหาชนจำกัด สามารถจัดตั้งเป็นนิติบุคคลเฉพาะกิจเพื่อดำเนินการแปลงสินทรัพย์เป็นหลักทรัพย์ได้ แต่ต้องมีวัตถุประสงค์เพื่อการแปลงสินทรัพย์เป็นหลักทรัพย์เท่านั้น,การแปลงสินทรัพย์เป็นหลักทรัพย์ให้ดำเนินการโดยนิติบุคคลเฉพาะกิจ ซึ่งจัดตั้งเป็นบริษัทจำกัด บริษัทมหาชนจำกัด หรือนิติบุคคลอื่นตามที่คณะกรรมการ ก.ล.ต. ประกาศกำหนด หรือโดยการก่อตั้งทรัสต์,การแปลงสินทรัพย์เป็นหลักทรัพย์ให้ดำเนินการโดยนิติบุคคลเฉพาะกิจ ซึ่งจัดตั้งเป็นบริษัทจำกัด บริษัทมหาชนจำกัด หรือนิติบุคคลอื่นตามที่คณะกรรมการ ก.ล.ต. ประกาศกำหนด หรือโดยการก่อตั้งทรัสต์ และต้องมีวัตถุประสงค์เพื่อการแปลงสินทรัพย์เป็นหลักทรัพย์เท่านั้น การดำเนินการของนิติบุคคลเฉพาะกิจโดยการก่อตั้งทรัสต์ ให้นำบทบัญญัติแห่งกฎหมายว่าด้วยทรัสต์เพื่อธุรกรรมในตลาดทุนมาใช้บังคับ เว้นแต่พระราชกำหนดนี้จะบัญญัติไว้เป็นอย่างอื่น และให้ทรัสตีมีหน้าที่และความรับผิดชอบเช่นเดียวกับนิติบุคคลเฉพาะกิจ,1260,166,1426,0.1484004000085406,2.714316500001587,2.8627169000101276,1,1,1.0,1.0,0.0,0.0,0.8661015033721924
466,sparse_rag,ผู้เป็นสมาชิกของหอการค้าที่มิได้รับอนุญาตมีความผิดหรือไม่,ผู้เป็นสมาชิกของหอการค้าที่มิได้รับอนุญาตตามมาตรา 8 แห่งพระราชบัญญัติหอการค้า พ.ศ. 2509 มีความผิดทางพินัย ต้องชำระค่าปรับไม่เกินสองพันบาท ตามมาตรา 49 แห่งพระราชบัญญัติหอการค้า พ.ศ. 2509,มีความผิดทางพินัยต้องชำระค่าปรับเป็นพินัยไม่เกินสองพันบาท,มีความผิดทางพินัยต้องชำระค่าปรับเป็นพินัยไม่เกินสองพันบาท ตามพระราชบัญญัติหอการค้า พ.ศ. 2509 มาตรา 49 ผู้ใดเป็นสมาชิกของหอการค้าที่มิได้รับอนุญาตตามมาตรา 8 มีความผิดทางพินัยต้องชำระค่าปรับเป็นพินัยไม่เกินสองพันบาท,1660,110,1770,0.1325461000087671,1.812023400038015,1.9445695000467822,1,0,0.5,1.0,0.0,0.0,0.9744594693183899
467,sparse_rag,ผลของการที่หอการค้าเลิกตามมาตรา 44 พระราชบัญญัติหอการค้า พ.ศ. 2509,ผลจากการที่หอการค้าเลิกตามมาตรา 44 แห่งพระราชบัญญัติหอการค้า พ.ศ. 2509 คือ ต้องดำเนินการชำระบัญชีตามมาตรา 46 ซึ่งให้ใช้บทบัญญัติแห่งประมวลกฎหมายแพ่งและพาณิชย์ อันว่าด้วยการชำระบัญชีห้างหุ้นส่วนจดทะเบียน ห้างหุ้นส่วนจำกัด และบริษัทจำกัด มาใช้บังคับโดยอนุโลม,1. ให้นายทะเบียนเพิกถอนใบอนุญาต 2. ขีดชื่อหอการค้านั้นออกจากทะเบียน 3. ให้ถือว่าหอการค้านั้นคงดำเนินการต่อไปได้เพียงเท่าที่จำเป็นเพื่อการชำระบัญชีเท่านั้น,ผลของการที่หอการค้าเลิกตามมาตรา 44 พระราชบัญญัติหอการค้า พ.ศ. 2509 มีดังนี้ 1 ให้นายทะเบียนเพิกถอนใบอนุญาต 2 ขีดชื่อหอการค้านั้นออกจากทะเบียน 3 ให้ถือว่าหอการค้านั้นคงดำเนินการต่อไปได้เพียงเท่าที่จำเป็นเพื่อการชำระบัญชีเท่านั้น คำอธิบายขยายความ : ตามพระราชบัญญัติหอการค้า พ.ศ. 2509 มาตรา 45 ภายใต้มาตรา 10 พระราชบัญญัติหอการค้า พ.ศ. 2509 (มาตรา 45 ต้องทำตามมาตรา 10 ก่อน),1009,149,1158,0.142920000012964,2.399680000031367,2.542600000044331,1,0,0.3333333333333333,0.0,0.0,0.0,0.8826615810394287
468,sparse_rag,ถ้าไม่ปฏิบัติตามคำสั่งของนายทะเบียนจะมีความผิดไหม,ใช่ ผู้ใดไม่ปฏิบัติตามคำสั่งของนายทะเบียนตามมาตรา 39 หรือมาตรา 41 วรรคหนึ่งหรือวรรคสอง แห่งพระราชบัญญัติหอการค้า พ.ศ. 2509 มีความผิดทางพินัย ต้องชำระค่าปรับไม่เกินสองพันบาท,มีความผิดความผิดทางพินัยต้องชำระค่าปรับเป็นพินัยไม่เกินสองพันบาท,มีความผิดความผิดทางพินัยต้องชำระค่าปรับเป็นพินัยไม่เกินสองพันบาท หากเป็นคำสั่งของนายทะเบียนให้ปฏิบัติตามมาตรา 39 หรือมาตรา 41 วรรคหนึ่งหรือวรรคสองตามกฎพระราชบัญญัติหอการค้า พ.ศ. 2509 คำอธิบายขยายความ: พระราชบัญญัติหอการค้า พ.ศ. 2509 มาตรา 57 ผู้ใดไม่ปฏิบัติตามคำสั่งของนายทะเบียนตามมาตรา 39 หรือมาตรา 41 วรรคหนึ่งหรือวรรคสอง มีความผิดทางพินัยต้องชำระค่าปรับเป็นพินัยไม่เกินสองพันบาท*,881,103,984,0.1321732000214979,1.7406641999841668,1.8728374000056647,1,0,0.3333333333333333,1.0,0.0,0.0,0.9489803910255432
469,sparse_rag,กรรมการหอการค้าที่โดนสั่งให้ออกจากตำแหน่งแล้ว ยังทำตำแหน่งนี้ได้อยู่หรือไม่,กรรมการหอการค้าที่ถูกรัฐมนตรีสั่งให้ออกจากตำแหน่ง ไม่มีสิทธิเป็นกรรมการหอการค้าอีก เว้นแต่จะผ่านไปแล้วไม่น้อยกว่าสามปีนับแต่วันที่ถูกรัฐมนตรีสั่งให้ออกจากตำแหน่ง ตามมาตรา 40 แห่งพระราชบัญญัติหอการค้า พ.ศ. 2509,กรรมการหอการค้าที่ฝ่าฝืนมาตรา 29 และถูกรัฐมนตรีที่มีอำนาจสั่งให้ออกจากตำแหน่ง จะไม่สามารถเป็นกรรมการหอการค้าได้อีก เว้นแต่จะพ้นกำหนด 3 ปีนับจากวันที่รัฐมนตรีสั่งให้ออกจากตำแหน่ง.,หลัก : กรรมการหอการค้าที่ฝ่าฝืนมาตรา 29 และถูกรัฐมนตรีที่มีอำนาจสั่งให้ออกจากตำแหน่ง จะไม่สามารถเป็นกรรมการหอการค้าได้อีก ข้อยกเว้น : มีสิทธิเป็นกรรมการหอการค้าได้เมื่อพ้น 3 ปีนับจากวันที่รัฐมนตรีสั่งให้ออกจากตำแหน่ง คำอธิบายขยายความ : พระราชบัญญัติหอการค้า พ.ศ. 2509 มาตรา 40 เมื่อหอการค้ากระทำการอันเป็นการฝ่าฝืนมาตรา 29 รัฐมนตรีมีอำนาจสั่งให้กรรมการทั้งคณะหรือเป็นรายบุคคลออกจากตำแหน่งได้ ในกรณีเช่นนี้ คณะกรรมการหรือกรรมการนั้นไม่มีสิทธิเป็นกรรมการหอการค้าอีก เว้นแต่จะพ้นกำหนด 3 ปีนับแต่วันที่ถูกรัฐมนตรีสั่งให้ออกจากตำแหน่ง,984,123,1107,0.13240920001408085,2.0581934000365436,2.1906026000506245,1,0,0.5,1.0,0.0,0.0,0.9128203988075256
470,sparse_rag,ถ้าหอการค้าไม่ยอมให้สมาชิกตรวจสอบกิจการและทรัพย์สิน จะมีความผิดและมีโทษอย่างไร,หากหอการค้าไม่ยอมให้สมาชิกตรวจสอบกิจการและทรัพย์สินของหอการค้านั้นตามมาตรา 27 ถือว่ามีความผิดทางพินัย และต้องชำระค่าปรับเป็นพินัยไม่เกินหนึ่งพันบาท ตามมาตรา 53 แห่งพระราชบัญญัติหอการค้า พ.ศ. 2509,มีความผิดทางพินัยต้องชำระค่าปรับเป็นพินัยไม่เกินหนึ่งพันบาท,มีความผิดทางพินัยต้องชำระค่าปรับเป็นพินัยไม่เกินหนึ่งพันบาท   เป็นไปตามพระราชบัญญัติหอการค้า พ.ศ. 2509 มาตรา 53 ที่กำหนดความผิดในเรื่องดังกล่าวไว้,867,111,978,0.1627085999934934,1.8752885999856517,2.037997199979145,1,0,0.5,1.0,0.0,0.0,0.9021826982498169
471,sparse_rag,ถ้ามีการใช้ชื่อหอการค้าไทยโดยยังไม่ได้มีฐานะเป็นหอการค้าตามกฎหมายจะมีความผิดและมีโทษอย่างไร,การใช้ชื่อ “หอการค้าไทย” โดยยังไม่ได้มีฐานะเป็นหอการค้าตามกฎหมาย ถือว่าผิดกฎหมายตามมาตรา 16 แห่งพระราชบัญญัติหอการค้า พ.ศ. 2509 ซึ่งห้ามมิให้ใช้ชื่อ “หอการค้าไทย” หรือข้อความที่มีความหมายในทำนองเดียวกัน ประกอบชื่อโดยมิได้เป็นหอการค้าตามพระราชบัญญัตินี้ และผู้ฝ่าฝืนต้องระวางโทษจำคุกไม่เกินสองปี หรือปรับไม่เกินสี่หมื่นบาท หรือทั้งจำทั้งปรับ,"มีต้องชำระค่าปรับเป็นพินัยไม่เกิน 1,000 บาท และชำระค่าปรับเป็นพินัยอีกวันละ 50 บาทจนกว่าจะได้จัดการแก้ไขให้ถูกต้อง","มีต้องชำระค่าปรับเป็นพินัยไม่เกิน 1,000 บาท และชำระค่าปรับเป็นพินัยอีกวันละ 50 บาทจนกว่าจะได้จัดการแก้ไขให้ถูกต้อง   พระราชบัญญัติหอการค้า พ.ศ. 2509 มาตรา 16 กำหนดห้ามมิให้ใช้ข้อความว่าหอการค้าไทย โดยยังไม่ได้มีฐานะเป็นหอการค้าตามกฎหมาย และมาตรา 50 กำหนดโทษของการฝ่าฝืนมาตรา 16 ว่ามีความผิดทางพินัยต้องชำระค่าปรับเป็นพินัยไม่เกิน 1,000 บาท และชำระค่าปรับเป็นพินัยอีกวันละ 50 บาทจนกว่าจะได้จัดการแก้ไขให้ถูกต้อง",1116,195,1311,0.14398879994405434,3.188578500004951,3.3325672999490052,1,0,0.5,0.0,0.0,0.0,0.8679687976837158
472,sparse_rag,ถ้าหอการค้าไม่จัดทำทะเบียนสมาชิกเก็บรักษาไว้ที่สำนักงานของหอการค้าและให้ส่ง สำเนาทะเบียนสมาชิกนั้นแก่นายทะเบียนภายในกำหนดเก้าสิบวันนับแต่วันที่ได้รับใบอนุญาตและจดทะเบียนเป็นหอการค้า มีโทษอย่างไร,หอการค้าที่ไม่จัดทำทะเบียนสมาชิกเก็บรักษาไว้ที่สำนักงานหรือไม่ส่งสำเนาทะเบียนสมาชิกแก่นายทะเบียนภายในกำหนดเก้าสิบวัน ตามมาตรา 33 แห่งพระราชบัญญัติหอการค้า พ.ศ. 2509 ถือว่ามีความผิด และต้องระวางโทษปรับไม่เกินสองหมื่นบาท,มีความผิดทางพินัยต้องชำระค่าปรับเป็นพินัยไม่เกินหนึ่งพันบาท,มีความผิดทางพินัยต้องชำระค่าปรับเป็นพินัยไม่เกินหนึ่งพันบาท,1392,118,1510,0.17004120000638068,1.9939263999694958,2.1639675999758765,1,0,0.16666666666666666,0.0,0.0,0.0,0.7489449381828308
473,sparse_rag,เมื่อหอการค้าล้มละลายการชำระบัญชีหอการค้าต้องบังคับใช้ตามกฎหมายใด,การชำระบัญชีหอการค้าที่เลิกเพราะล้มละลาย ต้องบังคับใช้ตามมาตรา 46 แห่งพระราชบัญญัติหอการค้า พ.ศ. 2509 ซึ่งระบุให้นำบทบัญญัติแห่งประมวลกฎหมายแพ่งและพาณิชย์ อันว่าด้วยการชำระบัญชีห้างหุ้นส่วนจดทะเบียน ห้างหุ้นส่วนจำกัด และบริษัทจำกัด มาใช้บังคับโดยอนุโลม,ให้นำบทบัญญัติแห่งประมวลกฎหมายแพ่งและพาณิชย์อันว่าด้วยการชำระบัญชีห้างหุ้นส่วนจดทะเบียน ห้างหุ้นส่วนจำกัด และบริษัทจำกัด มาใช้บังคับโดยอนุโลม,ให้นำบทบัญญัติแห่งประมวลกฎหมายแพ่งและพาณิชย์อันว่าด้วยการชำระบัญชีห้างหุ้นส่วนจดทะเบียน ห้างหุ้นส่วนจำกัด และบริษัทจำกัด มาใช้บังคับโดยอนุโลม,1004,148,1152,0.14798110001720488,2.4202760999905877,2.5682572000077926,1,1,1.0,0.5,0.0,0.0,0.8694126605987549
474,sparse_rag,หากหอการค้ามีการแบ่งปันผลกำไรให้แก่สมาชิกแล้วจะมีความผิดและต้องรับโทษอย่างไรบ้าง,หากหอการค้ามีการแบ่งปันผลกำไรให้แก่สมาชิก จะมีความผิดตามมาตรา 30 แห่งพระราชบัญญัติหอการค้า พ.ศ. 2509 ซึ่งห้ามมิให้หอการค้าแบ่งปันผลกำไรหรือรายได้ให้แก่สมาชิก และต้องระวางโทษจำคุกไม่เกินสองปี หรือปรับไม่เกินสี่หมื่นบาท หรือทั้งจำทั้งปรับ,"มีความผิดทางพินัยต้องชำระค่าปรับเป็นพินัยไม่เกิน 50,000 บาท","มีความผิดทางพินัยต้องชำระค่าปรับเป็นพินัยไม่เกิน 50,000 บาท ตามพระราชบัญญัติหอการค้า พ.ศ. 2509 มาตรา 54 วางหลักว่า ห้ามหอการค้ากระทำการใด ๆ ที่บัญญัติไว้มาตรา 29 หรือมาตรา 30 หากฝ่าฝืนจะมีความผิดทางพินัยต้องชำระค่าปรับเป็นพินัยไม่เกิน 50,000 บาท โดยมีการห้ามไม่ให้หอการค้าแบ่งปันผลกําไรหรือรายได้ให้แก่สมาชิก หรือดําเนินการในทางการเมืองซึ่งบัญญัติไว้ในมาตรา 30",802,138,940,0.1317906000185758,2.2653907000203617,2.3971813000389375,1,0,0.3333333333333333,0.0,0.0,0.0,0.868945837020874
475,sparse_rag,หอการค้าต้องมีคณะกรรมการหรือไม่,หอการค้าต้องมีคณะกรรมการตามมาตรา 25 แห่งพระราชบัญญัติหอการค้า พ.ศ. 2509 ซึ่งกำหนดให้หอการค้ามีคณะกรรมการเป็นผู้ดำเนินกิจการของหอการค้าและเป็นผู้แทนของหอการค้าในกิจการอันเกี่ยวกับบุคคลภายนอก,ให้หอการค้ามีคณะกรรมการเป็นผู้ดำเนินกิจการของหอการค้า และเป็นผู้แทนของหอการค้าในกิจการอันเกี่ยวกับบุคคลภายนอก,ให้หอการค้ามีคณะกรรมการเป็นผู้ดำเนินกิจการของหอการค้า และเป็นผู้แทนของหอการค้าในกิจการอันเกี่ยวกับบุคคลภายนอก,840,104,944,0.1328763000201434,1.4819684000103734,1.6148447000305168,1,1,1.0,0.5,0.0,0.0,0.9514804482460022
476,sparse_rag,ก่อนที่หอการค้าจะมีฐานะเป็นนิติบุคคล ต้องดำเนินการอะไรบ้าง,ก่อนที่หอการค้าจะมีฐานะเป็นนิติบุคคล ต้องได้รับใบอนุญาตและจดทะเบียนแล้ว ตามมาตรา 11 แห่งพระราชบัญญัติหอการค้า พ.ศ. 2509,ต้องมีการได้รับใบอนุญาตและจดทะเบียนแล้วจึงจะมีฐานะเป็นนิติบุคคล,ต้องมีการได้รับใบอนุญาตและจดทะเบียนแล้วจึงจะมีฐานะเป็นนิติบุคคล   ตามพระราชบัญญัติหอการค้า พ.ศ. 2509 มาตรา 11 ระบุให้หอการค้าที่ได้รับใบอนุญาตและจดทะเบียนแล้วมีฐานะเป็นนิติบุคคล,784,75,859,0.14785660000052303,1.12970139994286,1.277557999943383,1,1,1.0,1.0,0.0,0.0,0.9646396636962891
477,sparse_rag,หอการค้าต่างประเทศสามารถแบ่งปันผลกำไรให้แก่สมาชิกได้หรือไม่,หอการค้าต่างประเทศไม่สามารถแบ่งปันผลกำไรให้แก่สมาชิกได้ เนื่องจากตามมาตรา 30 แห่งพระราชบัญญัติหอการค้า พ.ศ. 2509 ห้ามมิให้หอการค้าแบ่งปันผลกำไรหรือรายได้ให้แก่สมาชิก,ไม่ได้,ไม่ได้ หอการค้า มี 4 ประเภท 1.หอการค้าจังหวัด 2.หอการค้าไทย 3.หอการค้าต่างประเทศ 4.สภาหอการค้าแห่งประเทศไทย ซึ่งกฎหมายห้ามไม่ให้หอการค้าแบ่งบันผลกำไร หรือรายได้ให้แก่สมาชิก หรือห้ามไม่ให้หอการค้าดำเนินการในทางการเมือง,789,91,880,0.1309192000189796,1.3547603000188246,1.4856795000378042,1,1,1.0,1.0,0.0,0.0,0.8414775133132935
478,sparse_rag,กรณีใบอนุญาตหอการค้าสูญหายหรือถูกทำลายต้องทำอย่างไร,ตามมาตรา 12 แห่งพระราชบัญญัติหอการค้า พ.ศ. 2509 ถ้าใบอนุญาตหอการค้าสูญหายหรือถูกทำลาย ให้หอการค้ายื่นคำขอรับใบแทน,ให้หอการค้ายื่นคำขอรับใบแทน,ให้หอการค้ายื่นคำขอรับใบแทน,785,70,855,0.1401907000108622,1.1227057000505738,1.262896400061436,1,1,1.0,1.0,0.0,0.0,0.8718525171279907
479,sparse_rag,ถ้าหอการค้ามีเงินเหลืออยู่ โอนให้สมาชิกได้ไหม,ไม่ได้ ตามมาตรา 47 แห่งพระราชบัญญัติหอการค้า พ.ศ. 2509 ถ้าหอการค้ามีทรัพย์สินเหลืออยู่หลังชำระบัญชี จะต้องโอนให้แก่นิติบุคคลอื่นที่มีวัตถุประสงค์เกี่ยวกับการกุศลสาธารณะ หรือหากไม่มีข้อกำหนดไว้ในข้อบังคับ ก็ให้เป็นไปตามมติที่ประชุมใหญ่ แต่ห้ามแบ่งให้แก่สมาชิกโดยเด็ดขาด,ถ้ามีทรัพย์สินเหลืออยู่เท่าใดจะแบ่งให้แก่สมาชิกของหอการค้าไม่ได้ ทรัพย์สินทั้งนั้นจะต้องโอนไปให้แก่นิติบุคคลอื่นที่มีวัตถุที่ประสงค์เกี่ยวกับการกุศลสาธารณะตามที่ระบุไว้ในข้อบังคับของหอการค้า หรือถ้าไม่ได้ระบุไว้ก็ให้เป็นไปตามมติของที่ประชุมใหญ่ว่าจะโอนไปให้แก่นิติบุคคลใดที่มีวัตถุที่ประสงค์เกี่ยวกับการกุศลสาธารณะ ในกรณีนอกจากที่กล่าวมาแล้ว ให้ทรัพย์สินที่เหลือนั้นตกเป็นของรัฐ.,ถ้ามีทรัพย์สินเหลืออยู่เท่าใดจะแบ่งให้แก่สมาชิกของหอการค้าไม่ได้ ทรัพย์สินทั้งนั้นจะต้องโอนไปให้แก่นิติบุคคลอื่นที่มีวัตถุที่ประสงค์เกี่ยวกับการกุศลสาธารณะตามที่ระบุไว้ในข้อบังคับของหอการค้า หรือถ้าไม่ได้ระบุไว้ก็ให้เป็นไปตามมติของที่ประชุมใหญ่ว่าจะโอนไปให้แก่นิติบุคคลใดที่มีวัตถุที่ประสงค์เกี่ยวกับการกุศลสาธารณะ ในกรณีนอกจากที่กล่าวมาแล้ว ให้ทรัพย์สินที่เหลือนั้นตกเป็นของรัฐ,1832,161,1993,0.0710197999724187,2.5222187000326812,2.5932385000051,1,1,1.0,1.0,0.0,0.0,0.9163082242012024
480,sparse_rag,การขอตรวจหรือคัดเอกสารตามพระราชบัญญัติหอการค้า พ.ศ. 2509 ต้องดำเนินการอย่างไร,ผู้ประสงค์จะขอตรวจหรือคัดเอกสารตามพระราชบัญญัติหอการค้า พ.ศ. 2509 ต้องยื่นคำขอตามแบบที่นายทะเบียนกลางหอการค้ากำหนด ตามมาตรา 38 แห่งพระราชบัญญัติหอการค้า พ.ศ. 2509,ยื่นคำขอตามแบบที่นายทะเบียนกลางหอการค้ากำหนด,ยื่นคำขอตามแบบที่นายทะเบียนกลางหอการค้ากำหนด คำอธิบายเพิ่มเติม : ตามมาตรา 38 พระราชบัญญัติหอการค้า พ.ศ. 2509 ผู้ใดประสงค์จะขอตรวจหรือคัดเอกสาร หรือขอให้คัดและรับรองสำเนาเอกสารเกี่ยวกับหอการค้า ให้ยื่นคำขอตามแบบที่นายทะเบียนกลางหอการค้ากำหนด,846,90,936,0.15874280000571162,1.4478509000036865,1.6065937000093982,1,1,1.0,1.0,0.0,0.0,0.9449825286865234
481,sparse_rag,ถ้ามีคนใช้ชื่อที่มีอักษรไทยประกอบว่าหอการค้าในป้ายชื่อโดยไม่ได้เป็นหอการค้าทำได้หรือไม่,ไม่ได้ ตามมาตรา 17 แห่งพระราชบัญญัติหอการค้า พ.ศ. 2509 ห้ามมิให้บุคคลใดใช้ชื่อที่มีอักษรไทยประกอบว่า “หอการค้า” ในป้ายชื่อหรือเอกสารอย่างอื่นอันเกี่ยวกับธุรกิจ โดยมิได้เป็นหอการค้า,ทำไม่ได้,ทำไม่ได้ คำอธิบายขยายความเพิ่มเติมตามพระราชบัญญัติหอการค้า พ.ศ. 2509 มาตรา 17 ห้ามไม่ให้บุคคลใดใช้ชื่อที่มีอักษรไทยประกอบว่า “หอการค้า” ป้ายชื่อ โดยไม่ได้เป็นหอการค้า,1119,110,1229,0.1452114999992773,2.0688564000301994,2.2140679000294767,1,1,1.0,0.5,0.0,0.0,0.9523682594299316
482,sparse_rag,ผู้ใดมีอำนาจเปรียบเทียบปรับได้ในความผิดตามกฎหมายว่าด้วยหอการค้าที่มีโทษปรับสถานเดียว,ตามมาตรา 60/1 แห่งพระราชบัญญัติหอการค้า พ.ศ. 2509 ผู้มีอำนาจเปรียบเทียบปรับได้ในความผิดที่มีโทษปรับสถานเดียว คือ อธิบดีกรมพัฒนาธุรกิจการค้า หรือผู้ซึ่งอธิบดีกรมพัฒนาธุรกิจการค้ามอบหมาย,อธิบดีกรมพัฒนาธุรกิจการค้า หรือผู้ซึ่งอธิบดีกรมพัฒนาธุรกิจการค้าได้มอบหมาย,"อธิบดีกรมพัฒนาธุรกิจการค้า หรือผู้ซึ่งอธิบดีกรมพัฒนาธุรกิจการค้าได้มอบหมาย    


ตามพระราชบัญญัติหอการค้า พ.ศ. 2509 มาตรา 60/1 ความผิดตามพระราชบัญญัตินี้ที่มีโทษปรับสถานเดียว ให้อธิบดีกรมพัฒนาธุรกิจการค้าหรือผู้ซึ่งอธิบดีกรมพัฒนาธุรกิจการค้ามอบหมายมีอำนาจเปรียบเทียบได้ และเมื่อผู้กระทำความผิดได้ชำระค่าปรับตามที่ได้เปรียบเทียบแล้ว ให้คดีเลิกกันตามประมวลกฎหมายวิธีพิจารณาความอาญา",1028,116,1144,0.13342219998594373,2.2314288999768905,2.3648510999628343,1,1,1.0,1.0,0.0,0.0,0.9301758408546448
483,sparse_rag,สมาชิกหอการค้าจะขอตรวจสอบหอการค้าได้ไหม,สมาชิกหอการค้ามีสิทธิขอตรวจสอบกิจการและทรัพย์สินของหอการค้าได้ โดยยื่นคำขอเป็นหนังสือต่อหอการค้า ตามมาตรา 27 แห่งพระราชบัญญัติหอการค้า พ.ศ. 2509,สมาชิกของหอการค้ามีสิทธิขอตรวจสอบกิจการและทรัพย์สินของหอการค้าได้ โดยยื่นคำขอเป็นหนังสือต่อหอการค้า,สมาชิกของหอการค้ามีสิทธิขอตรวจสอบกิจการและทรัพย์สินของหอการค้าได้ โดยยื่นคำขอเป็นหนังสือต่อหอการค้า คำอธิบายขยายความ: พระราชบัญญัติหอการค้า พ.ศ. 2509 มาตรา 27 สมาชิกของหอการค้ามีสิทธิขอตรวจสอบกิจการและทรัพย์สินของหอการค้าได้ โดยยื่นคำขอเป็นหนังสือต่อหอการค้า,808,86,894,0.13200839998899028,1.6616977999801748,1.793706199969165,1,1,1.0,1.0,0.0,0.0,0.9702622890472412
484,sparse_rag,หากลงมติฝ่าฝืนกฎหมายในที่ประชุมใหญ่หอการค้า จะต้องดำเนินการอย่างไรต่อไป,หากที่ประชุมใหญ่ของหอการค้าลงมติฝ่าฝืนกฎหมาย สมาชิกคนใดคนหนึ่งหรือพนักงานเจ้าหน้าที่สามารถร้องขอให้ศาลเพิกถอนมติดังกล่าวได้ โดยต้องกระทำภายในกำหนด 30 วันนับแต่วันที่มีมติ ตามมาตรา 42 แห่งพระราชบัญญัติหอการค้า พ.ศ. 2509.,ดำเนินการโดยให้ผู้ร้องขอศาลเพิกถอนมติที่ประชุมใหญ่ ซึ่งแบ่งได้เป็น 2 กรณี 1.สมาชิก =>ต้องทำภายใน 30 วันนับแต่ลงมติ 2.พนักงานเจ้าหน้าที่ =>ไม่ได้กำหนดระยะเวลา,ดำเนินการโดยให้ผู้ร้องขอศาลเพิกถอนมติที่ประชุมใหญ่ ซึ่งแบ่งได้เป็น 2 กรณี 1.สมาชิก =>ต้องทำภายใน 30 วันนับแต่ลงมติ 2.พนักงานเจ้าหน้าที่ =>ไม่ได้กำหนดระยะเวลา  พระราชบัญญัติหอการค้า พ.ศ. 2509 มาตรา 42  ถ้าที่ประชุมใหญ่ของหอการค้าลงมติอันเป็นการฝ่าฝืนกฎหมาย หรือข้อบังคับของหอการค้า เมื่อสมาชิกคนหนึ่งคนใดร้องขอภายใน 30 วันนับแต่ได้ลงมตินั้น หรือพนักงานเจ้าหน้าที่ร้องขอ ให้ศาลเพิกถอนมติของที่ประชุมใหญ่นั้น,995,121,1116,0.14956990000791848,2.142480499984231,2.2920503999921493,1,1,1.0,1.0,0.25,0.25,0.9411910772323608
485,sparse_rag,กฎหมายระดับพระราชบัญญัติเกี่ยวกับหอการค้ามีชื่อเรียกว่าอะไร,กฎหมายระดับพระราชบัญญัติเกี่ยวกับหอการค้ามีชื่อเรียกว่า “พระราชบัญญัติหอการค้า พ.ศ. 2509” ตามมาตรา 1 แห่งพระราชบัญญัติดังกล่าว,เรียกว่าพระราชบัญญัติหอการค้า พ.ศ. 2509,เรียกว่าพระราชบัญญัติหอการค้า พ.ศ. 2509,916,73,989,0.15457620000233874,1.1812235999968834,1.3357997999992222,1,1,1.0,1.0,1.0,1.0,0.917592465877533
486,sparse_rag,ผู้ประกอบพาณิชยกิจยื่นคำขอจดทะเบียนพาณิชย์ต้องดำเนินการขอจดทะเบียนพาณิชย์อย่างไร,ผู้ประกอบพาณิชยกิจต้องยื่นคำขอจดทะเบียนพาณิชย์ ณ สำนักงานทะเบียนพาณิชย์แห่งท้องที่ตามแบบที่กำหนดในกฎกระทรวง ภายในสามสิบวันนับแต่วันที่รัฐมนตรีได้ประกาศตามมาตรา 8 แห่งพระราชบัญญัติทะเบียนพาณิชย์ พ.ศ. 2499 มาตรา 11,ผู้ประกอบพาณิชยกิจ ต้องยื่นคำขอจดทะเบียนพาณิชย์ต้องขอจดทะเบียนพาณิชย์ ดังนี้ 1. สถานที่ ณ สำนักงานทะเบียนพาณิชย์แห่งท้องที่ตามแบบที่กำหนดในกฎกระทรวง 2. ระยะเวลา ภายใน 30 วันนับแต่วันที่รัฐมนตรีได้ประกาศตามมาตรา 8 พระราชบัญญัติทะเบียนพาณิชย์ พ.ศ. 2499,"ผู้ประกอบพาณิชยกิจ ต้องยื่นคำขอจดทะเบียนพาณิชย์ต้องขอจดทะเบียนพาณิชย์ ดังนี้ 
1. สถานที่ ณ สำนักงานทะเบียนพาณิชย์แห่งท้องที่ตามแบบที่กำหนดในกฎกระทรวง  
2. ระยะเวลา ภายใน 30 วันนับแต่วันที่รัฐมนตรีได้ประกาศตามมาตรา 8 พระราชบัญญัติทะเบียนพาณิชย์ พ.ศ. 2499  

ทั้งนี้ ตามพระราชบัญญัติทะเบียนพาณิชย์ พ.ศ. 2499 มาตรา 11 กรณีผู้ประกอบพาณิชยกิจผู้ใดประกอบพาณิชยกิจภายหลังวันที่รัฐมนตรีได้ประกาศตามมาตรา 8 พระราชบัญญัติทะเบียนพาณิชย์ พ.ศ. 2499  ให้ยื่นคำขอจดทะเบียนพาณิชย์ภายใน 30 วันนับแต่วันที่เริ่มประกอบพาณิชยกิจนั้น กำหนดเวลาที่กล่าวในมาตรานี้ ถ้ารัฐมนตรีเห็นเป็นการสมควรก็ให้มีอำนาจประกาศขยายเวลาต่อไปอีกได้",1080,121,1201,0.14977459999499843,2.246652300003916,2.3964268999989145,1,0,0.5,0.5,0.4,0.4,0.9352773427963257
487,sparse_rag,การกระทำใดที่ต้องยื่นคำขอจดทะเบียน ณ สำนักงานทะเบียนพาณิชย์แห่งท้องที่,การเปลี่ยนแปลงรายการใด ๆ ตามที่ระบุไว้ในมาตรา 12 ของการจดทะเบียนพาณิชย์ และการเลิกประกอบพาณิชยกิจโดยเหตุใด ๆ ต้องยื่นคำขอจดทะเบียน ณ สำนักงานทะเบียนพาณิชย์แห่งท้องที่ตามแบบที่กำหนดในกฎกระทรวงภายในสามสิบวันนับแต่วันเปลี่ยนแปลงหรือเลิกประกอบพาณิชยกิจ ตามมาตรา 13 แห่งพระราชบัญญัติทะเบียนพาณิชย์ พ.ศ. 2499,การเปลี่ยนแปลงรายการใด ๆ ตามที่ระบุไว้ในมาตรา 12 พระราชบัญญัติทะเบียนพาณิชย์ พ.ศ. 2499 2 การเลิกประกอบพาณิชยกิจโดยเหตุใด ๆ,การกระทำ ดังนี้ ที่ต้องยื่นคำขอจดทะเบียน ณ สำนักงานทะเบียนพาณิชย์แห่งท้องที่ 1 การเปลี่ยนแปลงรายการใด ๆ ตามที่ระบุไว้ในมาตรา 12 พระราชบัญญัติทะเบียนพาณิชย์ พ.ศ. 2499 2 การเลิกประกอบพาณิชยกิจโดยเหตุใด ๆ   พระราชบัญญัติทะเบียนพาณิชย์ พ.ศ. 2499 มาตรา 13  โดยต้องทำตามแบบที่กำหนดในกฎกระทรวงภายใน 30 วันนับแต่วันเปลี่ยนแปลงหรือเลิก,1074,164,1238,0.13313679996645078,3.0804499000078067,3.2135866999742575,1,0,0.5,1.0,0.6666666666666666,0.6666666666666666,0.9398532509803772
488,sparse_rag,ถ้าผู้ถูกสั่งถอนใบทะเบียนพาณิชย์ประกอบพาณิชยกิจ มีโทษอย่างไร,ผู้ถูกสั่งถอนใบทะเบียนพาณิชย์ห้ามประกอบพาณิชยกิจต่อไป เว้นแต่รัฐมนตรีจะสั่งให้รับจดทะเบียนพาณิชย์ใหม่ตามมาตรา 16 แห่งพระราชบัญญัติทะเบียนพาณิชย์ พ.ศ. 2499,มีความผิดต้องระวางโทษปรับไม่เกินหนึ่งหมื่นบาท หรือจำคุกไม่เกินหนึ่งปี หรือทั้งปรับทั้งจำ,มีความผิดต้องระวางโทษปรับไม่เกินหนึ่งหมื่นบาท หรือจำคุกไม่เกินหนึ่งปี หรือทั้งปรับทั้งจำ,1405,102,1507,0.1483087000087835,2.0169693999923766,2.16527810000116,1,0,0.5,0.0,0.0,0.0,0.6249486804008484
489,sparse_rag,ผู้ประกอบพาณิชยกิจสำนักงานแห่งใหญ่ตั้งอยู่ในราชอาณาจักร ให้จดทะเบียน ณ ที่ใด,ผู้ประกอบพาณิชยกิจที่สำนักงานแห่งใหญ่ตั้งอยู่ในราชอาณาจักร ให้จดทะเบียน ณ สำนักงานทะเบียนพาณิชย์ในท้องที่ที่สำนักงานแห่งใหญ่นั้นตั้งอยู่ ตามมาตรา 10 แห่งพระราชบัญญัติทะเบียนพาณิชย์ พ.ศ. 2499,สำนักงานแห่งใหญ่อยู่ในท้องที่ใด ให้จดทะเบียน ณ สำนักงานทะเบียนพาณิชย์ในท้องที่นั้น,สำนักงานแห่งใหญ่อยู่ในท้องที่ใด ให้จดทะเบียน ณ สำนักงานทะเบียนพาณิชย์ในท้องที่นั้น  พระราชบัญญัติทะเบียนพาณิชย์ พ.ศ. 2499 มาตรา 10 การจดทะเบียนนั้น ผู้ประกอบพาณิชยกิจตั้งสำนักงานแห่งใหญ่อยู่ในท้องที่ใด ให้จดทะเบียน ณ สำนักงานทะเบียนพาณิชย์ในท้องที่นั้น ถ้าสำนักงานแห่งใหญ่ตั้งอยู่ในต่างประเทศ และมาประกอบพาณิชยกิจในประเทศไทย สำนักงานสาขาใหญ่ตั้งอยู่ในท้องที่ใด ให้จดทะเบียน ณ สำนักงานทะเบียนพาณิชย์ในท้องที่นั้น ในกรณีที่รัฐมนตรีประกาศกำหนดให้กรมพัฒนาธุรกิจการค้ารับจดทะเบียนพาณิชยกิจประเภทใด ให้ผู้ประกอบพาณิชยกิจประเภทดังกล่าวจดทะเบียน ณ สำนักงานทะเบียนพาณิชย์ กรมพัฒนาธุรกิจการค้า ในท้องที่ที่สำนักงานแห่งใหญ่หรือสำนักงานสาขาใหญ่ตั้งอยู่ แล้วแต่กรณี,1461,117,1578,0.14246549998642877,2.0352079000440426,2.1776734000304714,1,1,1.0,1.0,0.0,0.0,0.9042757749557495
490,sparse_rag,การค้าเร่ การค้าแผงลอยอยู่ภายใต้การบังคับใช้ตามพระราชบัญญัติทะเบียนพาณิชย์หรือไม่,"ไม่อยู่ภายใต้การบังคับใช้ตามพระราชบัญญัติทะเบียนพาณิชย์ พ.ศ. 2499 เนื่องจากมาตรา 7 ของพระราชบัญญัติดังกล่าวระบุชัดว่า พระราชบัญญัตินี้มิให้ใช้บังคับแก่ ""การค้าเร่ การค้าแผงลอย""",การค้าเร่ การค้าแผงลอยไม่อยู่ภายใต้การบังคับใช้ตามพระราชบัญญัติทะเบียนพาณิชย์,"การค้าเร่ การค้าแผงลอยไม่อยู่ภายใต้การบังคับใช้

ตามพระราชบัญญัติทะเบียนพาณิชย์ คำอธิบายขยายความเพิ่มเติมตามพระราชบัญญัติทะเบียนพาณิชย์ พ.ศ. 2499 มาตรา 7 พระราชบัญญัตินี้ไม่ให้ใช้บังคับแก่ (1) การค้าเร่ การค้าแผงลอย",1098,101,1199,0.13366549997590482,1.7545917000388727,1.8882572000147775,1,1,1.0,1.0,0.0,0.0,0.9433020949363708
491,sparse_rag,นายทะเบียนพาณิชย์ตามกฎหมายว่าด้วยทะเบียนพาณิชย์ มีอำนาจอย่างไรบ้าง,"นายทะเบียนพาณิชย์ตามกฎหมายว่าด้วยทะเบียนพาณิชย์ ไม่ได้รับการกล่าวถึงในบริบทที่ให้มา ซึ่งกฎหมายที่กล่าวถึงนายทะเบียนในบริบทนี้คือ ""นายทะเบียน"" ตามพระราชบัญญัติการประกอบธุรกิจของคนต่างด้าว พ.ศ. 2542 มาตรา 46 ซึ่งให้อำนาจแก่รัฐมนตรีว่าการกระทรวงพาณิชย์ในการแต่งตั้งนายทะเบียนและพนักงานเจ้าหน้าที่ รวมถึงออกกฎกระทรวงกำหนดค่าธรรมเนียม ยกเว้นค่าธรรมเนียม และกำหนดกิจการอื่นเพื่อปฏิบัติการตามพระราชบัญญัตินี้ อย่างไรก็ตาม ไม่พบข้อมูลที่ตรงกับคำถามในฐานข้อมูลกฎหมายที่มีอยู่",นายทะเบียนพาณิชย์มีอำนาจออกคำสั่งเรียกผู้ประกอบพาณิชยกิจมาสอบสวนข้อความที่เกี่ยวกับการจดทะเบียนได้ และมีอำนาจเข้าไปตรวจสอบในสำนักงานของผู้ประกอบพาณิชยกิจด้วย.,นายทะเบียนพาณิชย์มีอำนาจออกคำสั่งเรียกผู้ประกอบพาณิชยกิจมาสอบสวนข้อความที่เกี่ยวกับการจดทะเบียนได้ และมีอำนาจเข้าไปตรวจสอบในสำนักงานของผู้ประกอบพาณิชยกิจด้วย คำอธิบายขยายความ: ตามพระราชบัญญัติทะเบียนพาณิชย์ พ.ศ. 2499 มาตรา 17 นายทะเบียนพาณิชย์มีอำนาจออกคำสั่งเรียกผู้ประกอบพาณิชยกิจมาสอบสวนข้อความที่เกี่ยวกับการจดทะเบียน และมีอำนาจเข้าไปตรวจสอบในสำนักงานของผู้ประกอบพาณิชยกิจในระหว่างเวลาทำงาน โดยผู้ประกอบพาณิชยกิจต้องอำนวยความสะดวกให้แก่นายทะเบียนพาณิชย์และพนักงานเจ้าหน้าที่ตามสมควรด้วย,1121,246,1367,0.15849030000390485,4.655678300012369,4.814168600016274,0,0,0.0,0.0,0.0,0.0,0.830929160118103
492,sparse_rag,การประกอบพาณิชยกิจซึ่งจดทะเบียนไว้ก่อนวันที่พระราชบัญญัติทะเบียนพาณิชย์ พ.ศ. 2499 ใช้บังคับได้หรือไม่,ได้ ตามมาตรา 22 แห่งพระราชบัญญัติทะเบียนพาณิชย์ พ.ศ. 2499 การประกอบพาณิชยกิจที่จดทะเบียนไว้ก่อนวันที่พระราชบัญญัตินี้ใช้บังคับ ให้ถือว่าเป็นอันใช้ได้ จนกว่ารัฐมนตรีจะประกาศยกเลิกการจดทะเบียนนั้น,ใช้บังคับได้ จนกว่ารัฐมนตรีจะได้ประกาศในราชกิจจานุเบกษาให้ยกเลิกการจดทะเบียน,"ใช้บังคับได้ จนกว่ารัฐมนตรีจะได้ประกาศในราชกิจจานุเบกษาให้ยกเลิกการจดทะเบียน 

 ตามมาตรา 22 วรรค 1 พระราชบัญญัติทะเบียนพาณิชย์ พ.ศ. 2499 การประกอบพาณิชยกิจซึ่งจดทะเบียนไว้ก่อนวันที่พระราชบัญญัตินี้ใช้บังคับ ให้เป็นอันใช้ได้ จนกว่ารัฐมนตรีจะได้ประกาศในราชกิจจานุเบกษาให้ยกเลิกการจดทะเบียนนั้น และเมื่อได้ประกาศยกเลิกการจดทะเบียนพาณิชย์ในท้องที่ใดแล้ว ให้ผู้ประกอบพาณิชยกิจซึ่งถูกยกเลิกการจดทะเบียนพาณิชย์ในท้องที่นั้นยื่นคำขอจดทะเบียนใหม่ภายในหกสิบวันนับแต่วันประกาศ",1262,116,1378,0.141902300005313,2.1796478999895044,2.3215501999948174,1,1,1.0,0.5,0.0,0.0,0.9021860361099243
493,sparse_rag,ถ้าใบทะเบียนพาณิชย์หายต้องทำยังไง,หากใบทะเบียนพาณิชย์สูญหาย ให้ผู้ประกอบพาณิชยกิจยื่นคำขอรับใบแทนใบทะเบียนพาณิชย์ภายใน 30 วันนับแต่วันที่สูญหาย ตามมาตรา 14 แห่งพระราชบัญญัติทะเบียนพาณิชย์ พ.ศ. 2499 และต้องแสดงใบทะเบียนพาณิชย์หรือใบแทนใบทะเบียนพาณิชย์ไว้ ณ สำนักงานในที่เปิดเผยซึ่งอาจเห็นได้ง่าย,ผู้ประกอบพาณิชยกิจต้องยื่นคำขอรับใบแทนใบทะเบียนพาณิชย์ภายใน 30 วันนับแต่วันที่สูญหาย,ผู้ประกอบพาณิชยกิจต้องยื่นคำขอรับใบแทนใบทะเบียนพาณิชย์ภายใน 30 วันนับแต่วันที่สูญหาย  พระราชบัญญัติทะเบียนพาณิชย์ พ.ศ. 2499 มาตรา 14  เมื่อนายทะเบียนพาณิชย์ได้รับคำขอจดทะเบียน และเห็นว่าคำขอนั้นถูกต้องตามพระราชบัญญัติ กฎกระทรวง และประกาศซึ่งออกตามพระราชบัญญัตินี้แล้ว ให้รับจดทะเบียนไว้และให้ออกใบทะเบียนพาณิชย์ให้แก่ผู้ขอ กรณีใบทะเบียนพาณิชย์สูญหาย ให้ผู้ประกอบพาณิชยกิจยื่นคำขอรับใบแทนใบทะเบียนพาณิชย์ภายใน 30 วันนับแต่วันที่สูญหาย ให้ผู้ประกอบพาณิชยกิจแสดงใบทะเบียนพาณิชย์ หรือใบแทนใบทะเบียนพาณิชย์ไว้ ณ สำนักงานในที่เปิดเผยซึ่งอาจเห็นได้ง่าย,1166,158,1324,0.1314348000450991,2.3707628999836743,2.5021977000287734,1,1,1.0,1.0,1.0,1.0,0.9549121856689453
494,sparse_rag,จดทะเบียนพาณิชย์ต้องมีรายการอะไรบ้าง,"การจดทะเบียนพาณิชย์ต้องมีรายการดังต่อไปนี้ ตามมาตรา 12 แห่งพระราชบัญญัติทะเบียนพาณิชย์ พ.ศ. 2499 ได้แก่  
(1) ชื่อ อายุ เชื้อชาติ สัญชาติ และตำบลที่อยู่ของผู้ประกอบพาณิชยกิจ  
(2) ชื่อที่ใช้ในการประกอบพาณิชยกิจ  
(3) ชนิดแห่งพาณิชยกิจ  
(4) จำนวนเงินทุนซึ่งนำมาใช้ในการประกอบพาณิชยกิจเป็นประจำ  
(5) ที่ตั้งสำนักงานแห่งใหญ่ สาขา โรงเก็บสินค้า และตัวแทนค้าต่าง  
(6) ชื่อ อายุ เชื้อชาติ สัญชาติ ตำบลที่อยู่ และจำนวนทุนลงหุ้นของผู้เป็นหุ้นส่วนในห้างหุ้นส่วน และจำนวนเงินทุนของห้างหุ้นส่วน  
(7) จำนวนเงินทุน จำนวนหุ้น และมูลค่าหุ้นของบริษัทจำกัด จำนวน และมูลค่าหุ้นที่บุคคลแต่ละสัญชาติถืออยู่  
(8) วันที่เริ่มต้นประกอบพาณิชยกิจในประเทศไทย  
(9) วันขอจดทะเบียนพาณิชย์  
(10) ชื่อที่ใช้ในการประกอบพาณิชยกิจ ชื่อ สัญชาติ และตำบลที่อยู่ของผู้โอนพาณิชยกิจให้ วันที่ และเหตุที่ได้รับโอน",การจดทะเบียนพาณิชย์นั้น ให้มีรายการ ดังต่อไปนี้ (1) ชื่อ อายุ เชื้อชาติ สัญชาติ และตำบลที่อยู่ของผู้ประกอบพาณิชยกิจ (2) ชื่อที่ใช้ในการประกอบพาณิชยกิจ (3) ชนิดแห่งพาณิชยกิจ (4) จำนวนเงินทุนซึ่งนำมาใช้ในการประกอบพาณิชยกิจเป็นประจำ (5) ที่ตั้งสำนักงานแห่งใหญ่ สาขา โรงเก็บสินค้า และตัวแทนค้าต่าง (6) ชื่อ อายุ เชื้อชาติ สัญชาติ ตำบลที่อยู่ และจำนวนทุนลงหุ้นของผู้เป็นหุ้นส่วนในห้างหุ้นส่วน และจำนวนเงินทุนของห้างหุ้นส่วน (7) จำนวนเงินทุน จำนวนหุ้น และมูลค่าหุ้นของบริษัทจำกัด จำนวน และมูลค่าหุ้นที่บุคคลแต่ละสัญชาติถืออยู่ (8) วันที่เริ่มต้นประกอบพาณิชยกิจในประเทศไทย (9) วันขอจดทะเบียนพาณิชย์ (10) ชื่อที่ใช้ในการประกอบพาณิชยกิจ ชื่อ สัญชาติ และตำบลที่อยู่ของผู้โอนพาณิชยกิจให้ วันที่ และเหตุที่ได้รับโอน,การจดทะเบียนพาณิชย์นั้น ให้มีรายการ ดังต่อไปนี้ (1) ชื่อ อายุ เชื้อชาติ สัญชาติ และตำบลที่อยู่ของผู้ประกอบพาณิชยกิจ (2) ชื่อที่ใช้ในการประกอบพาณิชยกิจ (3) ชนิดแห่งพาณิชยกิจ (4) จำนวนเงินทุนซึ่งนำมาใช้ในการประกอบพาณิชยกิจเป็นประจำ (5) ที่ตั้งสำนักงานแห่งใหญ่ สาขา โรงเก็บสินค้า และตัวแทนค้าต่าง (6) ชื่อ อายุ เชื้อชาติ สัญชาติ ตำบลที่อยู่ และจำนวนทุนลงหุ้นของผู้เป็นหุ้นส่วนในห้างหุ้นส่วน และจำนวนเงินทุนของห้างหุ้นส่วน (7) จำนวนเงินทุน จำนวนหุ้น และมูลค่าหุ้นของบริษัทจำกัด จำนวน และมูลค่าหุ้นที่บุคคลแต่ละสัญชาติถืออยู่ (8) วันที่เริ่มต้นประกอบพาณิชยกิจในประเทศไทย (9) วันขอจดทะเบียนพาณิชย์ (10) ชื่อที่ใช้ในการประกอบพาณิชยกิจ ชื่อ สัญชาติ และตำบลที่อยู่ของผู้โอนพาณิชยกิจให้ วันที่ และเหตุที่ได้รับโอน   พระราชบัญญัติทะเบียนพาณิชย์ พ.ศ. 2499 มาตรา 12 การจดทะเบียนพาณิชย์นั้น ให้มีรายการ ดังต่อไปนี้ (1) ชื่อ อายุ เชื้อชาติ สัญชาติ และตำบลที่อยู่ของผู้ประกอบพาณิชยกิจ (2) ชื่อที่ใช้ในการประกอบพาณิชยกิจ (3) ชนิดแห่งพาณิชยกิจ (4) จำนวนเงินทุนซึ่งนำมาใช้ในการประกอบพาณิชยกิจเป็นประจำ (5) ที่ตั้งสำนักงานแห่งใหญ่ สาขา โรงเก็บสินค้า และตัวแทนค้าต่าง (6) ชื่อ อายุ เชื้อชาติ สัญชาติ ตำบลที่อยู่ และจำนวนทุนลงหุ้นของผู้เป็นหุ้นส่วนในห้างหุ้นส่วน และจำนวนเงินทุนของห้างหุ้นส่วน (7) จำนวนเงินทุน จำนวนหุ้น และมูลค่าหุ้นของบริษัทจำกัด จำนวน และมูลค่าหุ้นที่บุคคลแต่ละสัญชาติถืออยู่ (8) วันที่เริ่มต้นประกอบพาณิชยกิจในประเทศไทย (9) วันขอจดทะเบียนพาณิชย์ (10) ชื่อที่ใช้ในการประกอบพาณิชยกิจ ชื่อ สัญชาติ และตำบลที่อยู่ของผู้โอนพาณิชยกิจให้ วันที่ และเหตุที่ได้รับโอน,1625,459,2084,0.1559815999935381,7.400080400053412,7.55606200004695,1,1,1.0,1.0,1.0,1.0,0.9641329050064087
495,sparse_rag,กิจการพาณิชย์คืออะไร,กิจการพาณิชย์ หมายถึง กิจการที่จัดอยู่ในลักษณะต่าง ๆ ตามที่กำหนดไว้ในมาตรา 6 แห่งพระราชบัญญัติทะเบียนพาณิชย์ พ.ศ. 2499 เช่น การซื้อขาย การให้เช่า การเป็นนายหน้า การขนส่ง การรับจ้างทำของ การให้กู้ยืมเงิน การรับประกันภัย เป็นต้น ซึ่งเป็นกิจกรรมที่เกิดขึ้นในวงการพาณิชย์และต้องจดทะเบียนตามกฎหมาย.,กิจการดังต่อไปนี้เป็นพาณิชยกิจตามความหมายแห่งพระราชบัญญัตินี้ (1) การซื้อ การขาย การขายทอดตลาด การแลกเปลี่ยน (2) การให้เช่า การให้เช่าซื้อ (3) การเป็นนายหน้าหรือตัวแทนค้าต่าง (4) การขนส่ง (5) การหัตถกรรม การอุตสาหกรรม (6) การรับจ้างทำของ (7) การให้กู้ยืมเงิน การรับจำนำ การรับจำนอง (8) การคลังสินค้า (9) การรับแลกเปลี่ยนหรือซื้อขายเงินตราต่างประเทศ การซื้อ หรือขายตั๋วเงิน การธนาคาร การเครดิตฟองซิเอร์ การโพยก๊วน (10) การรับประกันภัย (11) กิจการอื่นซึ่งกำหนดโดยพระราชกฤษฎีกา,กิจการดังต่อไปนี้เป็นพาณิชยกิจตามความหมายแห่งพระราชบัญญัตินี้ (1) การซื้อ การขาย การขายทอดตลาด การแลกเปลี่ยน (2) การให้เช่า การให้เช่าซื้อ (3) การเป็นนายหน้าหรือตัวแทนค้าต่าง (4) การขนส่ง (5) การหัตถกรรม การอุตสาหกรรม (6) การรับจ้างทำของ (7) การให้กู้ยืมเงิน การรับจำนำ การรับจำนอง (8) การคลังสินค้า (9) การรับแลกเปลี่ยนหรือซื้อขายเงินตราต่างประเทศ การซื้อ หรือขายตั๋วเงิน การธนาคาร การเครดิตฟองซิเอร์ การโพยก๊วน (10) การรับประกันภัย (11) กิจการอื่นซึ่งกำหนดโดยพระราชกฤษฎีกา   พระราชบัญญัติทะเบียนพาณิชย์ พ.ศ. 2499 มาตรา 6 ให้ถือกิจการดังต่อไปนี้เป็นพาณิชยกิจตามความหมายแห่งพระราชบัญญัตินี้ (1) การซื้อ การขาย การขายทอดตลาด การแลกเปลี่ยน (2) การให้เช่า การให้เช่าซื้อ (3) การเป็นนายหน้าหรือตัวแทนค้าต่าง (4) การขนส่ง (5) การหัตถกรรม การอุตสาหกรรม (6) การรับจ้างทำของ (7) การให้กู้ยืมเงิน การรับจำนำ การรับจำนอง (8) การคลังสินค้า (9) การรับแลกเปลี่ยนหรือซื้อขายเงินตราต่างประเทศ การซื้อ หรือขายตั๋วเงิน การธนาคาร การเครดิตฟองซิเอร์ การโพยก๊วน (10) การรับประกันภัย (11) กิจการอื่นซึ่งกำหนดโดยพระราชกฤษฎีกา,1103,162,1265,0.14285250002285466,2.367147999990266,2.5100005000131205,1,1,1.0,1.0,0.09090909090909091,0.09090909090909091,0.7895512580871582
496,sparse_rag,กรรมการตามพระราชบัญญัติทะเบียนพาณิชย์มีอำนาจหน้าที่อย่างไร,กรรมการตามพระราชบัญญัติทะเบียนพาณิชย์ พ.ศ. 2499 มาตรา 16 มีอำนาจหน้าที่พิจารณาและให้คำแนะนำแก่รัฐมนตรีในการถอนใบทะเบียนพาณิชย์ของผู้ประกอบพาณิชยกิจที่กระทำฉ้อโกงประชาชน ปนสินค้าโดยเจตนาทุจริต ปลอมสินค้า หรือกระทำการทุจริตอื่นอย่างร้ายแรงในการประกอบพาณิชยกิจ และมีอำนาจพิจารณาและให้คำแนะนำในการรับจดทะเบียนพาณิชย์ใหม่ด้วย,มีอำนาจหน้าที่พิจารณาและให้คำแนะนำแก่รัฐมนตรีในการถอนใบทะเบียนพาณิชย์ของผู้ประกอบพาณิชยกิจซึ่งกระทำการฉ้อโกงประชาชนปนสินค้าโดยเจตนาทุจริต ปลอมสินค้า หรือกระทำการทุจริตอื่นใดอย่างร้ายแรงในการประกอบพาณิชยกิจ,มีอำนาจหน้าที่พิจารณาและให้คำแนะนำแก่รัฐมนตรีในการถอนใบทะเบียนพาณิชย์ของผู้ประกอบพาณิชยกิจซึ่งกระทำการฉ้อโกงประชาชนปนสินค้าโดยเจตนาทุจริต ปลอมสินค้า หรือกระทำการทุจริตอื่นใดอย่างร้ายแรงในการประกอบพาณิชยกิจ  ตามพระราชบัญญัติทะเบียนพาณิชย์ พ.ศ. 2499 มาตรา 16 ให้มีกรรมการขึ้นคณะหนึ่ง มีจำนวนไม่น้อยกว่าห้าคนแต่ไม่เกินเจ็ดคน ซึ่งคณะรัฐมนตรีแต่งตั้ง มีอำนาจหน้าที่พิจารณาและให้คำแนะนำแก่รัฐมนตรีในการถอนใบทะเบียนพาณิชย์ของผู้ประกอบพาณิชยกิจซึ่งกระทำการฉ้อโกงประชาชนปนสินค้าโดยเจตนาทุจริต ปลอมสินค้า หรือกระทำการทุจริตอื่นใดอย่างร้ายแรงในการประกอบพาณิชยกิจ และให้มีอำนาจพิจารณาและให้คำแนะนำในการรับจดทะเบียนพาณิชย์ใหม่ด้วย,1145,173,1318,0.14448379998793826,3.15468839998357,3.2991721999715082,1,1,1.0,1.0,0.0,0.0,0.9390809535980225
